0.000000000000000000e+00 9.028592734614557793e-312 0.000000000000000000e+00
1.051999999999999957e+01 -1.957300000000000182e+02 -1.406100000000000136e+03
2.089999999999999858e+00 -1.868799999999999955e+02 -1.405630000000000109e+03
-6.209999999999999964e+00 -1.762800000000000011e+02 -1.405420000000000073e+03
-1.309999999999999964e+01 -1.647400000000000091e+02 -1.405299999999999955e+03
-1.860999999999999943e+01 -1.525699999999999932e+02 -1.405630000000000109e+03
-2.242999999999999972e+01 -1.397299999999999898e+02 -1.405509999999999991e+03
-2.460999999999999943e+01 -1.264600000000000080e+02 -1.405600000000000136e+03
-2.512999999999999901e+01 -1.127699999999999960e+02 -1.405600000000000136e+03
-2.387999999999999901e+01 -9.953000000000000114e+01 -1.405769999999999982e+03
-2.101000000000000156e+01 -8.642000000000000171e+01 -1.406480000000000018e+03
1.052999999999999936e+01 -1.957500000000000000e+02 -1.406059999999999945e+03
2.080000000000000071e+00 -1.868799999999999955e+02 -1.405640000000000100e+03
-6.209999999999999964e+00 -1.763000000000000114e+02 -1.405430000000000064e+03
-1.308999999999999986e+01 -1.647599999999999909e+02 -1.405289999999999964e+03
-1.862000000000000099e+01 -1.525699999999999932e+02 -1.405630000000000109e+03
-2.242999999999999972e+01 -1.397500000000000000e+02 -1.405509999999999991e+03
-2.462000000000000099e+01 -1.264600000000000080e+02 -1.405610000000000127e+03
-2.515000000000000213e+01 -1.127600000000000051e+02 -1.405600000000000136e+03
-2.385999999999999943e+01 -9.957000000000000739e+01 -1.405970000000000027e+03
-2.101000000000000156e+01 -8.640999999999999659e+01 -1.406470000000000027e+03
1.050999999999999979e+01 -1.957400000000000091e+02 -1.406079999999999927e+03
2.020000000000000018e+00 -1.868300000000000125e+02 -1.405630000000000109e+03
-6.250000000000000000e+00 -1.762500000000000000e+02 -1.405440000000000055e+03
-1.313000000000000078e+01 -1.647100000000000080e+02 -1.405289999999999964e+03
-1.862999999999999901e+01 -1.525300000000000011e+02 -1.405579999999999927e+03
-2.255000000000000071e+01 -1.397800000000000011e+02 -1.405809999999999945e+03
-2.462999999999999901e+01 -1.264399999999999977e+02 -1.405620000000000118e+03
-2.514000000000000057e+01 -1.127600000000000051e+02 -1.405610000000000127e+03
-2.387999999999999901e+01 -9.953000000000000114e+01 -1.405960000000000036e+03
-2.103000000000000114e+01 -8.643000000000000682e+01 -1.406460000000000036e+03
1.051999999999999957e+01 -1.957500000000000000e+02 -1.406100000000000136e+03
2.030000000000000249e+00 -1.868499999999999943e+02 -1.405610000000000127e+03
-6.250000000000000000e+00 -1.762700000000000102e+02 -1.405460000000000036e+03
-1.314000000000000057e+01 -1.647299999999999898e+02 -1.405339999999999918e+03
-1.864000000000000057e+01 -1.525300000000000011e+02 -1.405559999999999945e+03
-2.255000000000000071e+01 -1.397800000000000011e+02 -1.405740000000000009e+03
-2.462999999999999901e+01 -1.264600000000000080e+02 -1.405600000000000136e+03
-2.515000000000000213e+01 -1.127699999999999960e+02 -1.405589999999999918e+03
-2.389000000000000057e+01 -9.954999999999999716e+01 -1.405930000000000064e+03
-2.103999999999999915e+01 -8.640999999999999659e+01 -1.406440000000000055e+03
1.050999999999999979e+01 -1.957500000000000000e+02 -1.406079999999999927e+03
2.020000000000000018e+00 -1.868499999999999943e+02 -1.405610000000000127e+03
-6.250000000000000000e+00 -1.762700000000000102e+02 -1.405410000000000082e+03
-1.313000000000000078e+01 -1.647400000000000091e+02 -1.405339999999999918e+03
-1.865000000000000213e+01 -1.525500000000000114e+02 -1.405600000000000136e+03
-2.244999999999999929e+01 -1.397500000000000000e+02 -1.405519999999999982e+03
-2.464000000000000057e+01 -1.264600000000000080e+02 -1.405600000000000136e+03
-2.516000000000000014e+01 -1.127800000000000011e+02 -1.405589999999999918e+03
-2.389000000000000057e+01 -9.953000000000000114e+01 -1.405870000000000118e+03
-2.103000000000000114e+01 -8.642000000000000171e+01 -1.406450000000000045e+03
1.050000000000000000e+01 -1.957599999999999909e+02 -1.406049999999999955e+03
2.020000000000000018e+00 -1.868600000000000136e+02 -1.405620000000000118e+03
-6.259999999999999787e+00 -1.762800000000000011e+02 -1.405430000000000064e+03
-1.314000000000000057e+01 -1.647599999999999909e+02 -1.405329999999999927e+03
-1.864000000000000057e+01 -1.525800000000000125e+02 -1.405569999999999936e+03
-2.246999999999999886e+01 -1.397700000000000102e+02 -1.405480000000000018e+03
-2.465000000000000213e+01 -1.264800000000000040e+02 -1.405549999999999955e+03
-2.516000000000000014e+01 -1.127999999999999972e+02 -1.405610000000000127e+03
-2.392999999999999972e+01 -9.951000000000000512e+01 -1.405779999999999973e+03
-2.105000000000000071e+01 -8.643000000000000682e+01 -1.406410000000000082e+03
1.049000000000000021e+01 -1.957599999999999909e+02 -1.406100000000000136e+03
2.000000000000000000e+00 -1.868400000000000034e+02 -1.405630000000000109e+03
-6.270000000000000462e+00 -1.762700000000000102e+02 -1.405460000000000036e+03
-1.314000000000000057e+01 -1.647599999999999909e+02 -1.405279999999999973e+03
-1.865000000000000213e+01 -1.525800000000000125e+02 -1.405579999999999927e+03
-2.246000000000000085e+01 -1.397700000000000102e+02 -1.405490000000000009e+03
-2.466000000000000014e+01 -1.264600000000000080e+02 -1.405579999999999927e+03
-2.517000000000000171e+01 -1.127999999999999972e+02 -1.405630000000000109e+03
-2.391000000000000014e+01 -9.956000000000000227e+01 -1.405970000000000027e+03
-2.105000000000000071e+01 -8.643000000000000682e+01 -1.406420000000000073e+03
1.049000000000000021e+01 -1.957700000000000102e+02 -1.406110000000000127e+03
1.989999999999999991e+00 -1.868400000000000034e+02 -1.405630000000000109e+03
-6.270000000000000462e+00 -1.762899999999999920e+02 -1.405440000000000055e+03
-1.314000000000000057e+01 -1.647700000000000102e+02 -1.405319999999999936e+03
-1.866000000000000014e+01 -1.525800000000000125e+02 -1.405579999999999927e+03
-2.248000000000000043e+01 -1.397599999999999909e+02 -1.405529999999999973e+03
-2.466000000000000014e+01 -1.264600000000000080e+02 -1.405589999999999918e+03
-2.517999999999999972e+01 -1.127900000000000063e+02 -1.405600000000000136e+03
-2.392000000000000171e+01 -9.956000000000000227e+01 -1.405900000000000091e+03
-2.105000000000000071e+01 -8.642000000000000171e+01 -1.406400000000000091e+03
1.048000000000000043e+01 -1.957599999999999909e+02 -1.406049999999999955e+03
1.979999999999999982e+00 -1.868400000000000034e+02 -1.405650000000000091e+03
-6.290000000000000036e+00 -1.762800000000000011e+02 -1.405430000000000064e+03
-1.315000000000000036e+01 -1.647500000000000000e+02 -1.405259999999999991e+03
-1.867000000000000171e+01 -1.525600000000000023e+02 -1.405519999999999982e+03
-2.250000000000000000e+01 -1.397500000000000000e+02 -1.405470000000000027e+03
-2.467999999999999972e+01 -1.264399999999999977e+02 -1.405559999999999945e+03
-2.519000000000000128e+01 -1.127800000000000011e+02 -1.405600000000000136e+03
-2.392000000000000171e+01 -9.954999999999999716e+01 -1.405950000000000045e+03
-2.105999999999999872e+01 -8.643000000000000682e+01 -1.406420000000000073e+03
1.046000000000000085e+01 -1.957599999999999909e+02 -1.406089999999999918e+03
1.959999999999999964e+00 -1.868300000000000125e+02 -1.405650000000000091e+03
-6.290000000000000036e+00 -1.762800000000000011e+02 -1.405400000000000091e+03
-1.316999999999999993e+01 -1.647400000000000091e+02 -1.405250000000000000e+03
-1.867999999999999972e+01 -1.525699999999999932e+02 -1.405559999999999945e+03
-2.249000000000000199e+01 -1.397700000000000102e+02 -1.405509999999999991e+03
-2.467999999999999972e+01 -1.264699999999999989e+02 -1.405559999999999945e+03
-2.519999999999999929e+01 -1.127900000000000063e+02 -1.405610000000000127e+03
-2.392999999999999972e+01 -9.956000000000000227e+01 -1.405940000000000055e+03
-2.105999999999999872e+01 -8.642000000000000171e+01 -1.406410000000000082e+03
