5.980000000000000000e+02
7.810000000000000000e+02
9.640000000000000000e+02
1.147000000000000000e+03
1.333000000000000000e+03
1.516000000000000000e+03
1.699000000000000000e+03
1.882000000000000000e+03
2.065000000000000000e+03
2.248000000000000000e+03
2.461000000000000000e+03
2.644000000000000000e+03
2.827000000000000000e+03
3.010000000000000000e+03
3.193000000000000000e+03
3.379000000000000000e+03
3.562000000000000000e+03
3.745000000000000000e+03
3.928000000000000000e+03
4.111000000000000000e+03
4.324000000000000000e+03
4.507000000000000000e+03
4.690000000000000000e+03
4.873000000000000000e+03
5.056000000000000000e+03
5.239000000000000000e+03
5.425000000000000000e+03
5.608000000000000000e+03
5.791000000000000000e+03
5.974000000000000000e+03
6.187000000000000000e+03
6.370000000000000000e+03
6.553000000000000000e+03
6.736000000000000000e+03
6.919000000000000000e+03
7.102000000000000000e+03
7.288000000000000000e+03
7.471000000000000000e+03
7.654000000000000000e+03
7.837000000000000000e+03
8.047000000000000000e+03
8.233000000000000000e+03
8.416000000000000000e+03
8.599000000000000000e+03
8.782000000000000000e+03
8.965000000000000000e+03
9.148000000000000000e+03
9.334000000000000000e+03
9.517000000000000000e+03
9.700000000000000000e+03
9.910000000000000000e+03
1.009300000000000000e+04
1.027900000000000000e+04
1.046200000000000000e+04
1.064500000000000000e+04
1.082800000000000000e+04
1.101100000000000000e+04
1.119400000000000000e+04
1.138000000000000000e+04
1.156300000000000000e+04
1.177300000000000000e+04
1.195600000000000000e+04
1.213900000000000000e+04
1.232500000000000000e+04
1.250800000000000000e+04
1.269100000000000000e+04
1.287400000000000000e+04
1.305700000000000000e+04
1.324000000000000000e+04
1.342600000000000000e+04
1.363600000000000000e+04
1.381900000000000000e+04
1.400200000000000000e+04
1.418500000000000000e+04
1.437100000000000000e+04
1.455400000000000000e+04
1.473700000000000000e+04
1.492000000000000000e+04
1.510600000000000000e+04
1.528600000000000000e+04
1.549900000000000000e+04
1.568200000000000000e+04
1.586800000000000000e+04
1.605100000000000000e+04
1.623400000000000000e+04
1.641700000000000000e+04
1.660000000000000000e+04
1.678300000000000000e+04
1.696600000000000000e+04
1.715200000000000000e+04
1.736200000000000000e+04
1.754500000000000000e+04
1.772800000000000000e+04
1.791400000000000000e+04
1.809700000000000000e+04
1.828000000000000000e+04
1.846300000000000000e+04
1.864600000000000000e+04
1.882900000000000000e+04
1.901500000000000000e+04
