6.460000000000000000e+02
6.640000000000000000e+02
6.850000000000000000e+02
7.060000000000000000e+02
7.240000000000000000e+02
7.450000000000000000e+02
7.660000000000000000e+02
7.840000000000000000e+02
8.050000000000000000e+02
8.260000000000000000e+02
8.440000000000000000e+02
8.650000000000000000e+02
8.830000000000000000e+02
9.040000000000000000e+02
9.250000000000000000e+02
9.430000000000000000e+02
9.640000000000000000e+02
9.850000000000000000e+02
1.003000000000000000e+03
1.024000000000000000e+03
1.045000000000000000e+03
1.063000000000000000e+03
1.084000000000000000e+03
1.105000000000000000e+03
1.123000000000000000e+03
1.144000000000000000e+03
1.162000000000000000e+03
1.183000000000000000e+03
1.201000000000000000e+03
1.222000000000000000e+03
1.240000000000000000e+03
1.258000000000000000e+03
1.279000000000000000e+03
1.300000000000000000e+03
1.318000000000000000e+03
1.339000000000000000e+03
1.360000000000000000e+03
1.378000000000000000e+03
1.399000000000000000e+03
1.417000000000000000e+03
1.438000000000000000e+03
1.456000000000000000e+03
1.477000000000000000e+03
1.498000000000000000e+03
1.516000000000000000e+03
1.534000000000000000e+03
1.555000000000000000e+03
1.576000000000000000e+03
1.594000000000000000e+03
1.612000000000000000e+03
1.633000000000000000e+03
1.654000000000000000e+03
1.672000000000000000e+03
1.693000000000000000e+03
1.714000000000000000e+03
1.732000000000000000e+03
1.753000000000000000e+03
1.771000000000000000e+03
1.792000000000000000e+03
1.813000000000000000e+03
1.831000000000000000e+03
1.852000000000000000e+03
