5.260000000000000000e+02
5.320000000000000000e+02
5.410000000000000000e+02
5.470000000000000000e+02
5.560000000000000000e+02
5.620000000000000000e+02
5.710000000000000000e+02
5.770000000000000000e+02
5.860000000000000000e+02
5.920000000000000000e+02
6.010000000000000000e+02
6.100000000000000000e+02
6.160000000000000000e+02
6.250000000000000000e+02
6.340000000000000000e+02
6.400000000000000000e+02
6.490000000000000000e+02
6.550000000000000000e+02
6.640000000000000000e+02
6.730000000000000000e+02
6.790000000000000000e+02
6.880000000000000000e+02
6.940000000000000000e+02
7.030000000000000000e+02
7.090000000000000000e+02
7.180000000000000000e+02
7.270000000000000000e+02
7.330000000000000000e+02
7.420000000000000000e+02
7.480000000000000000e+02
7.570000000000000000e+02
7.630000000000000000e+02
7.720000000000000000e+02
7.810000000000000000e+02
7.870000000000000000e+02
7.960000000000000000e+02
8.050000000000000000e+02
8.110000000000000000e+02
8.200000000000000000e+02
8.290000000000000000e+02
8.350000000000000000e+02
8.440000000000000000e+02
8.530000000000000000e+02
8.590000000000000000e+02
8.680000000000000000e+02
8.770000000000000000e+02
8.830000000000000000e+02
8.920000000000000000e+02
8.980000000000000000e+02
9.070000000000000000e+02
9.160000000000000000e+02
9.220000000000000000e+02
9.310000000000000000e+02
9.400000000000000000e+02
9.460000000000000000e+02
9.550000000000000000e+02
9.640000000000000000e+02
9.700000000000000000e+02
9.790000000000000000e+02
9.850000000000000000e+02
9.940000000000000000e+02
1.003000000000000000e+03
1.009000000000000000e+03
1.018000000000000000e+03
1.024000000000000000e+03
1.033000000000000000e+03
1.039000000000000000e+03
1.048000000000000000e+03
1.057000000000000000e+03
1.063000000000000000e+03
1.072000000000000000e+03
1.078000000000000000e+03
1.087000000000000000e+03
1.096000000000000000e+03
1.102000000000000000e+03
1.111000000000000000e+03
1.117000000000000000e+03
1.126000000000000000e+03
1.132000000000000000e+03
1.141000000000000000e+03
1.147000000000000000e+03
1.156000000000000000e+03
1.162000000000000000e+03
1.171000000000000000e+03
1.180000000000000000e+03
1.186000000000000000e+03
1.195000000000000000e+03
1.204000000000000000e+03
1.210000000000000000e+03
1.219000000000000000e+03
1.228000000000000000e+03
1.234000000000000000e+03
1.243000000000000000e+03
1.252000000000000000e+03
1.258000000000000000e+03
1.267000000000000000e+03
1.273000000000000000e+03
1.282000000000000000e+03
1.288000000000000000e+03
1.297000000000000000e+03
1.306000000000000000e+03
1.312000000000000000e+03
1.321000000000000000e+03
1.330000000000000000e+03
1.336000000000000000e+03
1.345000000000000000e+03
1.351000000000000000e+03
1.360000000000000000e+03
1.366000000000000000e+03
1.375000000000000000e+03
1.381000000000000000e+03
1.390000000000000000e+03
1.396000000000000000e+03
1.405000000000000000e+03
1.411000000000000000e+03
1.420000000000000000e+03
1.429000000000000000e+03
1.435000000000000000e+03
1.444000000000000000e+03
1.453000000000000000e+03
1.459000000000000000e+03
1.468000000000000000e+03
1.477000000000000000e+03
1.483000000000000000e+03
1.492000000000000000e+03
1.501000000000000000e+03
1.507000000000000000e+03
1.516000000000000000e+03
1.525000000000000000e+03
1.531000000000000000e+03
1.540000000000000000e+03
1.549000000000000000e+03
1.555000000000000000e+03
1.564000000000000000e+03
1.570000000000000000e+03
1.579000000000000000e+03
1.588000000000000000e+03
1.594000000000000000e+03
1.603000000000000000e+03
1.612000000000000000e+03
1.618000000000000000e+03
1.627000000000000000e+03
1.633000000000000000e+03
1.642000000000000000e+03
1.651000000000000000e+03
1.657000000000000000e+03
1.666000000000000000e+03
1.675000000000000000e+03
1.681000000000000000e+03
1.690000000000000000e+03
1.699000000000000000e+03
1.705000000000000000e+03
1.714000000000000000e+03
1.723000000000000000e+03
1.729000000000000000e+03
1.738000000000000000e+03
1.747000000000000000e+03
1.753000000000000000e+03
1.762000000000000000e+03
1.768000000000000000e+03
1.777000000000000000e+03
1.786000000000000000e+03
1.792000000000000000e+03
1.801000000000000000e+03
1.810000000000000000e+03
1.816000000000000000e+03
1.825000000000000000e+03
1.831000000000000000e+03
1.840000000000000000e+03
1.846000000000000000e+03
1.855000000000000000e+03
1.864000000000000000e+03
1.870000000000000000e+03
1.879000000000000000e+03
1.888000000000000000e+03
1.894000000000000000e+03
1.903000000000000000e+03
1.909000000000000000e+03
1.918000000000000000e+03
1.927000000000000000e+03
1.933000000000000000e+03
1.942000000000000000e+03
1.951000000000000000e+03
1.957000000000000000e+03
1.966000000000000000e+03
1.975000000000000000e+03
1.981000000000000000e+03
1.990000000000000000e+03
1.999000000000000000e+03
2.005000000000000000e+03
2.014000000000000000e+03
2.020000000000000000e+03
2.029000000000000000e+03
2.038000000000000000e+03
2.044000000000000000e+03
2.053000000000000000e+03
2.062000000000000000e+03
2.068000000000000000e+03
2.077000000000000000e+03
2.086000000000000000e+03
2.092000000000000000e+03
2.101000000000000000e+03
2.110000000000000000e+03
2.116000000000000000e+03
2.125000000000000000e+03
2.134000000000000000e+03
2.140000000000000000e+03
2.149000000000000000e+03
2.158000000000000000e+03
2.164000000000000000e+03
2.173000000000000000e+03
2.182000000000000000e+03
2.188000000000000000e+03
2.197000000000000000e+03
2.206000000000000000e+03
2.212000000000000000e+03
2.221000000000000000e+03
2.227000000000000000e+03
2.236000000000000000e+03
2.242000000000000000e+03
2.251000000000000000e+03
2.260000000000000000e+03
2.266000000000000000e+03
2.275000000000000000e+03
2.284000000000000000e+03
2.290000000000000000e+03
2.299000000000000000e+03
2.308000000000000000e+03
2.314000000000000000e+03
2.323000000000000000e+03
2.329000000000000000e+03
2.338000000000000000e+03
2.347000000000000000e+03
2.353000000000000000e+03
2.362000000000000000e+03
2.371000000000000000e+03
2.377000000000000000e+03
2.386000000000000000e+03
2.395000000000000000e+03
2.401000000000000000e+03
2.410000000000000000e+03
2.416000000000000000e+03
2.425000000000000000e+03
2.434000000000000000e+03
2.440000000000000000e+03
2.449000000000000000e+03
2.458000000000000000e+03
2.464000000000000000e+03
2.473000000000000000e+03
2.482000000000000000e+03
2.488000000000000000e+03
2.497000000000000000e+03
2.506000000000000000e+03
2.512000000000000000e+03
2.521000000000000000e+03
2.530000000000000000e+03
2.539000000000000000e+03
2.545000000000000000e+03
2.554000000000000000e+03
2.563000000000000000e+03
2.569000000000000000e+03
2.578000000000000000e+03
2.584000000000000000e+03
2.593000000000000000e+03
2.599000000000000000e+03
2.608000000000000000e+03
2.614000000000000000e+03
2.623000000000000000e+03
2.632000000000000000e+03
2.638000000000000000e+03
2.647000000000000000e+03
2.656000000000000000e+03
2.662000000000000000e+03
2.671000000000000000e+03
2.680000000000000000e+03
2.686000000000000000e+03
2.695000000000000000e+03
2.704000000000000000e+03
2.710000000000000000e+03
2.719000000000000000e+03
2.728000000000000000e+03
2.734000000000000000e+03
2.743000000000000000e+03
2.749000000000000000e+03
2.758000000000000000e+03
2.767000000000000000e+03
2.773000000000000000e+03
2.782000000000000000e+03
2.791000000000000000e+03
2.797000000000000000e+03
2.806000000000000000e+03
2.815000000000000000e+03
2.821000000000000000e+03
2.830000000000000000e+03
2.836000000000000000e+03
2.845000000000000000e+03
2.854000000000000000e+03
2.860000000000000000e+03
2.869000000000000000e+03
2.878000000000000000e+03
2.884000000000000000e+03
2.893000000000000000e+03
2.902000000000000000e+03
2.908000000000000000e+03
2.917000000000000000e+03
2.923000000000000000e+03
2.932000000000000000e+03
2.941000000000000000e+03
2.947000000000000000e+03
2.956000000000000000e+03
2.965000000000000000e+03
2.971000000000000000e+03
2.980000000000000000e+03
2.986000000000000000e+03
2.995000000000000000e+03
3.004000000000000000e+03
3.010000000000000000e+03
3.019000000000000000e+03
3.028000000000000000e+03
3.034000000000000000e+03
3.043000000000000000e+03
3.052000000000000000e+03
3.058000000000000000e+03
3.067000000000000000e+03
3.076000000000000000e+03
3.082000000000000000e+03
3.091000000000000000e+03
3.097000000000000000e+03
3.106000000000000000e+03
3.115000000000000000e+03
3.121000000000000000e+03
3.130000000000000000e+03
3.139000000000000000e+03
3.145000000000000000e+03
3.154000000000000000e+03
3.163000000000000000e+03
3.169000000000000000e+03
3.178000000000000000e+03
3.184000000000000000e+03
3.193000000000000000e+03
3.199000000000000000e+03
3.208000000000000000e+03
3.217000000000000000e+03
3.223000000000000000e+03
3.232000000000000000e+03
3.238000000000000000e+03
3.247000000000000000e+03
3.256000000000000000e+03
3.262000000000000000e+03
3.271000000000000000e+03
3.280000000000000000e+03
3.286000000000000000e+03
3.295000000000000000e+03
3.301000000000000000e+03
3.310000000000000000e+03
3.319000000000000000e+03
3.325000000000000000e+03
3.334000000000000000e+03
3.343000000000000000e+03
3.349000000000000000e+03
3.358000000000000000e+03
3.367000000000000000e+03
3.373000000000000000e+03
3.382000000000000000e+03
3.391000000000000000e+03
3.397000000000000000e+03
3.406000000000000000e+03
3.412000000000000000e+03
3.421000000000000000e+03
3.430000000000000000e+03
3.436000000000000000e+03
3.445000000000000000e+03
3.454000000000000000e+03
3.460000000000000000e+03
3.469000000000000000e+03
3.475000000000000000e+03
3.484000000000000000e+03
3.490000000000000000e+03
3.499000000000000000e+03
3.505000000000000000e+03
3.514000000000000000e+03
3.523000000000000000e+03
3.529000000000000000e+03
