4.230000000000000000e+02
4.320000000000000000e+02
4.380000000000000000e+02
4.470000000000000000e+02
4.560000000000000000e+02
4.650000000000000000e+02
4.710000000000000000e+02
4.800000000000000000e+02
4.890000000000000000e+02
4.950000000000000000e+02
5.040000000000000000e+02
5.130000000000000000e+02
5.220000000000000000e+02
5.280000000000000000e+02
5.370000000000000000e+02
5.460000000000000000e+02
5.520000000000000000e+02
5.610000000000000000e+02
5.700000000000000000e+02
5.760000000000000000e+02
5.850000000000000000e+02
5.940000000000000000e+02
6.000000000000000000e+02
6.090000000000000000e+02
6.180000000000000000e+02
6.240000000000000000e+02
6.330000000000000000e+02
6.420000000000000000e+02
6.480000000000000000e+02
6.570000000000000000e+02
6.630000000000000000e+02
6.720000000000000000e+02
6.810000000000000000e+02
6.870000000000000000e+02
6.960000000000000000e+02
7.050000000000000000e+02
7.110000000000000000e+02
7.200000000000000000e+02
7.290000000000000000e+02
7.350000000000000000e+02
7.440000000000000000e+02
7.530000000000000000e+02
7.590000000000000000e+02
7.680000000000000000e+02
7.770000000000000000e+02
7.830000000000000000e+02
7.920000000000000000e+02
7.980000000000000000e+02
8.070000000000000000e+02
8.160000000000000000e+02
8.220000000000000000e+02
8.310000000000000000e+02
8.400000000000000000e+02
8.460000000000000000e+02
8.550000000000000000e+02
8.640000000000000000e+02
8.700000000000000000e+02
8.790000000000000000e+02
8.880000000000000000e+02
8.940000000000000000e+02
9.030000000000000000e+02
9.120000000000000000e+02
9.180000000000000000e+02
9.270000000000000000e+02
9.330000000000000000e+02
9.420000000000000000e+02
9.510000000000000000e+02
9.570000000000000000e+02
9.660000000000000000e+02
9.750000000000000000e+02
9.810000000000000000e+02
9.900000000000000000e+02
9.990000000000000000e+02
1.005000000000000000e+03
1.014000000000000000e+03
1.020000000000000000e+03
1.029000000000000000e+03
1.038000000000000000e+03
1.044000000000000000e+03
1.053000000000000000e+03
1.059000000000000000e+03
1.068000000000000000e+03
1.077000000000000000e+03
1.083000000000000000e+03
1.092000000000000000e+03
1.101000000000000000e+03
1.107000000000000000e+03
1.116000000000000000e+03
1.125000000000000000e+03
1.131000000000000000e+03
1.140000000000000000e+03
1.149000000000000000e+03
1.155000000000000000e+03
1.164000000000000000e+03
1.173000000000000000e+03
1.179000000000000000e+03
1.188000000000000000e+03
1.197000000000000000e+03
1.203000000000000000e+03
1.212000000000000000e+03
1.221000000000000000e+03
1.227000000000000000e+03
1.236000000000000000e+03
1.245000000000000000e+03
1.254000000000000000e+03
1.260000000000000000e+03
1.269000000000000000e+03
1.278000000000000000e+03
1.284000000000000000e+03
1.293000000000000000e+03
1.302000000000000000e+03
1.311000000000000000e+03
1.317000000000000000e+03
1.326000000000000000e+03
1.332000000000000000e+03
1.341000000000000000e+03
1.347000000000000000e+03
1.356000000000000000e+03
1.362000000000000000e+03
1.371000000000000000e+03
1.377000000000000000e+03
1.386000000000000000e+03
1.395000000000000000e+03
1.401000000000000000e+03
1.410000000000000000e+03
1.419000000000000000e+03
1.425000000000000000e+03
1.434000000000000000e+03
1.443000000000000000e+03
1.449000000000000000e+03
1.458000000000000000e+03
1.464000000000000000e+03
1.473000000000000000e+03
1.482000000000000000e+03
1.488000000000000000e+03
1.497000000000000000e+03
1.506000000000000000e+03
1.512000000000000000e+03
1.521000000000000000e+03
1.527000000000000000e+03
1.536000000000000000e+03
1.542000000000000000e+03
1.551000000000000000e+03
1.560000000000000000e+03
1.566000000000000000e+03
1.575000000000000000e+03
1.581000000000000000e+03
1.590000000000000000e+03
1.599000000000000000e+03
1.605000000000000000e+03
1.614000000000000000e+03
1.623000000000000000e+03
1.629000000000000000e+03
1.638000000000000000e+03
1.644000000000000000e+03
1.653000000000000000e+03
1.662000000000000000e+03
1.668000000000000000e+03
1.677000000000000000e+03
1.683000000000000000e+03
1.692000000000000000e+03
1.701000000000000000e+03
1.707000000000000000e+03
1.716000000000000000e+03
1.722000000000000000e+03
1.731000000000000000e+03
1.740000000000000000e+03
1.746000000000000000e+03
1.755000000000000000e+03
1.761000000000000000e+03
1.770000000000000000e+03
1.776000000000000000e+03
1.785000000000000000e+03
1.794000000000000000e+03
1.800000000000000000e+03
1.809000000000000000e+03
1.818000000000000000e+03
1.824000000000000000e+03
1.833000000000000000e+03
1.842000000000000000e+03
1.848000000000000000e+03
1.857000000000000000e+03
1.866000000000000000e+03
1.872000000000000000e+03
1.881000000000000000e+03
1.890000000000000000e+03
1.896000000000000000e+03
1.905000000000000000e+03
1.914000000000000000e+03
1.920000000000000000e+03
1.929000000000000000e+03
1.938000000000000000e+03
1.944000000000000000e+03
1.953000000000000000e+03
1.959000000000000000e+03
1.968000000000000000e+03
1.977000000000000000e+03
1.983000000000000000e+03
1.992000000000000000e+03
2.001000000000000000e+03
2.010000000000000000e+03
2.016000000000000000e+03
2.025000000000000000e+03
2.034000000000000000e+03
2.043000000000000000e+03
2.049000000000000000e+03
2.058000000000000000e+03
2.067000000000000000e+03
2.076000000000000000e+03
2.082000000000000000e+03
2.091000000000000000e+03
2.100000000000000000e+03
2.106000000000000000e+03
2.115000000000000000e+03
2.124000000000000000e+03
2.130000000000000000e+03
2.139000000000000000e+03
2.148000000000000000e+03
2.154000000000000000e+03
2.163000000000000000e+03
2.172000000000000000e+03
2.178000000000000000e+03
2.187000000000000000e+03
2.196000000000000000e+03
2.202000000000000000e+03
2.211000000000000000e+03
2.217000000000000000e+03
2.226000000000000000e+03
2.232000000000000000e+03
2.241000000000000000e+03
2.250000000000000000e+03
2.256000000000000000e+03
2.265000000000000000e+03
2.274000000000000000e+03
2.280000000000000000e+03
2.289000000000000000e+03
2.295000000000000000e+03
2.304000000000000000e+03
2.313000000000000000e+03
2.319000000000000000e+03
2.328000000000000000e+03
2.337000000000000000e+03
2.343000000000000000e+03
2.352000000000000000e+03
2.361000000000000000e+03
2.367000000000000000e+03
2.376000000000000000e+03
2.385000000000000000e+03
2.391000000000000000e+03
2.400000000000000000e+03
2.406000000000000000e+03
2.415000000000000000e+03
2.424000000000000000e+03
2.430000000000000000e+03
2.439000000000000000e+03
2.448000000000000000e+03
2.454000000000000000e+03
2.463000000000000000e+03
2.472000000000000000e+03
2.478000000000000000e+03
2.487000000000000000e+03
2.496000000000000000e+03
2.502000000000000000e+03
2.511000000000000000e+03
2.520000000000000000e+03
2.526000000000000000e+03
2.535000000000000000e+03
2.544000000000000000e+03
2.550000000000000000e+03
2.559000000000000000e+03
2.568000000000000000e+03
2.574000000000000000e+03
2.583000000000000000e+03
2.592000000000000000e+03
2.598000000000000000e+03
2.607000000000000000e+03
2.613000000000000000e+03
2.622000000000000000e+03
2.628000000000000000e+03
2.637000000000000000e+03
2.646000000000000000e+03
2.655000000000000000e+03
2.661000000000000000e+03
2.670000000000000000e+03
2.679000000000000000e+03
2.685000000000000000e+03
2.694000000000000000e+03
2.703000000000000000e+03
2.709000000000000000e+03
2.718000000000000000e+03
2.727000000000000000e+03
2.736000000000000000e+03
2.742000000000000000e+03
2.751000000000000000e+03
2.760000000000000000e+03
2.766000000000000000e+03
2.775000000000000000e+03
2.784000000000000000e+03
2.790000000000000000e+03
2.799000000000000000e+03
2.808000000000000000e+03
2.814000000000000000e+03
2.823000000000000000e+03
2.832000000000000000e+03
2.838000000000000000e+03
2.847000000000000000e+03
2.856000000000000000e+03
2.862000000000000000e+03
2.871000000000000000e+03
2.880000000000000000e+03
2.886000000000000000e+03
2.895000000000000000e+03
2.904000000000000000e+03
2.913000000000000000e+03
2.919000000000000000e+03
2.928000000000000000e+03
2.937000000000000000e+03
2.946000000000000000e+03
2.952000000000000000e+03
2.961000000000000000e+03
2.970000000000000000e+03
2.976000000000000000e+03
2.985000000000000000e+03
2.994000000000000000e+03
3.000000000000000000e+03
3.009000000000000000e+03
3.018000000000000000e+03
3.024000000000000000e+03
3.033000000000000000e+03
3.042000000000000000e+03
3.051000000000000000e+03
3.057000000000000000e+03
3.066000000000000000e+03
3.075000000000000000e+03
3.081000000000000000e+03
3.090000000000000000e+03
3.099000000000000000e+03
3.105000000000000000e+03
3.114000000000000000e+03
3.123000000000000000e+03
3.129000000000000000e+03
3.138000000000000000e+03
3.147000000000000000e+03
3.153000000000000000e+03
3.162000000000000000e+03
3.171000000000000000e+03
3.177000000000000000e+03
3.186000000000000000e+03
3.192000000000000000e+03
3.201000000000000000e+03
3.210000000000000000e+03
3.216000000000000000e+03
3.225000000000000000e+03
3.234000000000000000e+03
3.240000000000000000e+03
3.249000000000000000e+03
3.258000000000000000e+03
3.264000000000000000e+03
3.273000000000000000e+03
3.279000000000000000e+03
3.288000000000000000e+03
3.297000000000000000e+03
3.303000000000000000e+03
3.312000000000000000e+03
3.321000000000000000e+03
3.327000000000000000e+03
3.336000000000000000e+03
3.345000000000000000e+03
3.351000000000000000e+03
3.360000000000000000e+03
3.369000000000000000e+03
3.375000000000000000e+03
3.384000000000000000e+03
3.393000000000000000e+03
3.399000000000000000e+03
3.408000000000000000e+03
3.417000000000000000e+03
3.423000000000000000e+03
