5.140000000000000000e+02
5.230000000000000000e+02
5.290000000000000000e+02
5.380000000000000000e+02
5.440000000000000000e+02
5.530000000000000000e+02
5.590000000000000000e+02
5.680000000000000000e+02
5.740000000000000000e+02
5.830000000000000000e+02
5.920000000000000000e+02
5.980000000000000000e+02
6.070000000000000000e+02
6.160000000000000000e+02
6.220000000000000000e+02
6.310000000000000000e+02
6.400000000000000000e+02
6.460000000000000000e+02
6.550000000000000000e+02
6.610000000000000000e+02
6.700000000000000000e+02
6.760000000000000000e+02
6.850000000000000000e+02
6.910000000000000000e+02
7.000000000000000000e+02
7.090000000000000000e+02
7.150000000000000000e+02
7.240000000000000000e+02
7.300000000000000000e+02
7.390000000000000000e+02
7.480000000000000000e+02
7.540000000000000000e+02
7.630000000000000000e+02
7.720000000000000000e+02
7.780000000000000000e+02
7.870000000000000000e+02
7.960000000000000000e+02
8.020000000000000000e+02
8.110000000000000000e+02
8.170000000000000000e+02
8.260000000000000000e+02
8.320000000000000000e+02
8.410000000000000000e+02
8.500000000000000000e+02
8.560000000000000000e+02
8.650000000000000000e+02
8.740000000000000000e+02
8.800000000000000000e+02
8.890000000000000000e+02
8.980000000000000000e+02
9.040000000000000000e+02
9.130000000000000000e+02
9.190000000000000000e+02
9.280000000000000000e+02
9.340000000000000000e+02
9.430000000000000000e+02
9.520000000000000000e+02
9.580000000000000000e+02
9.670000000000000000e+02
9.760000000000000000e+02
9.820000000000000000e+02
9.910000000000000000e+02
1.000000000000000000e+03
1.006000000000000000e+03
1.015000000000000000e+03
1.021000000000000000e+03
1.030000000000000000e+03
1.036000000000000000e+03
1.045000000000000000e+03
1.051000000000000000e+03
1.060000000000000000e+03
1.066000000000000000e+03
1.075000000000000000e+03
1.084000000000000000e+03
1.090000000000000000e+03
1.099000000000000000e+03
1.105000000000000000e+03
1.114000000000000000e+03
1.123000000000000000e+03
1.129000000000000000e+03
1.138000000000000000e+03
1.147000000000000000e+03
1.153000000000000000e+03
1.162000000000000000e+03
1.171000000000000000e+03
1.177000000000000000e+03
1.186000000000000000e+03
1.192000000000000000e+03
1.201000000000000000e+03
1.210000000000000000e+03
1.216000000000000000e+03
1.225000000000000000e+03
1.234000000000000000e+03
1.240000000000000000e+03
1.249000000000000000e+03
1.255000000000000000e+03
1.264000000000000000e+03
1.270000000000000000e+03
1.279000000000000000e+03
1.285000000000000000e+03
1.294000000000000000e+03
1.300000000000000000e+03
1.309000000000000000e+03
1.318000000000000000e+03
1.324000000000000000e+03
1.333000000000000000e+03
1.339000000000000000e+03
1.348000000000000000e+03
1.354000000000000000e+03
1.363000000000000000e+03
1.369000000000000000e+03
1.378000000000000000e+03
1.387000000000000000e+03
1.393000000000000000e+03
1.402000000000000000e+03
1.411000000000000000e+03
1.417000000000000000e+03
1.426000000000000000e+03
1.435000000000000000e+03
1.441000000000000000e+03
1.450000000000000000e+03
1.456000000000000000e+03
1.465000000000000000e+03
1.474000000000000000e+03
1.480000000000000000e+03
1.489000000000000000e+03
1.495000000000000000e+03
1.504000000000000000e+03
1.510000000000000000e+03
1.519000000000000000e+03
1.528000000000000000e+03
1.534000000000000000e+03
1.543000000000000000e+03
1.549000000000000000e+03
1.558000000000000000e+03
1.567000000000000000e+03
1.573000000000000000e+03
1.582000000000000000e+03
1.591000000000000000e+03
1.597000000000000000e+03
1.606000000000000000e+03
1.615000000000000000e+03
1.621000000000000000e+03
1.630000000000000000e+03
1.636000000000000000e+03
1.645000000000000000e+03
1.654000000000000000e+03
1.660000000000000000e+03
1.669000000000000000e+03
1.678000000000000000e+03
1.684000000000000000e+03
1.693000000000000000e+03
1.702000000000000000e+03
1.708000000000000000e+03
1.717000000000000000e+03
1.723000000000000000e+03
1.732000000000000000e+03
1.738000000000000000e+03
1.747000000000000000e+03
1.753000000000000000e+03
1.762000000000000000e+03
1.768000000000000000e+03
1.777000000000000000e+03
1.783000000000000000e+03
1.792000000000000000e+03
1.798000000000000000e+03
1.807000000000000000e+03
1.816000000000000000e+03
1.822000000000000000e+03
1.831000000000000000e+03
1.840000000000000000e+03
1.846000000000000000e+03
1.855000000000000000e+03
1.861000000000000000e+03
1.870000000000000000e+03
1.879000000000000000e+03
1.885000000000000000e+03
1.894000000000000000e+03
1.900000000000000000e+03
1.909000000000000000e+03
1.915000000000000000e+03
1.924000000000000000e+03
1.933000000000000000e+03
1.939000000000000000e+03
1.948000000000000000e+03
1.957000000000000000e+03
1.963000000000000000e+03
1.972000000000000000e+03
1.978000000000000000e+03
1.987000000000000000e+03
1.996000000000000000e+03
2.002000000000000000e+03
2.011000000000000000e+03
2.020000000000000000e+03
2.026000000000000000e+03
2.035000000000000000e+03
2.041000000000000000e+03
2.050000000000000000e+03
2.056000000000000000e+03
2.065000000000000000e+03
2.071000000000000000e+03
2.080000000000000000e+03
2.086000000000000000e+03
2.095000000000000000e+03
2.104000000000000000e+03
2.110000000000000000e+03
2.119000000000000000e+03
2.128000000000000000e+03
2.134000000000000000e+03
2.143000000000000000e+03
2.152000000000000000e+03
2.158000000000000000e+03
2.167000000000000000e+03
2.176000000000000000e+03
2.182000000000000000e+03
2.191000000000000000e+03
2.197000000000000000e+03
2.206000000000000000e+03
2.215000000000000000e+03
2.221000000000000000e+03
2.230000000000000000e+03
2.236000000000000000e+03
2.245000000000000000e+03
2.251000000000000000e+03
2.260000000000000000e+03
2.266000000000000000e+03
2.275000000000000000e+03
2.281000000000000000e+03
2.290000000000000000e+03
2.299000000000000000e+03
2.305000000000000000e+03
2.314000000000000000e+03
2.320000000000000000e+03
2.329000000000000000e+03
2.338000000000000000e+03
2.344000000000000000e+03
2.353000000000000000e+03
2.359000000000000000e+03
2.368000000000000000e+03
2.377000000000000000e+03
2.383000000000000000e+03
2.392000000000000000e+03
2.398000000000000000e+03
2.407000000000000000e+03
2.413000000000000000e+03
2.422000000000000000e+03
2.428000000000000000e+03
2.437000000000000000e+03
2.443000000000000000e+03
2.452000000000000000e+03
2.458000000000000000e+03
2.467000000000000000e+03
2.476000000000000000e+03
2.482000000000000000e+03
2.491000000000000000e+03
2.497000000000000000e+03
2.506000000000000000e+03
2.515000000000000000e+03
2.521000000000000000e+03
2.530000000000000000e+03
2.539000000000000000e+03
2.545000000000000000e+03
2.554000000000000000e+03
2.560000000000000000e+03
2.569000000000000000e+03
2.575000000000000000e+03
2.584000000000000000e+03
2.593000000000000000e+03
2.599000000000000000e+03
2.608000000000000000e+03
2.617000000000000000e+03
2.623000000000000000e+03
2.632000000000000000e+03
2.641000000000000000e+03
2.647000000000000000e+03
2.656000000000000000e+03
2.665000000000000000e+03
2.671000000000000000e+03
2.680000000000000000e+03
2.686000000000000000e+03
2.695000000000000000e+03
2.701000000000000000e+03
2.710000000000000000e+03
2.719000000000000000e+03
2.725000000000000000e+03
2.734000000000000000e+03
2.743000000000000000e+03
2.749000000000000000e+03
2.758000000000000000e+03
2.767000000000000000e+03
2.773000000000000000e+03
2.782000000000000000e+03
2.791000000000000000e+03
2.797000000000000000e+03
2.806000000000000000e+03
2.812000000000000000e+03
2.821000000000000000e+03
2.827000000000000000e+03
2.836000000000000000e+03
2.842000000000000000e+03
2.851000000000000000e+03
2.860000000000000000e+03
2.866000000000000000e+03
2.875000000000000000e+03
2.881000000000000000e+03
2.890000000000000000e+03
2.899000000000000000e+03
2.905000000000000000e+03
2.914000000000000000e+03
2.920000000000000000e+03
2.929000000000000000e+03
2.935000000000000000e+03
2.944000000000000000e+03
2.953000000000000000e+03
2.959000000000000000e+03
2.968000000000000000e+03
2.977000000000000000e+03
2.983000000000000000e+03
2.992000000000000000e+03
3.001000000000000000e+03
3.007000000000000000e+03
3.016000000000000000e+03
3.022000000000000000e+03
3.031000000000000000e+03
3.040000000000000000e+03
3.046000000000000000e+03
3.055000000000000000e+03
3.064000000000000000e+03
3.070000000000000000e+03
3.079000000000000000e+03
3.085000000000000000e+03
3.094000000000000000e+03
3.100000000000000000e+03
3.109000000000000000e+03
3.118000000000000000e+03
3.124000000000000000e+03
3.133000000000000000e+03
3.142000000000000000e+03
3.148000000000000000e+03
3.157000000000000000e+03
3.166000000000000000e+03
3.172000000000000000e+03
3.181000000000000000e+03
3.187000000000000000e+03
3.196000000000000000e+03
3.202000000000000000e+03
3.211000000000000000e+03
3.220000000000000000e+03
3.226000000000000000e+03
3.235000000000000000e+03
3.241000000000000000e+03
3.250000000000000000e+03
3.256000000000000000e+03
3.265000000000000000e+03
3.271000000000000000e+03
3.280000000000000000e+03
3.286000000000000000e+03
3.295000000000000000e+03
3.304000000000000000e+03
3.310000000000000000e+03
3.319000000000000000e+03
3.328000000000000000e+03
3.334000000000000000e+03
3.343000000000000000e+03
3.349000000000000000e+03
3.358000000000000000e+03
3.367000000000000000e+03
3.373000000000000000e+03
3.382000000000000000e+03
3.388000000000000000e+03
3.397000000000000000e+03
3.406000000000000000e+03
3.412000000000000000e+03
3.421000000000000000e+03
3.427000000000000000e+03
3.436000000000000000e+03
3.442000000000000000e+03
3.451000000000000000e+03
3.460000000000000000e+03
3.466000000000000000e+03
3.475000000000000000e+03
3.481000000000000000e+03
3.490000000000000000e+03
3.496000000000000000e+03
3.505000000000000000e+03
3.511000000000000000e+03
3.520000000000000000e+03
3.529000000000000000e+03
3.535000000000000000e+03
3.544000000000000000e+03
3.550000000000000000e+03
3.559000000000000000e+03
3.565000000000000000e+03
3.574000000000000000e+03
3.580000000000000000e+03
3.589000000000000000e+03
3.595000000000000000e+03
3.604000000000000000e+03
3.613000000000000000e+03
3.619000000000000000e+03
3.628000000000000000e+03
3.634000000000000000e+03
3.643000000000000000e+03
3.649000000000000000e+03
3.658000000000000000e+03
3.664000000000000000e+03
3.673000000000000000e+03
3.679000000000000000e+03
3.688000000000000000e+03
3.697000000000000000e+03
3.703000000000000000e+03
3.712000000000000000e+03
3.718000000000000000e+03
3.727000000000000000e+03
3.733000000000000000e+03
3.742000000000000000e+03
3.748000000000000000e+03
3.757000000000000000e+03
3.763000000000000000e+03
3.772000000000000000e+03
3.778000000000000000e+03
3.787000000000000000e+03
3.793000000000000000e+03
3.802000000000000000e+03
3.811000000000000000e+03
3.817000000000000000e+03
3.826000000000000000e+03
3.835000000000000000e+03
3.841000000000000000e+03
3.850000000000000000e+03
3.859000000000000000e+03
3.865000000000000000e+03
3.874000000000000000e+03
3.883000000000000000e+03
3.889000000000000000e+03
3.898000000000000000e+03
3.904000000000000000e+03
3.913000000000000000e+03
3.919000000000000000e+03
3.928000000000000000e+03
3.937000000000000000e+03
3.943000000000000000e+03
3.952000000000000000e+03
3.961000000000000000e+03
3.967000000000000000e+03
3.976000000000000000e+03
3.985000000000000000e+03
3.991000000000000000e+03
4.000000000000000000e+03
4.006000000000000000e+03
4.015000000000000000e+03
4.024000000000000000e+03
4.030000000000000000e+03
4.039000000000000000e+03
4.048000000000000000e+03
4.054000000000000000e+03
4.063000000000000000e+03
4.072000000000000000e+03
4.078000000000000000e+03
4.087000000000000000e+03
4.093000000000000000e+03
4.102000000000000000e+03
4.108000000000000000e+03
4.117000000000000000e+03
4.126000000000000000e+03
4.132000000000000000e+03
4.141000000000000000e+03
4.150000000000000000e+03
4.156000000000000000e+03
4.165000000000000000e+03
4.171000000000000000e+03
4.180000000000000000e+03
4.186000000000000000e+03
4.195000000000000000e+03
4.201000000000000000e+03
4.210000000000000000e+03
4.219000000000000000e+03
4.225000000000000000e+03
4.234000000000000000e+03
4.243000000000000000e+03
4.249000000000000000e+03
4.258000000000000000e+03
4.267000000000000000e+03
4.273000000000000000e+03
4.282000000000000000e+03
4.291000000000000000e+03
4.297000000000000000e+03
4.306000000000000000e+03
4.315000000000000000e+03
4.321000000000000000e+03
4.330000000000000000e+03
4.336000000000000000e+03
4.345000000000000000e+03
4.351000000000000000e+03
4.360000000000000000e+03
4.366000000000000000e+03
4.375000000000000000e+03
4.381000000000000000e+03
4.390000000000000000e+03
4.399000000000000000e+03
4.405000000000000000e+03
4.414000000000000000e+03
4.420000000000000000e+03
4.429000000000000000e+03
4.435000000000000000e+03
4.444000000000000000e+03
4.450000000000000000e+03
4.459000000000000000e+03
4.465000000000000000e+03
4.474000000000000000e+03
4.483000000000000000e+03
4.489000000000000000e+03
4.498000000000000000e+03
4.504000000000000000e+03
4.513000000000000000e+03
4.519000000000000000e+03
4.528000000000000000e+03
4.534000000000000000e+03
4.543000000000000000e+03
4.549000000000000000e+03
4.558000000000000000e+03
4.564000000000000000e+03
4.573000000000000000e+03
4.579000000000000000e+03
4.588000000000000000e+03
4.597000000000000000e+03
4.603000000000000000e+03
4.612000000000000000e+03
4.618000000000000000e+03
4.627000000000000000e+03
4.636000000000000000e+03
4.642000000000000000e+03
4.651000000000000000e+03
4.660000000000000000e+03
4.666000000000000000e+03
4.675000000000000000e+03
4.681000000000000000e+03
4.690000000000000000e+03
4.699000000000000000e+03
4.705000000000000000e+03
4.714000000000000000e+03
4.720000000000000000e+03
4.729000000000000000e+03
4.735000000000000000e+03
4.744000000000000000e+03
4.750000000000000000e+03
4.759000000000000000e+03
4.765000000000000000e+03
4.774000000000000000e+03
4.780000000000000000e+03
4.789000000000000000e+03
4.798000000000000000e+03
4.804000000000000000e+03
4.813000000000000000e+03
4.819000000000000000e+03
4.828000000000000000e+03
4.837000000000000000e+03
4.843000000000000000e+03
4.852000000000000000e+03
4.861000000000000000e+03
4.867000000000000000e+03
4.876000000000000000e+03
4.885000000000000000e+03
4.891000000000000000e+03
4.900000000000000000e+03
4.906000000000000000e+03
4.915000000000000000e+03
4.924000000000000000e+03
4.930000000000000000e+03
4.939000000000000000e+03
4.948000000000000000e+03
4.954000000000000000e+03
4.963000000000000000e+03
4.969000000000000000e+03
4.978000000000000000e+03
4.984000000000000000e+03
4.993000000000000000e+03
5.002000000000000000e+03
5.008000000000000000e+03
5.017000000000000000e+03
5.026000000000000000e+03
5.032000000000000000e+03
5.041000000000000000e+03
5.050000000000000000e+03
5.056000000000000000e+03
5.065000000000000000e+03
5.071000000000000000e+03
5.080000000000000000e+03
5.089000000000000000e+03
5.095000000000000000e+03
5.104000000000000000e+03
5.110000000000000000e+03
5.119000000000000000e+03
5.128000000000000000e+03
5.134000000000000000e+03
5.143000000000000000e+03
5.152000000000000000e+03
5.158000000000000000e+03
5.167000000000000000e+03
5.176000000000000000e+03
5.182000000000000000e+03
5.191000000000000000e+03
5.197000000000000000e+03
5.206000000000000000e+03
5.212000000000000000e+03
5.221000000000000000e+03
5.227000000000000000e+03
5.236000000000000000e+03
5.245000000000000000e+03
5.251000000000000000e+03
5.260000000000000000e+03
5.269000000000000000e+03
5.275000000000000000e+03
5.284000000000000000e+03
5.290000000000000000e+03
5.299000000000000000e+03
5.308000000000000000e+03
5.314000000000000000e+03
5.323000000000000000e+03
5.332000000000000000e+03
5.338000000000000000e+03
5.347000000000000000e+03
5.356000000000000000e+03
5.362000000000000000e+03
5.371000000000000000e+03
5.380000000000000000e+03
5.386000000000000000e+03
5.395000000000000000e+03
5.401000000000000000e+03
5.410000000000000000e+03
5.416000000000000000e+03
5.425000000000000000e+03
5.434000000000000000e+03
5.440000000000000000e+03
5.449000000000000000e+03
5.455000000000000000e+03
5.464000000000000000e+03
5.470000000000000000e+03
5.479000000000000000e+03
5.485000000000000000e+03
5.494000000000000000e+03
5.500000000000000000e+03
5.509000000000000000e+03
5.518000000000000000e+03
5.524000000000000000e+03
5.533000000000000000e+03
5.542000000000000000e+03
5.548000000000000000e+03
5.557000000000000000e+03
5.563000000000000000e+03
5.572000000000000000e+03
5.578000000000000000e+03
5.587000000000000000e+03
5.593000000000000000e+03
5.602000000000000000e+03
5.608000000000000000e+03
5.617000000000000000e+03
5.626000000000000000e+03
5.632000000000000000e+03
5.641000000000000000e+03
5.650000000000000000e+03
5.656000000000000000e+03
5.665000000000000000e+03
5.671000000000000000e+03
5.680000000000000000e+03
5.686000000000000000e+03
5.695000000000000000e+03
5.701000000000000000e+03
5.710000000000000000e+03
5.716000000000000000e+03
5.725000000000000000e+03
5.731000000000000000e+03
5.740000000000000000e+03
5.746000000000000000e+03
5.755000000000000000e+03
5.761000000000000000e+03
5.770000000000000000e+03
5.776000000000000000e+03
5.785000000000000000e+03
5.791000000000000000e+03
5.800000000000000000e+03
5.806000000000000000e+03
5.815000000000000000e+03
5.821000000000000000e+03
5.830000000000000000e+03
5.839000000000000000e+03
5.845000000000000000e+03
5.854000000000000000e+03
5.860000000000000000e+03
5.869000000000000000e+03
5.875000000000000000e+03
5.884000000000000000e+03
5.890000000000000000e+03
5.899000000000000000e+03
5.905000000000000000e+03
5.914000000000000000e+03
5.923000000000000000e+03
5.929000000000000000e+03
5.938000000000000000e+03
5.947000000000000000e+03
5.953000000000000000e+03
5.962000000000000000e+03
5.971000000000000000e+03
5.977000000000000000e+03
5.986000000000000000e+03
5.995000000000000000e+03
6.001000000000000000e+03
6.010000000000000000e+03
6.016000000000000000e+03
6.025000000000000000e+03
6.034000000000000000e+03
6.040000000000000000e+03
6.049000000000000000e+03
6.058000000000000000e+03
6.064000000000000000e+03
6.073000000000000000e+03
6.079000000000000000e+03
6.088000000000000000e+03
6.097000000000000000e+03
6.103000000000000000e+03
6.112000000000000000e+03
6.121000000000000000e+03
6.127000000000000000e+03
6.136000000000000000e+03
6.145000000000000000e+03
6.151000000000000000e+03
6.160000000000000000e+03
6.169000000000000000e+03
6.175000000000000000e+03
6.184000000000000000e+03
6.190000000000000000e+03
6.199000000000000000e+03
6.205000000000000000e+03
6.214000000000000000e+03
6.223000000000000000e+03
6.229000000000000000e+03
6.238000000000000000e+03
6.247000000000000000e+03
6.253000000000000000e+03
6.262000000000000000e+03
6.268000000000000000e+03
6.277000000000000000e+03
6.283000000000000000e+03
6.292000000000000000e+03
6.298000000000000000e+03
6.307000000000000000e+03
6.316000000000000000e+03
6.322000000000000000e+03
6.331000000000000000e+03
6.340000000000000000e+03
6.346000000000000000e+03
6.355000000000000000e+03
6.364000000000000000e+03
6.370000000000000000e+03
6.379000000000000000e+03
6.385000000000000000e+03
6.394000000000000000e+03
6.400000000000000000e+03
6.409000000000000000e+03
6.415000000000000000e+03
6.424000000000000000e+03
6.430000000000000000e+03
6.439000000000000000e+03
6.448000000000000000e+03
6.454000000000000000e+03
6.463000000000000000e+03
6.469000000000000000e+03
6.478000000000000000e+03
6.484000000000000000e+03
6.493000000000000000e+03
6.499000000000000000e+03
6.508000000000000000e+03
6.517000000000000000e+03
