5.480000000000000000e+02
5.570000000000000000e+02
5.630000000000000000e+02
5.720000000000000000e+02
5.780000000000000000e+02
5.870000000000000000e+02
5.960000000000000000e+02
6.020000000000000000e+02
6.110000000000000000e+02
6.200000000000000000e+02
6.260000000000000000e+02
6.350000000000000000e+02
6.440000000000000000e+02
6.500000000000000000e+02
6.590000000000000000e+02
6.680000000000000000e+02
6.740000000000000000e+02
6.830000000000000000e+02
6.890000000000000000e+02
6.980000000000000000e+02
7.040000000000000000e+02
7.130000000000000000e+02
7.220000000000000000e+02
7.280000000000000000e+02
7.370000000000000000e+02
7.430000000000000000e+02
7.520000000000000000e+02
7.610000000000000000e+02
7.670000000000000000e+02
7.760000000000000000e+02
7.820000000000000000e+02
7.910000000000000000e+02
7.970000000000000000e+02
8.060000000000000000e+02
8.120000000000000000e+02
8.210000000000000000e+02
8.300000000000000000e+02
8.360000000000000000e+02
8.450000000000000000e+02
8.540000000000000000e+02
8.600000000000000000e+02
8.690000000000000000e+02
8.780000000000000000e+02
8.840000000000000000e+02
8.930000000000000000e+02
9.020000000000000000e+02
9.080000000000000000e+02
9.170000000000000000e+02
9.260000000000000000e+02
9.320000000000000000e+02
9.410000000000000000e+02
9.500000000000000000e+02
9.560000000000000000e+02
9.650000000000000000e+02
9.740000000000000000e+02
9.800000000000000000e+02
9.890000000000000000e+02
9.980000000000000000e+02
1.004000000000000000e+03
1.013000000000000000e+03
1.022000000000000000e+03
1.028000000000000000e+03
1.037000000000000000e+03
1.046000000000000000e+03
1.052000000000000000e+03
1.061000000000000000e+03
1.070000000000000000e+03
1.076000000000000000e+03
1.085000000000000000e+03
1.094000000000000000e+03
1.100000000000000000e+03
1.109000000000000000e+03
1.118000000000000000e+03
1.124000000000000000e+03
1.133000000000000000e+03
1.142000000000000000e+03
1.148000000000000000e+03
1.157000000000000000e+03
1.166000000000000000e+03
1.172000000000000000e+03
1.181000000000000000e+03
1.190000000000000000e+03
1.196000000000000000e+03
1.205000000000000000e+03
1.214000000000000000e+03
1.220000000000000000e+03
1.229000000000000000e+03
1.235000000000000000e+03
1.244000000000000000e+03
1.253000000000000000e+03
1.259000000000000000e+03
1.268000000000000000e+03
1.277000000000000000e+03
1.283000000000000000e+03
1.292000000000000000e+03
1.301000000000000000e+03
1.307000000000000000e+03
1.316000000000000000e+03
1.325000000000000000e+03
1.331000000000000000e+03
1.340000000000000000e+03
1.349000000000000000e+03
1.355000000000000000e+03
1.364000000000000000e+03
1.373000000000000000e+03
1.379000000000000000e+03
1.388000000000000000e+03
1.397000000000000000e+03
1.403000000000000000e+03
1.412000000000000000e+03
1.421000000000000000e+03
1.427000000000000000e+03
1.436000000000000000e+03
1.445000000000000000e+03
1.451000000000000000e+03
1.460000000000000000e+03
1.469000000000000000e+03
1.475000000000000000e+03
1.484000000000000000e+03
1.493000000000000000e+03
1.499000000000000000e+03
1.508000000000000000e+03
1.517000000000000000e+03
1.523000000000000000e+03
1.532000000000000000e+03
1.541000000000000000e+03
1.547000000000000000e+03
1.556000000000000000e+03
1.565000000000000000e+03
1.571000000000000000e+03
1.580000000000000000e+03
1.589000000000000000e+03
1.595000000000000000e+03
1.604000000000000000e+03
1.613000000000000000e+03
1.619000000000000000e+03
1.628000000000000000e+03
1.637000000000000000e+03
1.643000000000000000e+03
1.652000000000000000e+03
1.661000000000000000e+03
1.667000000000000000e+03
1.676000000000000000e+03
1.685000000000000000e+03
1.691000000000000000e+03
1.700000000000000000e+03
1.709000000000000000e+03
1.715000000000000000e+03
1.724000000000000000e+03
1.730000000000000000e+03
1.739000000000000000e+03
1.748000000000000000e+03
1.754000000000000000e+03
1.763000000000000000e+03
1.772000000000000000e+03
1.778000000000000000e+03
1.787000000000000000e+03
1.796000000000000000e+03
1.802000000000000000e+03
1.811000000000000000e+03
1.820000000000000000e+03
1.826000000000000000e+03
1.835000000000000000e+03
1.844000000000000000e+03
1.850000000000000000e+03
1.859000000000000000e+03
1.868000000000000000e+03
1.874000000000000000e+03
1.883000000000000000e+03
1.892000000000000000e+03
1.898000000000000000e+03
1.907000000000000000e+03
1.916000000000000000e+03
1.922000000000000000e+03
1.931000000000000000e+03
1.940000000000000000e+03
1.946000000000000000e+03
1.955000000000000000e+03
1.964000000000000000e+03
1.970000000000000000e+03
1.979000000000000000e+03
1.988000000000000000e+03
1.994000000000000000e+03
2.003000000000000000e+03
2.012000000000000000e+03
2.018000000000000000e+03
2.027000000000000000e+03
2.036000000000000000e+03
2.042000000000000000e+03
2.051000000000000000e+03
2.060000000000000000e+03
2.066000000000000000e+03
2.075000000000000000e+03
2.084000000000000000e+03
2.090000000000000000e+03
2.099000000000000000e+03
2.108000000000000000e+03
2.114000000000000000e+03
2.123000000000000000e+03
2.132000000000000000e+03
2.138000000000000000e+03
2.147000000000000000e+03
2.156000000000000000e+03
2.162000000000000000e+03
2.171000000000000000e+03
2.180000000000000000e+03
2.186000000000000000e+03
2.195000000000000000e+03
2.204000000000000000e+03
2.210000000000000000e+03
2.219000000000000000e+03
2.228000000000000000e+03
2.234000000000000000e+03
2.243000000000000000e+03
2.252000000000000000e+03
2.258000000000000000e+03
2.267000000000000000e+03
2.276000000000000000e+03
2.282000000000000000e+03
2.291000000000000000e+03
2.300000000000000000e+03
2.306000000000000000e+03
2.315000000000000000e+03
2.321000000000000000e+03
2.330000000000000000e+03
2.339000000000000000e+03
2.345000000000000000e+03
2.354000000000000000e+03
2.363000000000000000e+03
2.369000000000000000e+03
2.378000000000000000e+03
2.384000000000000000e+03
2.393000000000000000e+03
2.402000000000000000e+03
2.408000000000000000e+03
2.417000000000000000e+03
2.426000000000000000e+03
2.432000000000000000e+03
2.441000000000000000e+03
2.450000000000000000e+03
2.456000000000000000e+03
2.465000000000000000e+03
2.474000000000000000e+03
2.480000000000000000e+03
2.489000000000000000e+03
2.498000000000000000e+03
2.504000000000000000e+03
2.513000000000000000e+03
2.522000000000000000e+03
2.528000000000000000e+03
2.537000000000000000e+03
2.546000000000000000e+03
2.552000000000000000e+03
2.561000000000000000e+03
2.570000000000000000e+03
2.576000000000000000e+03
2.585000000000000000e+03
2.594000000000000000e+03
2.603000000000000000e+03
2.609000000000000000e+03
2.618000000000000000e+03
2.627000000000000000e+03
2.633000000000000000e+03
2.642000000000000000e+03
2.651000000000000000e+03
2.657000000000000000e+03
2.666000000000000000e+03
2.675000000000000000e+03
2.681000000000000000e+03
2.690000000000000000e+03
2.696000000000000000e+03
2.705000000000000000e+03
2.714000000000000000e+03
2.720000000000000000e+03
2.729000000000000000e+03
2.738000000000000000e+03
2.744000000000000000e+03
2.753000000000000000e+03
2.762000000000000000e+03
2.768000000000000000e+03
2.777000000000000000e+03
2.786000000000000000e+03
2.792000000000000000e+03
2.801000000000000000e+03
2.810000000000000000e+03
2.816000000000000000e+03
2.825000000000000000e+03
2.834000000000000000e+03
2.840000000000000000e+03
2.849000000000000000e+03
2.855000000000000000e+03
2.864000000000000000e+03
2.873000000000000000e+03
2.879000000000000000e+03
2.888000000000000000e+03
2.897000000000000000e+03
2.903000000000000000e+03
2.912000000000000000e+03
2.921000000000000000e+03
2.927000000000000000e+03
2.936000000000000000e+03
2.945000000000000000e+03
2.951000000000000000e+03
2.960000000000000000e+03
2.969000000000000000e+03
2.975000000000000000e+03
2.984000000000000000e+03
2.993000000000000000e+03
2.999000000000000000e+03
3.008000000000000000e+03
3.014000000000000000e+03
3.023000000000000000e+03
3.029000000000000000e+03
3.038000000000000000e+03
3.044000000000000000e+03
3.053000000000000000e+03
3.062000000000000000e+03
3.068000000000000000e+03
3.077000000000000000e+03
3.086000000000000000e+03
3.092000000000000000e+03
3.101000000000000000e+03
3.107000000000000000e+03
3.116000000000000000e+03
3.125000000000000000e+03
3.131000000000000000e+03
3.140000000000000000e+03
3.149000000000000000e+03
3.155000000000000000e+03
3.164000000000000000e+03
3.173000000000000000e+03
3.179000000000000000e+03
3.188000000000000000e+03
3.197000000000000000e+03
3.203000000000000000e+03
3.212000000000000000e+03
3.221000000000000000e+03
3.227000000000000000e+03
3.236000000000000000e+03
3.245000000000000000e+03
3.251000000000000000e+03
3.260000000000000000e+03
3.269000000000000000e+03
3.275000000000000000e+03
3.284000000000000000e+03
3.293000000000000000e+03
3.299000000000000000e+03
3.308000000000000000e+03
3.317000000000000000e+03
3.323000000000000000e+03
3.332000000000000000e+03
3.341000000000000000e+03
3.347000000000000000e+03
3.356000000000000000e+03
3.365000000000000000e+03
3.371000000000000000e+03
3.380000000000000000e+03
3.386000000000000000e+03
3.395000000000000000e+03
3.404000000000000000e+03
3.410000000000000000e+03
3.419000000000000000e+03
3.428000000000000000e+03
3.434000000000000000e+03
3.443000000000000000e+03
3.452000000000000000e+03
3.458000000000000000e+03
3.467000000000000000e+03
3.473000000000000000e+03
3.482000000000000000e+03
3.488000000000000000e+03
3.497000000000000000e+03
3.503000000000000000e+03
3.512000000000000000e+03
3.518000000000000000e+03
3.527000000000000000e+03
3.536000000000000000e+03
3.542000000000000000e+03
3.551000000000000000e+03
3.560000000000000000e+03
3.566000000000000000e+03
3.575000000000000000e+03
3.584000000000000000e+03
3.590000000000000000e+03
3.599000000000000000e+03
3.608000000000000000e+03
3.614000000000000000e+03
3.623000000000000000e+03
3.632000000000000000e+03
3.638000000000000000e+03
3.647000000000000000e+03
3.656000000000000000e+03
3.662000000000000000e+03
3.671000000000000000e+03
3.680000000000000000e+03
3.686000000000000000e+03
3.695000000000000000e+03
3.704000000000000000e+03
3.710000000000000000e+03
3.719000000000000000e+03
3.728000000000000000e+03
3.737000000000000000e+03
3.743000000000000000e+03
3.752000000000000000e+03
3.761000000000000000e+03
3.767000000000000000e+03
3.776000000000000000e+03
3.785000000000000000e+03
3.791000000000000000e+03
3.800000000000000000e+03
3.809000000000000000e+03
3.815000000000000000e+03
3.824000000000000000e+03
3.833000000000000000e+03
3.839000000000000000e+03
3.848000000000000000e+03
3.857000000000000000e+03
3.863000000000000000e+03
3.872000000000000000e+03
3.881000000000000000e+03
3.887000000000000000e+03
3.896000000000000000e+03
3.905000000000000000e+03
3.911000000000000000e+03
3.920000000000000000e+03
3.929000000000000000e+03
3.935000000000000000e+03
3.944000000000000000e+03
3.950000000000000000e+03
3.959000000000000000e+03
3.965000000000000000e+03
3.974000000000000000e+03
3.983000000000000000e+03
3.989000000000000000e+03
3.998000000000000000e+03
4.007000000000000000e+03
4.013000000000000000e+03
4.022000000000000000e+03
4.028000000000000000e+03
4.037000000000000000e+03
4.043000000000000000e+03
4.052000000000000000e+03
4.061000000000000000e+03
4.067000000000000000e+03
4.076000000000000000e+03
4.085000000000000000e+03
4.091000000000000000e+03
4.100000000000000000e+03
4.106000000000000000e+03
4.115000000000000000e+03
4.124000000000000000e+03
4.130000000000000000e+03
4.139000000000000000e+03
4.148000000000000000e+03
4.154000000000000000e+03
4.163000000000000000e+03
4.172000000000000000e+03
4.178000000000000000e+03
4.187000000000000000e+03
4.196000000000000000e+03
4.202000000000000000e+03
4.211000000000000000e+03
4.220000000000000000e+03
4.226000000000000000e+03
4.235000000000000000e+03
4.244000000000000000e+03
4.250000000000000000e+03
4.259000000000000000e+03
4.268000000000000000e+03
4.274000000000000000e+03
4.283000000000000000e+03
4.292000000000000000e+03
4.298000000000000000e+03
4.307000000000000000e+03
4.316000000000000000e+03
4.322000000000000000e+03
4.331000000000000000e+03
4.337000000000000000e+03
4.346000000000000000e+03
4.355000000000000000e+03
4.361000000000000000e+03
4.370000000000000000e+03
4.379000000000000000e+03
4.385000000000000000e+03
4.394000000000000000e+03
4.403000000000000000e+03
4.409000000000000000e+03
4.418000000000000000e+03
4.427000000000000000e+03
4.433000000000000000e+03
4.442000000000000000e+03
4.451000000000000000e+03
4.457000000000000000e+03
4.466000000000000000e+03
4.475000000000000000e+03
4.481000000000000000e+03
4.490000000000000000e+03
4.499000000000000000e+03
4.505000000000000000e+03
4.514000000000000000e+03
4.523000000000000000e+03
4.529000000000000000e+03
4.538000000000000000e+03
4.547000000000000000e+03
4.553000000000000000e+03
4.562000000000000000e+03
4.571000000000000000e+03
4.577000000000000000e+03
4.586000000000000000e+03
4.592000000000000000e+03
4.601000000000000000e+03
4.607000000000000000e+03
4.616000000000000000e+03
4.625000000000000000e+03
4.631000000000000000e+03
4.640000000000000000e+03
4.649000000000000000e+03
4.658000000000000000e+03
4.664000000000000000e+03
4.673000000000000000e+03
4.682000000000000000e+03
4.688000000000000000e+03
4.697000000000000000e+03
4.706000000000000000e+03
4.712000000000000000e+03
4.721000000000000000e+03
4.730000000000000000e+03
4.739000000000000000e+03
4.745000000000000000e+03
4.754000000000000000e+03
4.763000000000000000e+03
4.769000000000000000e+03
4.778000000000000000e+03
4.787000000000000000e+03
4.793000000000000000e+03
4.802000000000000000e+03
4.808000000000000000e+03
4.817000000000000000e+03
4.823000000000000000e+03
4.832000000000000000e+03
4.841000000000000000e+03
4.847000000000000000e+03
4.856000000000000000e+03
4.865000000000000000e+03
4.871000000000000000e+03
4.880000000000000000e+03
4.889000000000000000e+03
4.895000000000000000e+03
4.904000000000000000e+03
4.913000000000000000e+03
4.919000000000000000e+03
4.928000000000000000e+03
4.934000000000000000e+03
4.943000000000000000e+03
4.952000000000000000e+03
4.958000000000000000e+03
4.967000000000000000e+03
4.976000000000000000e+03
4.982000000000000000e+03
4.991000000000000000e+03
4.997000000000000000e+03
5.006000000000000000e+03
5.012000000000000000e+03
5.021000000000000000e+03
5.030000000000000000e+03
5.036000000000000000e+03
5.045000000000000000e+03
5.054000000000000000e+03
5.060000000000000000e+03
5.069000000000000000e+03
5.078000000000000000e+03
5.084000000000000000e+03
5.093000000000000000e+03
5.102000000000000000e+03
5.108000000000000000e+03
5.117000000000000000e+03
5.123000000000000000e+03
5.132000000000000000e+03
5.141000000000000000e+03
5.150000000000000000e+03
5.156000000000000000e+03
5.165000000000000000e+03
5.174000000000000000e+03
5.183000000000000000e+03
5.189000000000000000e+03
5.198000000000000000e+03
5.207000000000000000e+03
5.213000000000000000e+03
5.222000000000000000e+03
5.231000000000000000e+03
5.237000000000000000e+03
5.246000000000000000e+03
5.252000000000000000e+03
5.261000000000000000e+03
5.270000000000000000e+03
5.276000000000000000e+03
5.285000000000000000e+03
5.294000000000000000e+03
5.300000000000000000e+03
5.309000000000000000e+03
5.318000000000000000e+03
5.324000000000000000e+03
5.333000000000000000e+03
5.339000000000000000e+03
5.348000000000000000e+03
5.357000000000000000e+03
5.363000000000000000e+03
5.372000000000000000e+03
5.381000000000000000e+03
5.387000000000000000e+03
5.396000000000000000e+03
5.405000000000000000e+03
5.411000000000000000e+03
5.420000000000000000e+03
5.429000000000000000e+03
5.435000000000000000e+03
5.444000000000000000e+03
5.453000000000000000e+03
5.459000000000000000e+03
5.468000000000000000e+03
5.477000000000000000e+03
5.483000000000000000e+03
5.492000000000000000e+03
5.501000000000000000e+03
5.507000000000000000e+03
5.516000000000000000e+03
5.522000000000000000e+03
5.531000000000000000e+03
5.540000000000000000e+03
5.546000000000000000e+03
5.555000000000000000e+03
5.564000000000000000e+03
5.570000000000000000e+03
5.579000000000000000e+03
5.588000000000000000e+03
5.594000000000000000e+03
5.603000000000000000e+03
5.612000000000000000e+03
5.618000000000000000e+03
5.627000000000000000e+03
5.636000000000000000e+03
5.642000000000000000e+03
5.651000000000000000e+03
5.660000000000000000e+03
5.666000000000000000e+03
5.675000000000000000e+03
5.684000000000000000e+03
5.690000000000000000e+03
5.699000000000000000e+03
5.708000000000000000e+03
5.714000000000000000e+03
5.723000000000000000e+03
5.732000000000000000e+03
5.738000000000000000e+03
5.747000000000000000e+03
5.756000000000000000e+03
5.762000000000000000e+03
5.771000000000000000e+03
5.780000000000000000e+03
5.786000000000000000e+03
5.795000000000000000e+03
5.804000000000000000e+03
5.810000000000000000e+03
5.819000000000000000e+03
5.828000000000000000e+03
5.834000000000000000e+03
5.843000000000000000e+03
5.852000000000000000e+03
5.858000000000000000e+03
5.867000000000000000e+03
5.873000000000000000e+03
5.882000000000000000e+03
5.891000000000000000e+03
5.897000000000000000e+03
5.906000000000000000e+03
5.915000000000000000e+03
5.924000000000000000e+03
5.930000000000000000e+03
5.939000000000000000e+03
5.948000000000000000e+03
5.954000000000000000e+03
5.963000000000000000e+03
5.972000000000000000e+03
5.978000000000000000e+03
5.987000000000000000e+03
5.996000000000000000e+03
6.002000000000000000e+03
6.011000000000000000e+03
6.017000000000000000e+03
6.026000000000000000e+03
6.035000000000000000e+03
6.041000000000000000e+03
6.050000000000000000e+03
6.059000000000000000e+03
6.065000000000000000e+03
6.074000000000000000e+03
6.083000000000000000e+03
6.089000000000000000e+03
6.098000000000000000e+03
6.104000000000000000e+03
6.113000000000000000e+03
6.122000000000000000e+03
6.128000000000000000e+03
6.137000000000000000e+03
6.146000000000000000e+03
6.152000000000000000e+03
6.161000000000000000e+03
6.170000000000000000e+03
6.176000000000000000e+03
6.185000000000000000e+03
6.194000000000000000e+03
6.200000000000000000e+03
6.209000000000000000e+03
6.215000000000000000e+03
6.224000000000000000e+03
6.233000000000000000e+03
6.239000000000000000e+03
6.248000000000000000e+03
6.257000000000000000e+03
6.263000000000000000e+03
6.272000000000000000e+03
6.278000000000000000e+03
6.287000000000000000e+03
6.296000000000000000e+03
6.302000000000000000e+03
6.311000000000000000e+03
6.320000000000000000e+03
6.326000000000000000e+03
6.335000000000000000e+03
6.344000000000000000e+03
6.350000000000000000e+03
6.359000000000000000e+03
6.368000000000000000e+03
6.374000000000000000e+03
6.383000000000000000e+03
6.389000000000000000e+03
6.398000000000000000e+03
6.407000000000000000e+03
6.413000000000000000e+03
6.422000000000000000e+03
6.431000000000000000e+03
6.437000000000000000e+03
6.446000000000000000e+03
6.455000000000000000e+03
6.461000000000000000e+03
6.470000000000000000e+03
6.479000000000000000e+03
6.485000000000000000e+03
6.494000000000000000e+03
6.503000000000000000e+03
6.509000000000000000e+03
6.518000000000000000e+03
6.527000000000000000e+03
6.533000000000000000e+03
6.542000000000000000e+03
6.551000000000000000e+03
