4.140000000000000000e+02
4.200000000000000000e+02
4.290000000000000000e+02
4.380000000000000000e+02
4.440000000000000000e+02
4.530000000000000000e+02
4.620000000000000000e+02
4.680000000000000000e+02
4.770000000000000000e+02
4.860000000000000000e+02
4.950000000000000000e+02
5.010000000000000000e+02
5.100000000000000000e+02
5.190000000000000000e+02
5.250000000000000000e+02
5.340000000000000000e+02
5.400000000000000000e+02
5.490000000000000000e+02
5.550000000000000000e+02
5.640000000000000000e+02
5.730000000000000000e+02
5.790000000000000000e+02
5.880000000000000000e+02
5.970000000000000000e+02
6.030000000000000000e+02
6.120000000000000000e+02
6.210000000000000000e+02
6.270000000000000000e+02
6.360000000000000000e+02
6.450000000000000000e+02
6.510000000000000000e+02
6.600000000000000000e+02
6.690000000000000000e+02
6.750000000000000000e+02
6.840000000000000000e+02
6.930000000000000000e+02
6.990000000000000000e+02
7.080000000000000000e+02
7.170000000000000000e+02
7.230000000000000000e+02
7.320000000000000000e+02
7.380000000000000000e+02
7.470000000000000000e+02
7.560000000000000000e+02
7.620000000000000000e+02
7.710000000000000000e+02
7.800000000000000000e+02
7.860000000000000000e+02
7.950000000000000000e+02
8.040000000000000000e+02
8.100000000000000000e+02
8.190000000000000000e+02
8.280000000000000000e+02
8.340000000000000000e+02
8.430000000000000000e+02
8.490000000000000000e+02
8.580000000000000000e+02
8.670000000000000000e+02
8.730000000000000000e+02
8.820000000000000000e+02
8.910000000000000000e+02
8.970000000000000000e+02
9.060000000000000000e+02
9.120000000000000000e+02
9.210000000000000000e+02
9.300000000000000000e+02
9.360000000000000000e+02
9.450000000000000000e+02
9.540000000000000000e+02
9.600000000000000000e+02
9.690000000000000000e+02
9.780000000000000000e+02
9.840000000000000000e+02
9.930000000000000000e+02
9.990000000000000000e+02
1.008000000000000000e+03
1.017000000000000000e+03
1.023000000000000000e+03
1.032000000000000000e+03
1.041000000000000000e+03
1.050000000000000000e+03
1.056000000000000000e+03
1.065000000000000000e+03
1.074000000000000000e+03
1.080000000000000000e+03
1.089000000000000000e+03
1.098000000000000000e+03
1.104000000000000000e+03
1.113000000000000000e+03
1.119000000000000000e+03
1.128000000000000000e+03
1.134000000000000000e+03
1.143000000000000000e+03
1.149000000000000000e+03
1.158000000000000000e+03
1.164000000000000000e+03
1.173000000000000000e+03
1.182000000000000000e+03
1.188000000000000000e+03
1.197000000000000000e+03
1.206000000000000000e+03
1.212000000000000000e+03
1.221000000000000000e+03
1.230000000000000000e+03
1.236000000000000000e+03
1.245000000000000000e+03
1.254000000000000000e+03
1.260000000000000000e+03
1.269000000000000000e+03
1.278000000000000000e+03
1.284000000000000000e+03
1.293000000000000000e+03
1.302000000000000000e+03
1.308000000000000000e+03
1.317000000000000000e+03
1.326000000000000000e+03
1.332000000000000000e+03
1.341000000000000000e+03
1.350000000000000000e+03
1.356000000000000000e+03
1.365000000000000000e+03
1.374000000000000000e+03
1.380000000000000000e+03
1.389000000000000000e+03
1.398000000000000000e+03
1.404000000000000000e+03
1.413000000000000000e+03
1.422000000000000000e+03
1.428000000000000000e+03
1.437000000000000000e+03
1.446000000000000000e+03
1.452000000000000000e+03
1.461000000000000000e+03
1.470000000000000000e+03
1.476000000000000000e+03
1.485000000000000000e+03
1.494000000000000000e+03
1.500000000000000000e+03
1.509000000000000000e+03
1.515000000000000000e+03
1.524000000000000000e+03
1.533000000000000000e+03
1.539000000000000000e+03
1.548000000000000000e+03
1.557000000000000000e+03
1.563000000000000000e+03
1.572000000000000000e+03
1.581000000000000000e+03
1.587000000000000000e+03
1.596000000000000000e+03
1.602000000000000000e+03
1.611000000000000000e+03
1.620000000000000000e+03
1.626000000000000000e+03
1.635000000000000000e+03
1.641000000000000000e+03
1.650000000000000000e+03
1.659000000000000000e+03
1.665000000000000000e+03
1.674000000000000000e+03
1.683000000000000000e+03
1.689000000000000000e+03
1.698000000000000000e+03
1.707000000000000000e+03
1.713000000000000000e+03
1.722000000000000000e+03
1.731000000000000000e+03
1.737000000000000000e+03
1.746000000000000000e+03
1.752000000000000000e+03
1.761000000000000000e+03
1.770000000000000000e+03
1.776000000000000000e+03
1.785000000000000000e+03
1.794000000000000000e+03
1.800000000000000000e+03
1.809000000000000000e+03
1.818000000000000000e+03
1.824000000000000000e+03
1.833000000000000000e+03
1.842000000000000000e+03
1.848000000000000000e+03
1.857000000000000000e+03
1.866000000000000000e+03
1.872000000000000000e+03
1.881000000000000000e+03
1.890000000000000000e+03
1.896000000000000000e+03
1.905000000000000000e+03
1.914000000000000000e+03
1.920000000000000000e+03
1.929000000000000000e+03
1.938000000000000000e+03
1.944000000000000000e+03
1.953000000000000000e+03
1.962000000000000000e+03
1.968000000000000000e+03
1.977000000000000000e+03
1.983000000000000000e+03
1.992000000000000000e+03
2.001000000000000000e+03
2.007000000000000000e+03
2.016000000000000000e+03
2.025000000000000000e+03
2.031000000000000000e+03
2.040000000000000000e+03
2.049000000000000000e+03
2.058000000000000000e+03
2.064000000000000000e+03
2.073000000000000000e+03
2.082000000000000000e+03
2.088000000000000000e+03
2.097000000000000000e+03
2.106000000000000000e+03
2.112000000000000000e+03
2.121000000000000000e+03
2.127000000000000000e+03
2.136000000000000000e+03
2.145000000000000000e+03
2.151000000000000000e+03
2.160000000000000000e+03
2.166000000000000000e+03
2.175000000000000000e+03
2.184000000000000000e+03
2.190000000000000000e+03
2.199000000000000000e+03
2.208000000000000000e+03
2.214000000000000000e+03
2.223000000000000000e+03
2.232000000000000000e+03
2.238000000000000000e+03
2.247000000000000000e+03
2.256000000000000000e+03
2.262000000000000000e+03
2.271000000000000000e+03
2.280000000000000000e+03
2.286000000000000000e+03
2.295000000000000000e+03
2.304000000000000000e+03
2.310000000000000000e+03
2.319000000000000000e+03
2.328000000000000000e+03
2.334000000000000000e+03
2.343000000000000000e+03
2.349000000000000000e+03
2.358000000000000000e+03
2.367000000000000000e+03
2.373000000000000000e+03
2.382000000000000000e+03
2.391000000000000000e+03
2.397000000000000000e+03
2.406000000000000000e+03
2.415000000000000000e+03
2.421000000000000000e+03
2.430000000000000000e+03
2.439000000000000000e+03
2.445000000000000000e+03
2.454000000000000000e+03
2.463000000000000000e+03
2.469000000000000000e+03
2.478000000000000000e+03
2.487000000000000000e+03
2.493000000000000000e+03
2.502000000000000000e+03
2.511000000000000000e+03
2.517000000000000000e+03
2.526000000000000000e+03
2.535000000000000000e+03
2.541000000000000000e+03
2.550000000000000000e+03
2.559000000000000000e+03
2.568000000000000000e+03
2.574000000000000000e+03
2.583000000000000000e+03
2.589000000000000000e+03
2.598000000000000000e+03
2.604000000000000000e+03
2.613000000000000000e+03
2.622000000000000000e+03
2.628000000000000000e+03
2.637000000000000000e+03
2.646000000000000000e+03
2.652000000000000000e+03
2.661000000000000000e+03
2.670000000000000000e+03
2.676000000000000000e+03
2.685000000000000000e+03
2.694000000000000000e+03
2.700000000000000000e+03
2.709000000000000000e+03
2.718000000000000000e+03
2.724000000000000000e+03
2.733000000000000000e+03
2.742000000000000000e+03
2.751000000000000000e+03
2.757000000000000000e+03
2.766000000000000000e+03
2.775000000000000000e+03
2.781000000000000000e+03
2.790000000000000000e+03
2.799000000000000000e+03
2.805000000000000000e+03
2.814000000000000000e+03
2.823000000000000000e+03
2.829000000000000000e+03
2.838000000000000000e+03
2.847000000000000000e+03
2.853000000000000000e+03
2.862000000000000000e+03
2.868000000000000000e+03
2.877000000000000000e+03
2.883000000000000000e+03
2.892000000000000000e+03
2.901000000000000000e+03
2.907000000000000000e+03
2.916000000000000000e+03
2.922000000000000000e+03
2.931000000000000000e+03
2.940000000000000000e+03
2.946000000000000000e+03
2.955000000000000000e+03
2.964000000000000000e+03
2.970000000000000000e+03
2.979000000000000000e+03
2.988000000000000000e+03
2.994000000000000000e+03
3.003000000000000000e+03
3.012000000000000000e+03
3.018000000000000000e+03
3.027000000000000000e+03
3.036000000000000000e+03
3.042000000000000000e+03
3.051000000000000000e+03
3.060000000000000000e+03
3.066000000000000000e+03
3.075000000000000000e+03
3.084000000000000000e+03
3.090000000000000000e+03
3.099000000000000000e+03
3.108000000000000000e+03
3.114000000000000000e+03
3.123000000000000000e+03
3.132000000000000000e+03
3.138000000000000000e+03
3.147000000000000000e+03
3.156000000000000000e+03
3.162000000000000000e+03
3.171000000000000000e+03
3.180000000000000000e+03
3.186000000000000000e+03
3.195000000000000000e+03
3.204000000000000000e+03
3.210000000000000000e+03
3.219000000000000000e+03
3.228000000000000000e+03
3.234000000000000000e+03
3.243000000000000000e+03
3.252000000000000000e+03
3.258000000000000000e+03
3.267000000000000000e+03
3.276000000000000000e+03
3.282000000000000000e+03
3.291000000000000000e+03
3.300000000000000000e+03
3.306000000000000000e+03
3.315000000000000000e+03
3.321000000000000000e+03
3.330000000000000000e+03
3.339000000000000000e+03
3.345000000000000000e+03
3.354000000000000000e+03
3.363000000000000000e+03
3.369000000000000000e+03
3.378000000000000000e+03
3.387000000000000000e+03
3.393000000000000000e+03
3.402000000000000000e+03
3.408000000000000000e+03
3.417000000000000000e+03
3.423000000000000000e+03
3.432000000000000000e+03
3.441000000000000000e+03
3.447000000000000000e+03
3.456000000000000000e+03
3.462000000000000000e+03
3.471000000000000000e+03
3.480000000000000000e+03
3.486000000000000000e+03
3.495000000000000000e+03
3.504000000000000000e+03
3.510000000000000000e+03
3.519000000000000000e+03
3.528000000000000000e+03
3.534000000000000000e+03
3.543000000000000000e+03
3.552000000000000000e+03
3.558000000000000000e+03
3.567000000000000000e+03
3.576000000000000000e+03
3.582000000000000000e+03
3.591000000000000000e+03
3.597000000000000000e+03
3.606000000000000000e+03
3.615000000000000000e+03
3.621000000000000000e+03
3.630000000000000000e+03
3.639000000000000000e+03
3.645000000000000000e+03
3.654000000000000000e+03
3.663000000000000000e+03
3.669000000000000000e+03
3.678000000000000000e+03
3.684000000000000000e+03
3.693000000000000000e+03
3.702000000000000000e+03
3.708000000000000000e+03
3.717000000000000000e+03
3.726000000000000000e+03
3.732000000000000000e+03
3.741000000000000000e+03
3.750000000000000000e+03
3.756000000000000000e+03
3.765000000000000000e+03
3.774000000000000000e+03
3.780000000000000000e+03
3.789000000000000000e+03
3.798000000000000000e+03
3.804000000000000000e+03
3.813000000000000000e+03
3.822000000000000000e+03
3.828000000000000000e+03
3.837000000000000000e+03
3.846000000000000000e+03
3.852000000000000000e+03
3.861000000000000000e+03
3.870000000000000000e+03
3.876000000000000000e+03
3.885000000000000000e+03
3.894000000000000000e+03
3.900000000000000000e+03
3.909000000000000000e+03
3.915000000000000000e+03
3.924000000000000000e+03
3.933000000000000000e+03
3.939000000000000000e+03
3.948000000000000000e+03
3.957000000000000000e+03
3.963000000000000000e+03
3.972000000000000000e+03
3.981000000000000000e+03
3.987000000000000000e+03
3.996000000000000000e+03
4.002000000000000000e+03
4.011000000000000000e+03
4.017000000000000000e+03
4.026000000000000000e+03
4.035000000000000000e+03
4.041000000000000000e+03
4.050000000000000000e+03
4.059000000000000000e+03
4.065000000000000000e+03
4.074000000000000000e+03
4.083000000000000000e+03
4.089000000000000000e+03
4.098000000000000000e+03
4.107000000000000000e+03
4.113000000000000000e+03
4.122000000000000000e+03
4.128000000000000000e+03
4.137000000000000000e+03
4.146000000000000000e+03
4.152000000000000000e+03
4.161000000000000000e+03
4.170000000000000000e+03
4.176000000000000000e+03
4.185000000000000000e+03
4.194000000000000000e+03
4.200000000000000000e+03
4.209000000000000000e+03
4.218000000000000000e+03
4.224000000000000000e+03
4.233000000000000000e+03
4.242000000000000000e+03
4.248000000000000000e+03
4.257000000000000000e+03
4.266000000000000000e+03
4.272000000000000000e+03
4.281000000000000000e+03
4.290000000000000000e+03
4.296000000000000000e+03
4.305000000000000000e+03
4.314000000000000000e+03
4.320000000000000000e+03
4.329000000000000000e+03
4.338000000000000000e+03
4.344000000000000000e+03
4.353000000000000000e+03
4.362000000000000000e+03
4.368000000000000000e+03
4.377000000000000000e+03
4.386000000000000000e+03
4.392000000000000000e+03
4.401000000000000000e+03
4.410000000000000000e+03
4.416000000000000000e+03
4.425000000000000000e+03
4.431000000000000000e+03
4.440000000000000000e+03
4.449000000000000000e+03
4.458000000000000000e+03
4.464000000000000000e+03
4.473000000000000000e+03
4.482000000000000000e+03
4.488000000000000000e+03
4.497000000000000000e+03
4.503000000000000000e+03
4.512000000000000000e+03
4.518000000000000000e+03
4.527000000000000000e+03
4.536000000000000000e+03
4.542000000000000000e+03
4.551000000000000000e+03
4.560000000000000000e+03
4.566000000000000000e+03
4.575000000000000000e+03
4.584000000000000000e+03
4.590000000000000000e+03
4.599000000000000000e+03
4.608000000000000000e+03
4.617000000000000000e+03
4.623000000000000000e+03
4.632000000000000000e+03
4.641000000000000000e+03
4.647000000000000000e+03
4.656000000000000000e+03
4.665000000000000000e+03
4.671000000000000000e+03
4.680000000000000000e+03
4.689000000000000000e+03
4.695000000000000000e+03
4.704000000000000000e+03
4.713000000000000000e+03
4.719000000000000000e+03
4.728000000000000000e+03
4.737000000000000000e+03
4.743000000000000000e+03
4.752000000000000000e+03
4.761000000000000000e+03
4.767000000000000000e+03
4.776000000000000000e+03
4.785000000000000000e+03
4.791000000000000000e+03
4.800000000000000000e+03
4.809000000000000000e+03
4.815000000000000000e+03
4.824000000000000000e+03
4.830000000000000000e+03
4.839000000000000000e+03
4.845000000000000000e+03
4.854000000000000000e+03
4.863000000000000000e+03
4.869000000000000000e+03
4.878000000000000000e+03
4.887000000000000000e+03
4.893000000000000000e+03
4.902000000000000000e+03
4.911000000000000000e+03
4.917000000000000000e+03
4.926000000000000000e+03
4.935000000000000000e+03
4.941000000000000000e+03
4.950000000000000000e+03
4.959000000000000000e+03
4.965000000000000000e+03
4.974000000000000000e+03
4.983000000000000000e+03
4.989000000000000000e+03
4.998000000000000000e+03
5.004000000000000000e+03
5.013000000000000000e+03
5.022000000000000000e+03
5.028000000000000000e+03
5.037000000000000000e+03
5.046000000000000000e+03
5.052000000000000000e+03
5.061000000000000000e+03
5.070000000000000000e+03
5.076000000000000000e+03
5.085000000000000000e+03
5.091000000000000000e+03
5.100000000000000000e+03
5.109000000000000000e+03
5.115000000000000000e+03
5.124000000000000000e+03
5.133000000000000000e+03
5.139000000000000000e+03
5.148000000000000000e+03
5.154000000000000000e+03
5.163000000000000000e+03
5.169000000000000000e+03
5.178000000000000000e+03
5.187000000000000000e+03
5.193000000000000000e+03
5.202000000000000000e+03
5.211000000000000000e+03
5.217000000000000000e+03
5.226000000000000000e+03
5.235000000000000000e+03
5.241000000000000000e+03
5.250000000000000000e+03
5.259000000000000000e+03
5.265000000000000000e+03
5.274000000000000000e+03
5.283000000000000000e+03
5.289000000000000000e+03
5.298000000000000000e+03
5.307000000000000000e+03
5.313000000000000000e+03
5.322000000000000000e+03
5.331000000000000000e+03
5.337000000000000000e+03
5.346000000000000000e+03
5.355000000000000000e+03
5.361000000000000000e+03
5.370000000000000000e+03
5.379000000000000000e+03
5.385000000000000000e+03
5.394000000000000000e+03
5.403000000000000000e+03
5.409000000000000000e+03
5.418000000000000000e+03
5.427000000000000000e+03
5.433000000000000000e+03
5.442000000000000000e+03
5.451000000000000000e+03
5.457000000000000000e+03
5.466000000000000000e+03
5.472000000000000000e+03
5.481000000000000000e+03
5.490000000000000000e+03
5.496000000000000000e+03
5.505000000000000000e+03
5.514000000000000000e+03
5.520000000000000000e+03
5.529000000000000000e+03
5.538000000000000000e+03
5.544000000000000000e+03
5.553000000000000000e+03
5.562000000000000000e+03
5.568000000000000000e+03
5.577000000000000000e+03
5.586000000000000000e+03
5.592000000000000000e+03
5.601000000000000000e+03
5.610000000000000000e+03
5.616000000000000000e+03
5.625000000000000000e+03
5.634000000000000000e+03
5.640000000000000000e+03
5.649000000000000000e+03
5.658000000000000000e+03
5.664000000000000000e+03
5.673000000000000000e+03
5.679000000000000000e+03
5.688000000000000000e+03
5.697000000000000000e+03
5.703000000000000000e+03
5.712000000000000000e+03
5.721000000000000000e+03
5.727000000000000000e+03
5.736000000000000000e+03
5.745000000000000000e+03
5.751000000000000000e+03
5.760000000000000000e+03
5.769000000000000000e+03
5.775000000000000000e+03
5.784000000000000000e+03
5.793000000000000000e+03
5.799000000000000000e+03
5.808000000000000000e+03
5.817000000000000000e+03
5.823000000000000000e+03
5.832000000000000000e+03
5.841000000000000000e+03
5.847000000000000000e+03
5.856000000000000000e+03
5.865000000000000000e+03
5.871000000000000000e+03
5.880000000000000000e+03
5.889000000000000000e+03
5.895000000000000000e+03
5.904000000000000000e+03
5.913000000000000000e+03
5.919000000000000000e+03
5.928000000000000000e+03
5.937000000000000000e+03
5.943000000000000000e+03
5.952000000000000000e+03
5.961000000000000000e+03
5.967000000000000000e+03
5.976000000000000000e+03
5.985000000000000000e+03
5.994000000000000000e+03
6.000000000000000000e+03
6.009000000000000000e+03
6.018000000000000000e+03
6.024000000000000000e+03
6.033000000000000000e+03
6.042000000000000000e+03
6.048000000000000000e+03
6.057000000000000000e+03
6.066000000000000000e+03
6.072000000000000000e+03
6.081000000000000000e+03
6.090000000000000000e+03
6.096000000000000000e+03
6.105000000000000000e+03
6.114000000000000000e+03
6.120000000000000000e+03
6.129000000000000000e+03
6.138000000000000000e+03
6.144000000000000000e+03
6.153000000000000000e+03
6.162000000000000000e+03
6.168000000000000000e+03
6.177000000000000000e+03
6.186000000000000000e+03
6.192000000000000000e+03
6.201000000000000000e+03
6.210000000000000000e+03
6.216000000000000000e+03
6.225000000000000000e+03
6.234000000000000000e+03
6.240000000000000000e+03
6.249000000000000000e+03
6.258000000000000000e+03
6.264000000000000000e+03
6.273000000000000000e+03
6.282000000000000000e+03
6.288000000000000000e+03
6.297000000000000000e+03
6.303000000000000000e+03
6.312000000000000000e+03
6.321000000000000000e+03
6.327000000000000000e+03
6.336000000000000000e+03
6.345000000000000000e+03
6.351000000000000000e+03
6.360000000000000000e+03
6.369000000000000000e+03
6.375000000000000000e+03
6.384000000000000000e+03
6.393000000000000000e+03
6.399000000000000000e+03
6.408000000000000000e+03
6.414000000000000000e+03
