0.000000000000000000e+00 1.265756334662043698e-311 1.265403962363639924e-311
1.565600000000000023e+02 -1.469500000000000171e+02 -1.359740000000000009e+03
1.561800000000000068e+02 -1.469500000000000171e+02 -1.359789999999999964e+03
1.561800000000000068e+02 -1.469500000000000171e+02 -1.359779999999999973e+03
1.561800000000000068e+02 -1.469500000000000171e+02 -1.359799999999999955e+03
1.561800000000000068e+02 -1.469500000000000171e+02 -1.359829999999999927e+03
1.561700000000000159e+02 -1.469399999999999977e+02 -1.359789999999999964e+03
1.561800000000000068e+02 -1.469500000000000171e+02 -1.359819999999999936e+03
1.561800000000000068e+02 -1.469500000000000171e+02 -1.359779999999999973e+03
1.561899999999999977e+02 -1.469600000000000080e+02 -1.359809999999999945e+03
1.561800000000000068e+02 -1.469500000000000171e+02 -1.359799999999999955e+03
1.561800000000000068e+02 -1.469500000000000171e+02 -1.359819999999999936e+03
1.561800000000000068e+02 -1.469500000000000171e+02 -1.359809999999999945e+03
1.561800000000000068e+02 -1.469500000000000171e+02 -1.359809999999999945e+03
1.561800000000000068e+02 -1.469500000000000171e+02 -1.359819999999999936e+03
1.561800000000000068e+02 -1.469399999999999977e+02 -1.359779999999999973e+03
1.561800000000000068e+02 -1.469399999999999977e+02 -1.359789999999999964e+03
1.561800000000000068e+02 -1.469500000000000171e+02 -1.359789999999999964e+03
1.561800000000000068e+02 -1.469399999999999977e+02 -1.359819999999999936e+03
1.561700000000000159e+02 -1.469399999999999977e+02 -1.359769999999999982e+03
1.561800000000000068e+02 -1.469399999999999977e+02 -1.359769999999999982e+03
