6.952441752613498951e-310 2.121995829008327045e-314 9.707863719049957401e-312
-6.173000000000000398e+01 -6.284000000000000341e+01 -1.314450000000000045e+03
-6.174000000000000199e+01 -6.284000000000000341e+01 -1.313829999999999927e+03
-6.167999999999999972e+01 -6.284000000000000341e+01 -1.312329999999999927e+03
-6.156000000000000227e+01 -6.284000000000000341e+01 -1.311289999999999964e+03
-6.142999999999999972e+01 -6.285000000000000142e+01 -1.309789999999999964e+03
-6.139000000000000057e+01 -6.285000000000000142e+01 -1.308789999999999964e+03
-6.130000000000000426e+01 -6.284000000000000341e+01 -1.307329999999999927e+03
-6.120000000000000284e+01 -6.285000000000000142e+01 -1.306329999999999927e+03
-6.112000000000000455e+01 -6.285000000000000142e+01 -1.304829999999999927e+03
-6.107000000000000028e+01 -6.285000000000000142e+01 -1.303829999999999927e+03
-6.095000000000000284e+01 -6.285000000000000142e+01 -1.302360000000000127e+03
-6.084000000000000341e+01 -6.285999999999999943e+01 -1.300809999999999945e+03
-6.077000000000000313e+01 -6.285999999999999943e+01 -1.299819999999999936e+03
-6.064999999999999858e+01 -6.285000000000000142e+01 -1.298329999999999927e+03
-6.055000000000000426e+01 -6.285999999999999943e+01 -1.296850000000000136e+03
-6.050999999999999801e+01 -6.285999999999999943e+01 -1.295819999999999936e+03
-6.039000000000000057e+01 -6.285999999999999943e+01 -1.294350000000000136e+03
-6.035999999999999943e+01 -6.285999999999999943e+01 -1.293370000000000118e+03
-6.028999999999999915e+01 -6.285999999999999943e+01 -1.291860000000000127e+03
-6.013000000000000256e+01 -6.285999999999999943e+01 -1.290360000000000127e+03
-6.009000000000000341e+01 -6.285000000000000142e+01 -1.289390000000000100e+03
-6.002000000000000313e+01 -6.285000000000000142e+01 -1.287870000000000118e+03
-5.993999999999999773e+01 -6.285000000000000142e+01 -1.286890000000000100e+03
-5.985000000000000142e+01 -6.285000000000000142e+01 -1.285350000000000136e+03
-5.981000000000000227e+01 -6.285000000000000142e+01 -1.284400000000000091e+03
-5.968999999999999773e+01 -6.285999999999999943e+01 -1.282910000000000082e+03
-5.962000000000000455e+01 -6.285999999999999943e+01 -1.281390000000000100e+03
-5.950000000000000000e+01 -6.285999999999999943e+01 -1.280360000000000127e+03
-5.935999999999999943e+01 -6.285999999999999943e+01 -1.278880000000000109e+03
-5.934000000000000341e+01 -6.285999999999999943e+01 -1.277900000000000091e+03
-5.921000000000000085e+01 -6.285999999999999943e+01 -1.276390000000000100e+03
-5.910999999999999943e+01 -6.285999999999999943e+01 -1.275400000000000091e+03
-5.900999999999999801e+01 -6.285999999999999943e+01 -1.273860000000000127e+03
-5.892000000000000171e+01 -6.287000000000000455e+01 -1.272400000000000091e+03
-5.882999999999999829e+01 -6.287000000000000455e+01 -1.271410000000000082e+03
-5.874000000000000199e+01 -6.287000000000000455e+01 -1.269870000000000118e+03
-5.857999999999999829e+01 -6.285999999999999943e+01 -1.268360000000000127e+03
-5.855000000000000426e+01 -6.285999999999999943e+01 -1.267370000000000118e+03
-5.846000000000000085e+01 -6.285999999999999943e+01 -1.265890000000000100e+03
-5.838000000000000256e+01 -6.285999999999999943e+01 -1.264910000000000082e+03
-5.842000000000000171e+01 -6.285999999999999943e+01 -1.265710000000000036e+03
-5.846999999999999886e+01 -6.287000000000000455e+01 -1.267180000000000064e+03
-5.857999999999999829e+01 -6.287000000000000455e+01 -1.268690000000000055e+03
-5.871000000000000085e+01 -6.287000000000000455e+01 -1.269700000000000045e+03
-5.882000000000000028e+01 -6.287000000000000455e+01 -1.271200000000000045e+03
-5.889999999999999858e+01 -6.287000000000000455e+01 -1.272670000000000073e+03
-5.896999999999999886e+01 -6.287000000000000455e+01 -1.273670000000000073e+03
-5.906000000000000227e+01 -6.287000000000000455e+01 -1.275210000000000036e+03
-5.921000000000000085e+01 -6.287000000000000455e+01 -1.276230000000000018e+03
-5.930000000000000426e+01 -6.285999999999999943e+01 -1.277730000000000018e+03
-5.937000000000000455e+01 -6.287000000000000455e+01 -1.279220000000000027e+03
-5.948000000000000398e+01 -6.287000000000000455e+01 -1.280250000000000000e+03
-5.959000000000000341e+01 -6.285999999999999943e+01 -1.281730000000000018e+03
-5.967999999999999972e+01 -6.287000000000000455e+01 -1.283230000000000018e+03
-5.977000000000000313e+01 -6.285999999999999943e+01 -1.284190000000000055e+03
-5.982000000000000028e+01 -6.285000000000000142e+01 -1.285700000000000045e+03
-5.993999999999999773e+01 -6.285000000000000142e+01 -1.287190000000000055e+03
-6.002000000000000313e+01 -6.285000000000000142e+01 -1.288190000000000055e+03
-6.005000000000000426e+01 -6.285999999999999943e+01 -1.289680000000000064e+03
-6.014000000000000057e+01 -6.285999999999999943e+01 -1.290680000000000064e+03
-6.032000000000000028e+01 -6.285000000000000142e+01 -1.292180000000000064e+03
-6.032999999999999829e+01 -6.287000000000000455e+01 -1.293650000000000091e+03
-6.039999999999999858e+01 -6.285999999999999943e+01 -1.294640000000000100e+03
-6.050000000000000000e+01 -6.287000000000000455e+01 -1.296170000000000073e+03
-6.053000000000000114e+01 -6.285999999999999943e+01 -1.297160000000000082e+03
-6.064999999999999858e+01 -6.285999999999999943e+01 -1.298630000000000109e+03
-6.074000000000000199e+01 -6.285999999999999943e+01 -1.299630000000000109e+03
-6.081000000000000227e+01 -6.287000000000000455e+01 -1.301160000000000082e+03
-6.096999999999999886e+01 -6.285999999999999943e+01 -1.302660000000000082e+03
-6.103999999999999915e+01 -6.285999999999999943e+01 -1.303670000000000073e+03
-6.107000000000000028e+01 -6.285999999999999943e+01 -1.305120000000000118e+03
-6.113000000000000256e+01 -6.285999999999999943e+01 -1.306089999999999918e+03
-6.134000000000000341e+01 -6.285000000000000142e+01 -1.307640000000000100e+03
-6.138000000000000256e+01 -6.285000000000000142e+01 -1.309140000000000100e+03
-6.142000000000000171e+01 -6.285000000000000142e+01 -1.310110000000000127e+03
-6.160000000000000142e+01 -6.284000000000000341e+01 -1.311630000000000109e+03
-6.166000000000000369e+01 -6.284000000000000341e+01 -1.312630000000000109e+03
-6.171000000000000085e+01 -6.284000000000000341e+01 -1.314069999999999936e+03
-6.175000000000000000e+01 -6.284000000000000341e+01 -1.313860000000000127e+03
-6.169000000000000483e+01 -6.284000000000000341e+01 -1.312350000000000136e+03
-6.153999999999999915e+01 -6.284000000000000341e+01 -1.311299999999999955e+03
-6.141000000000000369e+01 -6.285000000000000142e+01 -1.309789999999999964e+03
-6.139999999999999858e+01 -6.284000000000000341e+01 -1.308819999999999936e+03
-6.130000000000000426e+01 -6.284000000000000341e+01 -1.307350000000000136e+03
-6.113000000000000256e+01 -6.285000000000000142e+01 -1.305860000000000127e+03
-6.110999999999999943e+01 -6.285000000000000142e+01 -1.304839999999999918e+03
-6.103999999999999915e+01 -6.284000000000000341e+01 -1.303319999999999936e+03
-6.089000000000000057e+01 -6.285999999999999943e+01 -1.301819999999999936e+03
-6.082999999999999829e+01 -6.285999999999999943e+01 -1.300829999999999927e+03
-6.073000000000000398e+01 -6.285000000000000142e+01 -1.299329999999999927e+03
-6.060999999999999943e+01 -6.285999999999999943e+01 -1.297819999999999936e+03
-6.053999999999999915e+01 -6.285999999999999943e+01 -1.296839999999999918e+03
-6.046000000000000085e+01 -6.285999999999999943e+01 -1.295350000000000136e+03
-6.038000000000000256e+01 -6.285999999999999943e+01 -1.293870000000000118e+03
-6.035999999999999943e+01 -6.285999999999999943e+01 -1.292880000000000109e+03
-6.021000000000000085e+01 -6.285999999999999943e+01 -1.291360000000000127e+03
-6.012000000000000455e+01 -6.285999999999999943e+01 -1.290360000000000127e+03
-6.009000000000000341e+01 -6.285000000000000142e+01 -1.288870000000000118e+03
-6.003000000000000114e+01 -6.285000000000000142e+01 -1.287880000000000109e+03
-5.987000000000000455e+01 -6.285000000000000142e+01 -1.286400000000000091e+03
-5.985999999999999943e+01 -6.285000000000000142e+01 -1.284920000000000073e+03
-5.974000000000000199e+01 -6.285000000000000142e+01 -1.283900000000000091e+03
-5.967000000000000171e+01 -6.285000000000000142e+01 -1.282420000000000073e+03
-5.955000000000000426e+01 -6.285999999999999943e+01 -1.280900000000000091e+03
-5.945000000000000284e+01 -6.285999999999999943e+01 -1.279880000000000109e+03
-5.938000000000000256e+01 -6.285999999999999943e+01 -1.278400000000000091e+03
-5.934000000000000341e+01 -6.285999999999999943e+01 -1.277420000000000073e+03
-5.916000000000000369e+01 -6.287000000000000455e+01 -1.275920000000000073e+03
-5.907000000000000028e+01 -6.287000000000000455e+01 -1.274900000000000091e+03
-5.900000000000000000e+01 -6.285999999999999943e+01 -1.273390000000000100e+03
-5.891000000000000369e+01 -6.285999999999999943e+01 -1.272380000000000109e+03
-5.881000000000000227e+01 -6.285999999999999943e+01 -1.270900000000000091e+03
-5.873000000000000398e+01 -6.287000000000000455e+01 -1.269920000000000073e+03
-5.857999999999999829e+01 -6.287000000000000455e+01 -1.268410000000000082e+03
-5.853999999999999915e+01 -6.285999999999999943e+01 -1.267420000000000073e+03
-5.846999999999999886e+01 -6.285999999999999943e+01 -1.265920000000000073e+03
-5.839999999999999858e+01 -6.285000000000000142e+01 -1.264930000000000064e+03
-5.842999999999999972e+01 -6.285999999999999943e+01 -1.265670000000000073e+03
-5.848000000000000398e+01 -6.285999999999999943e+01 -1.267210000000000036e+03
-5.857999999999999829e+01 -6.287000000000000455e+01 -1.268640000000000100e+03
-5.870000000000000284e+01 -6.287000000000000455e+01 -1.269700000000000045e+03
-5.881000000000000227e+01 -6.287000000000000455e+01 -1.271180000000000064e+03
-5.889999999999999858e+01 -6.287000000000000455e+01 -1.272720000000000027e+03
-5.896000000000000085e+01 -6.287000000000000455e+01 -1.273680000000000064e+03
-5.907000000000000028e+01 -6.287000000000000455e+01 -1.275190000000000055e+03
-5.927000000000000313e+01 -6.287000000000000455e+01 -1.276710000000000036e+03
-5.931000000000000227e+01 -6.287000000000000455e+01 -1.277710000000000036e+03
-5.935999999999999943e+01 -6.287000000000000455e+01 -1.279210000000000036e+03
-5.952000000000000313e+01 -6.285999999999999943e+01 -1.280690000000000055e+03
-5.959000000000000341e+01 -6.285999999999999943e+01 -1.281690000000000055e+03
-5.967999999999999972e+01 -6.285999999999999943e+01 -1.283190000000000055e+03
-5.978000000000000114e+01 -6.285000000000000142e+01 -1.284680000000000064e+03
-5.981000000000000227e+01 -6.285999999999999943e+01 -1.285670000000000073e+03
-5.995000000000000284e+01 -6.285999999999999943e+01 -1.287190000000000055e+03
-6.003000000000000114e+01 -6.285000000000000142e+01 -1.288190000000000055e+03
-6.003999999999999915e+01 -6.285999999999999943e+01 -1.289680000000000064e+03
-6.018999999999999773e+01 -6.285999999999999943e+01 -1.291170000000000073e+03
-6.031000000000000227e+01 -6.285999999999999943e+01 -1.292200000000000045e+03
-6.032999999999999829e+01 -6.285999999999999943e+01 -1.293680000000000064e+03
-6.039000000000000057e+01 -6.287000000000000455e+01 -1.295150000000000091e+03
-6.048000000000000398e+01 -6.285999999999999943e+01 -1.296150000000000091e+03
-6.057999999999999829e+01 -6.287000000000000455e+01 -1.297650000000000091e+03
-6.063000000000000256e+01 -6.285999999999999943e+01 -1.298640000000000100e+03
-6.075999999999999801e+01 -6.285999999999999943e+01 -1.300160000000000082e+03
-6.084000000000000341e+01 -6.285999999999999943e+01 -1.301630000000000109e+03
-6.096999999999999886e+01 -6.285999999999999943e+01 -1.302690000000000055e+03
-6.103999999999999915e+01 -6.285000000000000142e+01 -1.304120000000000118e+03
-6.110999999999999943e+01 -6.285999999999999943e+01 -1.305630000000000109e+03
-6.121999999999999886e+01 -6.285000000000000142e+01 -1.306630000000000109e+03
-6.132999999999999829e+01 -6.285000000000000142e+01 -1.308140000000000100e+03
-6.139000000000000057e+01 -6.285000000000000142e+01 -1.309630000000000109e+03
-6.148000000000000398e+01 -6.285000000000000142e+01 -1.310600000000000136e+03
-6.163000000000000256e+01 -6.284000000000000341e+01 -1.312130000000000109e+03
-6.166000000000000369e+01 -6.284000000000000341e+01 -1.313630000000000109e+03
-6.171000000000000085e+01 -6.284000000000000341e+01 -1.314170000000000073e+03
-6.169000000000000483e+01 -6.284000000000000341e+01 -1.312880000000000109e+03
-6.155000000000000426e+01 -6.284000000000000341e+01 -1.311319999999999936e+03
-6.146000000000000085e+01 -6.285000000000000142e+01 -1.310299999999999955e+03
-6.139999999999999858e+01 -6.284000000000000341e+01 -1.308850000000000136e+03
-6.135000000000000142e+01 -6.284000000000000341e+01 -1.307839999999999918e+03
-6.120000000000000284e+01 -6.285000000000000142e+01 -1.306350000000000136e+03
-6.110999999999999943e+01 -6.285000000000000142e+01 -1.304839999999999918e+03
-6.106000000000000227e+01 -6.285000000000000142e+01 -1.303829999999999927e+03
-6.093999999999999773e+01 -6.285000000000000142e+01 -1.302360000000000127e+03
-6.082999999999999829e+01 -6.285999999999999943e+01 -1.300870000000000118e+03
-6.075999999999999801e+01 -6.285999999999999943e+01 -1.299839999999999918e+03
-6.064999999999999858e+01 -6.285999999999999943e+01 -1.298339999999999918e+03
-6.057999999999999829e+01 -6.285999999999999943e+01 -1.297360000000000127e+03
-6.050999999999999801e+01 -6.285999999999999943e+01 -1.295850000000000136e+03
-6.041000000000000369e+01 -6.285999999999999943e+01 -1.294860000000000127e+03
-6.035000000000000142e+01 -6.285999999999999943e+01 -1.293329999999999927e+03
-6.028999999999999915e+01 -6.285000000000000142e+01 -1.291850000000000136e+03
-6.016000000000000369e+01 -6.285999999999999943e+01 -1.290890000000000100e+03
-6.007999999999999829e+01 -6.285000000000000142e+01 -1.289390000000000100e+03
-6.003000000000000114e+01 -6.285000000000000142e+01 -1.287890000000000100e+03
-5.993999999999999773e+01 -6.285000000000000142e+01 -1.286890000000000100e+03
-5.985999999999999943e+01 -6.285000000000000142e+01 -1.285400000000000091e+03
-5.981000000000000227e+01 -6.284000000000000341e+01 -1.284410000000000082e+03
-5.967999999999999972e+01 -6.285000000000000142e+01 -1.282920000000000073e+03
-5.962000000000000455e+01 -6.285999999999999943e+01 -1.281420000000000073e+03
-5.950000000000000000e+01 -6.285999999999999943e+01 -1.280430000000000064e+03
-5.937000000000000455e+01 -6.285999999999999943e+01 -1.278930000000000064e+03
-5.934000000000000341e+01 -6.285999999999999943e+01 -1.277420000000000073e+03
-5.923000000000000398e+01 -6.285999999999999943e+01 -1.276440000000000055e+03
-5.907000000000000028e+01 -6.287000000000000455e+01 -1.274950000000000045e+03
-5.898000000000000398e+01 -6.285999999999999943e+01 -1.273410000000000082e+03
-5.891000000000000369e+01 -6.285999999999999943e+01 -1.272410000000000082e+03
-5.881000000000000227e+01 -6.285999999999999943e+01 -1.270910000000000082e+03
-5.868999999999999773e+01 -6.285999999999999943e+01 -1.269370000000000118e+03
-5.857000000000000028e+01 -6.285999999999999943e+01 -1.268360000000000127e+03
-5.852000000000000313e+01 -6.285999999999999943e+01 -1.266930000000000064e+03
-5.846000000000000085e+01 -6.285000000000000142e+01 -1.265940000000000055e+03
-5.838000000000000256e+01 -6.285000000000000142e+01 -1.264940000000000055e+03
-5.843999999999999773e+01 -6.285999999999999943e+01 -1.266210000000000036e+03
-5.846000000000000085e+01 -6.285999999999999943e+01 -1.267160000000000082e+03
-5.860000000000000142e+01 -6.285999999999999943e+01 -1.268660000000000082e+03
-5.874000000000000199e+01 -6.287000000000000455e+01 -1.270170000000000073e+03
-5.881000000000000227e+01 -6.287000000000000455e+01 -1.271210000000000036e+03
-5.889999999999999858e+01 -6.287000000000000455e+01 -1.272700000000000045e+03
-5.899000000000000199e+01 -6.287000000000000455e+01 -1.274170000000000073e+03
-5.907000000000000028e+01 -6.287000000000000455e+01 -1.275220000000000027e+03
-5.927000000000000313e+01 -6.287000000000000455e+01 -1.276710000000000036e+03
-5.932000000000000028e+01 -6.285999999999999943e+01 -1.278180000000000064e+03
-5.935000000000000142e+01 -6.287000000000000455e+01 -1.279200000000000045e+03
-5.953999999999999915e+01 -6.285999999999999943e+01 -1.280680000000000064e+03
-5.962000000000000455e+01 -6.285999999999999943e+01 -1.282220000000000027e+03
-5.970000000000000284e+01 -6.285999999999999943e+01 -1.283200000000000045e+03
-5.978999999999999915e+01 -6.285000000000000142e+01 -1.284700000000000045e+03
-5.985999999999999943e+01 -6.285999999999999943e+01 -1.286200000000000045e+03
-5.995000000000000284e+01 -6.285000000000000142e+01 -1.287190000000000055e+03
-6.003000000000000114e+01 -6.285000000000000142e+01 -1.288670000000000073e+03
-6.009000000000000341e+01 -6.285999999999999943e+01 -1.290120000000000118e+03
-6.017000000000000171e+01 -6.285999999999999943e+01 -1.291140000000000100e+03
-6.032000000000000028e+01 -6.285999999999999943e+01 -1.292670000000000073e+03
-6.038000000000000256e+01 -6.285999999999999943e+01 -1.294140000000000100e+03
-6.039000000000000057e+01 -6.285999999999999943e+01 -1.295140000000000100e+03
-6.050999999999999801e+01 -6.285999999999999943e+01 -1.296630000000000109e+03
-6.057999999999999829e+01 -6.285999999999999943e+01 -1.297650000000000091e+03
-6.066000000000000369e+01 -6.285999999999999943e+01 -1.299140000000000100e+03
-6.077000000000000313e+01 -6.285999999999999943e+01 -1.300140000000000100e+03
-6.085000000000000142e+01 -6.285999999999999943e+01 -1.301640000000000100e+03
-6.096999999999999886e+01 -6.285999999999999943e+01 -1.303140000000000100e+03
-6.105000000000000426e+01 -6.285000000000000142e+01 -1.304120000000000118e+03
-6.112000000000000455e+01 -6.285999999999999943e+01 -1.305600000000000136e+03
-6.125999999999999801e+01 -6.285000000000000142e+01 -1.307110000000000127e+03
-6.132999999999999829e+01 -6.285000000000000142e+01 -1.308130000000000109e+03
-6.139999999999999858e+01 -6.285000000000000142e+01 -1.309589999999999918e+03
-6.150999999999999801e+01 -6.284000000000000341e+01 -1.311089999999999918e+03
-6.162000000000000455e+01 -6.284000000000000341e+01 -1.312120000000000118e+03
-6.167000000000000171e+01 -6.284000000000000341e+01 -1.313600000000000136e+03
-6.170000000000000284e+01 -6.284000000000000341e+01 -1.314110000000000127e+03
-6.167999999999999972e+01 -6.284000000000000341e+01 -1.312829999999999927e+03
-6.153999999999999915e+01 -6.284000000000000341e+01 -1.311339999999999918e+03
-6.148000000000000398e+01 -6.285000000000000142e+01 -1.310299999999999955e+03
-6.139999999999999858e+01 -6.284000000000000341e+01 -1.308829999999999927e+03
-6.131000000000000227e+01 -6.284000000000000341e+01 -1.307339999999999918e+03
-6.120000000000000284e+01 -6.285000000000000142e+01 -1.306339999999999918e+03
-6.112000000000000455e+01 -6.285000000000000142e+01 -1.304829999999999927e+03
-6.103000000000000114e+01 -6.285000000000000142e+01 -1.303339999999999918e+03
-6.093999999999999773e+01 -6.285000000000000142e+01 -1.302350000000000136e+03
-6.084000000000000341e+01 -6.285999999999999943e+01 -1.300870000000000118e+03
-6.075999999999999801e+01 -6.285000000000000142e+01 -1.299860000000000127e+03
-6.064999999999999858e+01 -6.285999999999999943e+01 -1.298360000000000127e+03
-6.053999999999999915e+01 -6.285999999999999943e+01 -1.296860000000000127e+03
-6.050999999999999801e+01 -6.285999999999999943e+01 -1.295839999999999918e+03
-6.039000000000000057e+01 -6.285999999999999943e+01 -1.294350000000000136e+03
-6.035999999999999943e+01 -6.285999999999999943e+01 -1.292900000000000091e+03
-6.030000000000000426e+01 -6.285000000000000142e+01 -1.291870000000000118e+03
-6.012000000000000455e+01 -6.285000000000000142e+01 -1.290380000000000109e+03
-6.009000000000000341e+01 -6.285000000000000142e+01 -1.288890000000000100e+03
-6.002000000000000313e+01 -6.285000000000000142e+01 -1.287890000000000100e+03
-5.988000000000000256e+01 -6.285000000000000142e+01 -1.286400000000000091e+03
-5.987000000000000455e+01 -6.284000000000000341e+01 -1.284900000000000091e+03
-5.975000000000000000e+01 -6.285000000000000142e+01 -1.283930000000000064e+03
-5.967000000000000171e+01 -6.285000000000000142e+01 -1.282430000000000064e+03
-5.955000000000000426e+01 -6.285999999999999943e+01 -1.280900000000000091e+03
-5.939999999999999858e+01 -6.285999999999999943e+01 -1.279430000000000064e+03
-5.937000000000000455e+01 -6.285999999999999943e+01 -1.278410000000000082e+03
-5.928000000000000114e+01 -6.285999999999999943e+01 -1.276940000000000055e+03
-5.910999999999999943e+01 -6.287000000000000455e+01 -1.275430000000000064e+03
-5.903000000000000114e+01 -6.285999999999999943e+01 -1.274420000000000073e+03
-5.898000000000000398e+01 -6.285999999999999943e+01 -1.272920000000000073e+03
-5.887000000000000455e+01 -6.285999999999999943e+01 -1.271910000000000082e+03
-5.878999999999999915e+01 -6.285999999999999943e+01 -1.270400000000000091e+03
-5.868999999999999773e+01 -6.285999999999999943e+01 -1.269390000000000100e+03
-5.855000000000000426e+01 -6.285999999999999943e+01 -1.267910000000000082e+03
-5.850999999999999801e+01 -6.285999999999999943e+01 -1.266920000000000073e+03
-5.841000000000000369e+01 -6.285000000000000142e+01 -1.265420000000000073e+03
-5.828000000000000114e+01 -6.285999999999999943e+01 -1.265160000000000082e+03
-5.843999999999999773e+01 -6.285999999999999943e+01 -1.266180000000000064e+03
-5.850999999999999801e+01 -6.285999999999999943e+01 -1.267650000000000091e+03
-5.867000000000000171e+01 -6.285999999999999943e+01 -1.269160000000000082e+03
-5.873000000000000398e+01 -6.285999999999999943e+01 -1.270190000000000055e+03
-5.881000000000000227e+01 -6.287000000000000455e+01 -1.271690000000000055e+03
-5.896000000000000085e+01 -6.287000000000000455e+01 -1.273200000000000045e+03
-5.902000000000000313e+01 -6.287000000000000455e+01 -1.274160000000000082e+03
-5.910999999999999943e+01 -6.287000000000000455e+01 -1.275700000000000045e+03
-5.927000000000000313e+01 -6.287000000000000455e+01 -1.277210000000000036e+03
-5.930000000000000426e+01 -6.287000000000000455e+01 -1.278210000000000036e+03
-5.942999999999999972e+01 -6.287000000000000455e+01 -1.279690000000000055e+03
-5.955000000000000426e+01 -6.285999999999999943e+01 -1.281180000000000064e+03
-5.962000000000000455e+01 -6.285999999999999943e+01 -1.282230000000000018e+03
-5.970000000000000284e+01 -6.285999999999999943e+01 -1.283700000000000045e+03
-5.978999999999999915e+01 -6.285000000000000142e+01 -1.284700000000000045e+03
-5.987000000000000455e+01 -6.285000000000000142e+01 -1.286210000000000036e+03
-5.996000000000000085e+01 -6.285000000000000142e+01 -1.287680000000000064e+03
-6.003000000000000114e+01 -6.285000000000000142e+01 -1.288680000000000064e+03
-6.009000000000000341e+01 -6.285999999999999943e+01 -1.290170000000000073e+03
-6.025000000000000000e+01 -6.285000000000000142e+01 -1.291670000000000073e+03
-6.032000000000000028e+01 -6.285999999999999943e+01 -1.292650000000000091e+03
-6.035999999999999943e+01 -6.285999999999999943e+01 -1.294170000000000073e+03
-6.046000000000000085e+01 -6.285999999999999943e+01 -1.295660000000000082e+03
-6.053000000000000114e+01 -6.287000000000000455e+01 -1.296670000000000073e+03
-6.057000000000000028e+01 -6.285999999999999943e+01 -1.298130000000000109e+03
-6.067000000000000171e+01 -6.285999999999999943e+01 -1.299110000000000127e+03
-6.082000000000000028e+01 -6.285999999999999943e+01 -1.300620000000000118e+03
-6.089999999999999858e+01 -6.285999999999999943e+01 -1.302140000000000100e+03
-6.096999999999999886e+01 -6.285999999999999943e+01 -1.303140000000000100e+03
-6.109000000000000341e+01 -6.285999999999999943e+01 -1.304610000000000127e+03
-6.114000000000000057e+01 -6.285000000000000142e+01 -1.306120000000000118e+03
-6.127000000000000313e+01 -6.285000000000000142e+01 -1.307140000000000100e+03
-6.138000000000000256e+01 -6.284000000000000341e+01 -1.308620000000000118e+03
-6.141000000000000369e+01 -6.285000000000000142e+01 -1.310110000000000127e+03
-6.152000000000000313e+01 -6.284000000000000341e+01 -1.311110000000000127e+03
-6.166000000000000369e+01 -6.284000000000000341e+01 -1.312600000000000136e+03
-6.167999999999999972e+01 -6.284000000000000341e+01 -1.313579999999999927e+03
-6.174000000000000199e+01 -6.284000000000000341e+01 -1.313860000000000127e+03
-6.169000000000000483e+01 -6.284000000000000341e+01 -1.312350000000000136e+03
-6.155000000000000426e+01 -6.284000000000000341e+01 -1.311339999999999918e+03
-6.142000000000000171e+01 -6.284000000000000341e+01 -1.309799999999999955e+03
-6.139999999999999858e+01 -6.284000000000000341e+01 -1.308329999999999927e+03
-6.130000000000000426e+01 -6.284000000000000341e+01 -1.307319999999999936e+03
-6.114000000000000057e+01 -6.285000000000000142e+01 -1.305829999999999927e+03
-6.110999999999999943e+01 -6.285000000000000142e+01 -1.304839999999999918e+03
-6.103999999999999915e+01 -6.285000000000000142e+01 -1.303390000000000100e+03
-6.088000000000000256e+01 -6.285999999999999943e+01 -1.301850000000000136e+03
-6.084000000000000341e+01 -6.285999999999999943e+01 -1.300880000000000109e+03
-6.074000000000000199e+01 -6.285000000000000142e+01 -1.299370000000000118e+03
-6.060999999999999943e+01 -6.285999999999999943e+01 -1.297890000000000100e+03
-6.053999999999999915e+01 -6.285999999999999943e+01 -1.296890000000000100e+03
-6.045000000000000284e+01 -6.285999999999999943e+01 -1.295339999999999918e+03
-6.038000000000000256e+01 -6.285999999999999943e+01 -1.293890000000000100e+03
-6.035000000000000142e+01 -6.285000000000000142e+01 -1.292880000000000109e+03
-6.021999999999999886e+01 -6.285999999999999943e+01 -1.291390000000000100e+03
-6.012000000000000455e+01 -6.285000000000000142e+01 -1.289880000000000109e+03
-6.007999999999999829e+01 -6.285000000000000142e+01 -1.288930000000000064e+03
-5.996999999999999886e+01 -6.285000000000000142e+01 -1.287400000000000091e+03
-5.985000000000000142e+01 -6.285000000000000142e+01 -1.286410000000000082e+03
-5.987000000000000455e+01 -6.285000000000000142e+01 -1.284930000000000064e+03
-5.971999999999999886e+01 -6.285000000000000142e+01 -1.283390000000000100e+03
-5.966000000000000369e+01 -6.285999999999999943e+01 -1.282440000000000055e+03
-5.956000000000000227e+01 -6.285000000000000142e+01 -1.280940000000000055e+03
-5.941000000000000369e+01 -6.285999999999999943e+01 -1.279440000000000055e+03
-5.938000000000000256e+01 -6.285999999999999943e+01 -1.278400000000000091e+03
-5.928000000000000114e+01 -6.285999999999999943e+01 -1.276920000000000073e+03
-5.910999999999999943e+01 -6.285999999999999943e+01 -1.275440000000000055e+03
-5.905000000000000426e+01 -6.287000000000000455e+01 -1.274440000000000055e+03
-5.896999999999999886e+01 -6.285999999999999943e+01 -1.272900000000000091e+03
-5.888000000000000256e+01 -6.285999999999999943e+01 -1.271910000000000082e+03
-5.878000000000000114e+01 -6.285999999999999943e+01 -1.270410000000000082e+03
-5.870000000000000284e+01 -6.285999999999999943e+01 -1.269390000000000100e+03
-5.853999999999999915e+01 -6.285999999999999943e+01 -1.267890000000000100e+03
-5.853000000000000114e+01 -6.285999999999999943e+01 -1.266450000000000045e+03
-5.839999999999999858e+01 -6.285999999999999943e+01 -1.265450000000000045e+03
-5.828000000000000114e+01 -6.285999999999999943e+01 -1.265170000000000073e+03
-5.845000000000000284e+01 -6.285999999999999943e+01 -1.266180000000000064e+03
-5.853000000000000114e+01 -6.285999999999999943e+01 -1.267670000000000073e+03
-5.866000000000000369e+01 -6.285999999999999943e+01 -1.269140000000000100e+03
-5.874000000000000199e+01 -6.285999999999999943e+01 -1.270160000000000082e+03
-5.878999999999999915e+01 -6.287000000000000455e+01 -1.271680000000000064e+03
-5.896000000000000085e+01 -6.285999999999999943e+01 -1.273180000000000064e+03
-5.899000000000000199e+01 -6.287000000000000455e+01 -1.274170000000000073e+03
-5.913000000000000256e+01 -6.287000000000000455e+01 -1.275690000000000055e+03
-5.927000000000000313e+01 -6.285999999999999943e+01 -1.276690000000000055e+03
-5.930000000000000426e+01 -6.287000000000000455e+01 -1.278180000000000064e+03
-5.942000000000000171e+01 -6.287000000000000455e+01 -1.279680000000000064e+03
-5.953000000000000114e+01 -6.285999999999999943e+01 -1.280680000000000064e+03
-5.963000000000000256e+01 -6.285999999999999943e+01 -1.282180000000000064e+03
-5.968999999999999773e+01 -6.285999999999999943e+01 -1.283660000000000082e+03
-5.978999999999999915e+01 -6.285000000000000142e+01 -1.284680000000000064e+03
-5.985000000000000142e+01 -6.285000000000000142e+01 -1.286170000000000073e+03
-5.995000000000000284e+01 -6.285000000000000142e+01 -1.287680000000000064e+03
-6.003999999999999915e+01 -6.285000000000000142e+01 -1.288690000000000055e+03
-6.007999999999999829e+01 -6.285999999999999943e+01 -1.290120000000000118e+03
-6.024000000000000199e+01 -6.285000000000000142e+01 -1.291650000000000091e+03
-6.031000000000000227e+01 -6.285999999999999943e+01 -1.292670000000000073e+03
-6.037000000000000455e+01 -6.285999999999999943e+01 -1.294140000000000100e+03
-6.039000000000000057e+01 -6.285999999999999943e+01 -1.295130000000000109e+03
-6.052000000000000313e+01 -6.285999999999999943e+01 -1.296640000000000100e+03
-6.059000000000000341e+01 -6.285999999999999943e+01 -1.298120000000000118e+03
-6.064999999999999858e+01 -6.285999999999999943e+01 -1.299100000000000136e+03
-6.081000000000000227e+01 -6.285999999999999943e+01 -1.300620000000000118e+03
-6.089999999999999858e+01 -6.285999999999999943e+01 -1.302100000000000136e+03
-6.096999999999999886e+01 -6.285000000000000142e+01 -1.303130000000000109e+03
-6.107999999999999829e+01 -6.285999999999999943e+01 -1.304620000000000118e+03
-6.112000000000000455e+01 -6.285999999999999943e+01 -1.305620000000000118e+03
-6.125999999999999801e+01 -6.285000000000000142e+01 -1.307100000000000136e+03
-6.132999999999999829e+01 -6.285000000000000142e+01 -1.308120000000000118e+03
-6.139999999999999858e+01 -6.285000000000000142e+01 -1.309620000000000118e+03
-6.148000000000000398e+01 -6.285000000000000142e+01 -1.310579999999999927e+03
-6.163000000000000256e+01 -6.284000000000000341e+01 -1.312110000000000127e+03
-6.166000000000000369e+01 -6.284000000000000341e+01 -1.313610000000000127e+03
-6.174000000000000199e+01 -6.284000000000000341e+01 -1.314370000000000118e+03
