0.000000000000000000e+00 9.415126889060032024e-312 2.600000000000000000e+01
nan nan nan
-4.167999999999999972e+01 -7.021000000000000796e+01 -1.110150000000000091e+03
-4.146000000000000085e+01 -7.017000000000000171e+01 -1.106660000000000082e+03
-4.125999999999999801e+01 -7.012000000000000455e+01 -1.103170000000000073e+03
-4.103999999999999915e+01 -7.010000000000000853e+01 -1.100150000000000091e+03
-4.081000000000000227e+01 -7.006000000000000227e+01 -1.096640000000000100e+03
-4.057999999999999829e+01 -7.003000000000000114e+01 -1.093170000000000073e+03
-4.036999999999999744e+01 -7.000000000000000000e+01 -1.090140000000000100e+03
-4.014000000000000057e+01 -6.996000000000000796e+01 -1.086670000000000073e+03
-3.992000000000000171e+01 -6.992000000000000171e+01 -1.083180000000000064e+03
-3.971999999999999886e+01 -6.989000000000000057e+01 -1.080190000000000055e+03
-3.948000000000000398e+01 -6.985000000000000853e+01 -1.076640000000000100e+03
-3.924000000000000199e+01 -6.982999999999999829e+01 -1.073670000000000073e+03
-3.906000000000000227e+01 -6.978000000000000114e+01 -1.070190000000000055e+03
-3.884000000000000341e+01 -6.975000000000000000e+01 -1.066690000000000055e+03
-3.864000000000000057e+01 -6.971000000000000796e+01 -1.063720000000000027e+03
-3.875000000000000000e+01 -6.973000000000000398e+01 -1.065579999999999927e+03
-3.900000000000000000e+01 -6.976999999999999602e+01 -1.069039999999999964e+03
-3.910999999999999943e+01 -6.981000000000000227e+01 -1.072019999999999982e+03
-3.939999999999999858e+01 -6.985000000000000853e+01 -1.075519999999999982e+03
-3.960000000000000142e+01 -6.989000000000000057e+01 -1.079029999999999973e+03
-3.977000000000000313e+01 -6.992000000000000171e+01 -1.082009999999999991e+03
-4.002000000000000313e+01 -6.995000000000000284e+01 -1.085529999999999973e+03
-4.018999999999999773e+01 -7.000000000000000000e+01 -1.089019999999999982e+03
-4.039999999999999858e+01 -7.003000000000000114e+01 -1.092000000000000000e+03
-4.067999999999999972e+01 -7.006000000000000227e+01 -1.095519999999999982e+03
-4.089000000000000057e+01 -7.009000000000000341e+01 -1.098509999999999991e+03
-4.116000000000000369e+01 -7.012999999999999545e+01 -1.102000000000000000e+03
-4.134000000000000341e+01 -7.014000000000000057e+01 -1.104970000000000027e+03
-4.159000000000000341e+01 -7.018000000000000682e+01 -1.108500000000000000e+03
-4.174000000000000199e+01 -7.021999999999999886e+01 -1.111500000000000000e+03
-4.171000000000000085e+01 -7.021999999999999886e+01 -1.111160000000000082e+03
-4.152000000000000313e+01 -7.017000000000000171e+01 -1.107670000000000073e+03
-4.131000000000000227e+01 -7.012999999999999545e+01 -1.104170000000000073e+03
-4.111999999999999744e+01 -7.010999999999999943e+01 -1.101130000000000109e+03
-4.092999999999999972e+01 -7.007000000000000739e+01 -1.097640000000000100e+03
-4.061999999999999744e+01 -7.004000000000000625e+01 -1.094150000000000091e+03
-4.042000000000000171e+01 -7.001000000000000512e+01 -1.091160000000000082e+03
-4.017000000000000171e+01 -6.996999999999999886e+01 -1.087660000000000082e+03
-3.993999999999999773e+01 -6.993999999999999773e+01 -1.084670000000000073e+03
-3.975000000000000000e+01 -6.990999999999999659e+01 -1.081180000000000064e+03
-3.953000000000000114e+01 -6.987999999999999545e+01 -1.078150000000000091e+03
-3.932000000000000028e+01 -6.984000000000000341e+01 -1.074650000000000091e+03
-3.907000000000000028e+01 -6.979999999999999716e+01 -1.071160000000000082e+03
-3.891000000000000369e+01 -6.976000000000000512e+01 -1.068180000000000064e+03
-3.875999999999999801e+01 -6.971999999999999886e+01 -1.065210000000000036e+03
-3.859000000000000341e+01 -6.971999999999999886e+01 -1.064029999999999973e+03
-3.881000000000000227e+01 -6.976000000000000512e+01 -1.067529999999999973e+03
-3.905000000000000426e+01 -6.979000000000000625e+01 -1.070529999999999973e+03
-3.917000000000000171e+01 -6.982999999999999829e+01 -1.073529999999999973e+03
-3.942000000000000171e+01 -6.987000000000000455e+01 -1.077009999999999991e+03
-3.967999999999999972e+01 -6.990999999999999659e+01 -1.080519999999999982e+03
-3.986999999999999744e+01 -6.993999999999999773e+01 -1.083519999999999982e+03
-4.010000000000000142e+01 -6.996999999999999886e+01 -1.086990000000000009e+03
-4.035999999999999943e+01 -7.001000000000000512e+01 -1.090480000000000018e+03
-4.056000000000000227e+01 -7.004000000000000625e+01 -1.093490000000000009e+03
-4.085000000000000142e+01 -7.007000000000000739e+01 -1.096990000000000009e+03
-4.099000000000000199e+01 -7.010999999999999943e+01 -1.100000000000000000e+03
-4.125000000000000000e+01 -7.014000000000000057e+01 -1.103500000000000000e+03
-4.145000000000000284e+01 -7.015999999999999659e+01 -1.106980000000000018e+03
-4.160000000000000142e+01 -7.020000000000000284e+01 -1.109970000000000027e+03
-4.185999999999999943e+01 -7.023000000000000398e+01 -1.112809999999999945e+03
