0.000000000000000000e+00 1.230717143107036233e-311 2.600000000000000000e+01
-6.173000000000000398e+01 -6.282999999999999829e+01 -1.314420000000000073e+03
-6.170000000000000284e+01 -6.282999999999999829e+01 -1.313230000000000018e+03
-6.166000000000000369e+01 -6.282999999999999829e+01 -1.312240000000000009e+03
-6.149000000000000199e+01 -6.284000000000000341e+01 -1.310730000000000018e+03
-6.142000000000000171e+01 -6.284000000000000341e+01 -1.309250000000000000e+03
-6.135999999999999943e+01 -6.284000000000000341e+01 -1.307759999999999991e+03
-6.121999999999999886e+01 -6.285000000000000142e+01 -1.306769999999999982e+03
-6.113000000000000256e+01 -6.285000000000000142e+01 -1.305269999999999982e+03
-6.106000000000000227e+01 -6.284000000000000341e+01 -1.303769999999999982e+03
-6.096999999999999886e+01 -6.285000000000000142e+01 -1.302769999999999982e+03
-6.085000000000000142e+01 -6.285999999999999943e+01 -1.301250000000000000e+03
-6.078000000000000114e+01 -6.285000000000000142e+01 -1.299759999999999991e+03
-6.064000000000000057e+01 -6.285999999999999943e+01 -1.298279999999999973e+03
-6.057999999999999829e+01 -6.285999999999999943e+01 -1.297269999999999982e+03
-6.050000000000000000e+01 -6.285999999999999943e+01 -1.295789999999999964e+03
-6.039000000000000057e+01 -6.285999999999999943e+01 -1.294309999999999945e+03
-6.035999999999999943e+01 -6.285999999999999943e+01 -1.293299999999999955e+03
-6.028000000000000114e+01 -6.285000000000000142e+01 -1.291769999999999982e+03
-6.013000000000000256e+01 -6.285999999999999943e+01 -1.290309999999999945e+03
-6.007000000000000028e+01 -6.285000000000000142e+01 -1.289279999999999973e+03
-6.002000000000000313e+01 -6.285000000000000142e+01 -1.287819999999999936e+03
-5.989000000000000057e+01 -6.285000000000000142e+01 -1.286339999999999918e+03
-5.984000000000000341e+01 -6.285000000000000142e+01 -1.285309999999999945e+03
-5.974000000000000199e+01 -6.285000000000000142e+01 -1.283819999999999936e+03
-5.966000000000000369e+01 -6.285000000000000142e+01 -1.282329999999999927e+03
-5.960999999999999943e+01 -6.285000000000000142e+01 -1.281319999999999936e+03
-5.945000000000000284e+01 -6.285999999999999943e+01 -1.279819999999999936e+03
-5.935999999999999943e+01 -6.285999999999999943e+01 -1.278299999999999955e+03
-5.932000000000000028e+01 -6.285999999999999943e+01 -1.277299999999999955e+03
-5.914000000000000057e+01 -6.287000000000000455e+01 -1.275809999999999945e+03
-5.907999999999999829e+01 -6.285999999999999943e+01 -1.274799999999999955e+03
-5.896999999999999886e+01 -6.285999999999999943e+01 -1.273309999999999945e+03
-5.887000000000000455e+01 -6.285999999999999943e+01 -1.271809999999999945e+03
-5.878000000000000114e+01 -6.285999999999999943e+01 -1.270819999999999936e+03
-5.868999999999999773e+01 -6.285999999999999943e+01 -1.269299999999999955e+03
-5.856000000000000227e+01 -6.285999999999999943e+01 -1.267829999999999927e+03
-5.850999999999999801e+01 -6.285999999999999943e+01 -1.266839999999999918e+03
-5.839000000000000057e+01 -6.285000000000000142e+01 -1.265329999999999927e+03
-5.830000000000000426e+01 -6.285999999999999943e+01 -1.265279999999999973e+03
-5.843999999999999773e+01 -6.285999999999999943e+01 -1.266279999999999973e+03
-5.852000000000000313e+01 -6.287000000000000455e+01 -1.267740000000000009e+03
-5.867999999999999972e+01 -6.285999999999999943e+01 -1.269269999999999982e+03
-5.875000000000000000e+01 -6.287000000000000455e+01 -1.270289999999999964e+03
-5.882000000000000028e+01 -6.287000000000000455e+01 -1.271779999999999973e+03
-5.896999999999999886e+01 -6.287000000000000455e+01 -1.273269999999999982e+03
-5.900000000000000000e+01 -6.287000000000000455e+01 -1.274240000000000009e+03
-5.913000000000000256e+01 -6.287000000000000455e+01 -1.275769999999999982e+03
-5.928000000000000114e+01 -6.287000000000000455e+01 -1.276809999999999945e+03
-5.930000000000000426e+01 -6.287000000000000455e+01 -1.278269999999999982e+03
-5.942000000000000171e+01 -6.287000000000000455e+01 -1.279779999999999973e+03
-5.952000000000000313e+01 -6.285999999999999943e+01 -1.280789999999999964e+03
-5.962000000000000455e+01 -6.285999999999999943e+01 -1.282279999999999973e+03
-5.971000000000000085e+01 -6.285999999999999943e+01 -1.283779999999999973e+03
-5.977000000000000313e+01 -6.285999999999999943e+01 -1.284769999999999982e+03
-5.988000000000000256e+01 -6.285000000000000142e+01 -1.286279999999999973e+03
-5.996999999999999886e+01 -6.285000000000000142e+01 -1.287750000000000000e+03
-6.003000000000000114e+01 -6.285999999999999943e+01 -1.288759999999999991e+03
-6.009000000000000341e+01 -6.285999999999999943e+01 -1.290240000000000009e+03
-6.025000000000000000e+01 -6.285999999999999943e+01 -1.291740000000000009e+03
-6.032000000000000028e+01 -6.285999999999999943e+01 -1.292730000000000018e+03
-6.035999999999999943e+01 -6.285999999999999943e+01 -1.294250000000000000e+03
-6.046999999999999886e+01 -6.285999999999999943e+01 -1.295720000000000027e+03
-6.053000000000000114e+01 -6.285999999999999943e+01 -1.296730000000000018e+03
-6.057999999999999829e+01 -6.285999999999999943e+01 -1.298210000000000036e+03
-6.067999999999999972e+01 -6.285999999999999943e+01 -1.299190000000000055e+03
-6.082000000000000028e+01 -6.285999999999999943e+01 -1.300720000000000027e+03
-6.092000000000000171e+01 -6.285999999999999943e+01 -1.302230000000000018e+03
-6.096999999999999886e+01 -6.285999999999999943e+01 -1.303210000000000036e+03
-6.107999999999999829e+01 -6.285999999999999943e+01 -1.304710000000000036e+03
-6.114999999999999858e+01 -6.285999999999999943e+01 -1.306210000000000036e+03
-6.128000000000000114e+01 -6.285000000000000142e+01 -1.307230000000000018e+03
-6.139000000000000057e+01 -6.285000000000000142e+01 -1.308700000000000045e+03
-6.141000000000000369e+01 -6.285000000000000142e+01 -1.310140000000000100e+03
-6.152000000000000313e+01 -6.284000000000000341e+01 -1.311190000000000055e+03
-6.167000000000000171e+01 -6.282999999999999829e+01 -1.312670000000000073e+03
-6.169000000000000483e+01 -6.284000000000000341e+01 -1.313690000000000055e+03
-6.175000000000000000e+01 -6.284000000000000341e+01 -1.313789999999999964e+03
-6.164999999999999858e+01 -6.282999999999999829e+01 -1.312230000000000018e+03
-6.153999999999999915e+01 -6.284000000000000341e+01 -1.311240000000000009e+03
-6.142999999999999972e+01 -6.285000000000000142e+01 -1.309759999999999991e+03
-6.139999999999999858e+01 -6.285000000000000142e+01 -1.308740000000000009e+03
-6.128999999999999915e+01 -6.284000000000000341e+01 -1.307259999999999991e+03
-6.114000000000000057e+01 -6.285000000000000142e+01 -1.305750000000000000e+03
-6.110999999999999943e+01 -6.285000000000000142e+01 -1.304740000000000009e+03
-6.100999999999999801e+01 -6.285000000000000142e+01 -1.303259999999999991e+03
-6.087000000000000455e+01 -6.285000000000000142e+01 -1.301779999999999973e+03
-6.082999999999999829e+01 -6.285000000000000142e+01 -1.300750000000000000e+03
-6.073000000000000398e+01 -6.285999999999999943e+01 -1.299279999999999973e+03
-6.060000000000000142e+01 -6.285999999999999943e+01 -1.297789999999999964e+03
-6.053999999999999915e+01 -6.285999999999999943e+01 -1.296759999999999991e+03
-6.043999999999999773e+01 -6.285999999999999943e+01 -1.295269999999999982e+03
-6.037000000000000455e+01 -6.285999999999999943e+01 -1.293809999999999945e+03
-6.035999999999999943e+01 -6.285999999999999943e+01 -1.292809999999999945e+03
-6.018999999999999773e+01 -6.285999999999999943e+01 -1.291279999999999973e+03
-6.012000000000000455e+01 -6.285000000000000142e+01 -1.289799999999999955e+03
-6.009000000000000341e+01 -6.285000000000000142e+01 -1.288809999999999945e+03
-5.996000000000000085e+01 -6.285000000000000142e+01 -1.287350000000000136e+03
-5.987000000000000455e+01 -6.285000000000000142e+01 -1.285829999999999927e+03
-5.985000000000000142e+01 -6.285000000000000142e+01 -1.284870000000000118e+03
-5.971999999999999886e+01 -6.285000000000000142e+01 -1.283370000000000118e+03
-5.962000000000000455e+01 -6.285000000000000142e+01 -1.281829999999999927e+03
-5.953999999999999915e+01 -6.285999999999999943e+01 -1.280819999999999936e+03
-5.941000000000000369e+01 -6.285999999999999943e+01 -1.279309999999999945e+03
-5.935000000000000142e+01 -6.285999999999999943e+01 -1.277809999999999945e+03
-5.918999999999999773e+01 -6.285999999999999943e+01 -1.276339999999999918e+03
-5.910999999999999943e+01 -6.285999999999999943e+01 -1.275339999999999918e+03
-5.902000000000000313e+01 -6.285999999999999943e+01 -1.273829999999999927e+03
-5.889999999999999858e+01 -6.285999999999999943e+01 -1.272339999999999918e+03
-5.882999999999999829e+01 -6.285999999999999943e+01 -1.271319999999999936e+03
-5.873000000000000398e+01 -6.285999999999999943e+01 -1.269829999999999927e+03
-5.857000000000000028e+01 -6.285999999999999943e+01 -1.268299999999999955e+03
-5.850999999999999801e+01 -6.285999999999999943e+01 -1.266829999999999927e+03
-5.846999999999999886e+01 -6.285000000000000142e+01 -1.265850000000000136e+03
-5.837000000000000455e+01 -6.285000000000000142e+01 -1.264910000000000082e+03
-5.842999999999999972e+01 -6.285999999999999943e+01 -1.265769999999999982e+03
-5.850000000000000000e+01 -6.285999999999999943e+01 -1.267279999999999973e+03
-5.853000000000000114e+01 -6.287000000000000455e+01 -1.268240000000000009e+03
-5.870000000000000284e+01 -6.285999999999999943e+01 -1.269730000000000018e+03
-5.877000000000000313e+01 -6.287000000000000455e+01 -1.270769999999999982e+03
-5.889000000000000057e+01 -6.287000000000000455e+01 -1.272269999999999982e+03
-5.896000000000000085e+01 -6.287000000000000455e+01 -1.273250000000000000e+03
-5.905000000000000426e+01 -6.287000000000000455e+01 -1.274779999999999973e+03
-5.921000000000000085e+01 -6.287000000000000455e+01 -1.276319999999999936e+03
-5.927000000000000313e+01 -6.285999999999999943e+01 -1.277250000000000000e+03
-5.935000000000000142e+01 -6.287000000000000455e+01 -1.278769999999999982e+03
-5.950000000000000000e+01 -6.287000000000000455e+01 -1.280279999999999973e+03
-5.956000000000000227e+01 -6.287000000000000455e+01 -1.281269999999999982e+03
-5.966000000000000369e+01 -6.285999999999999943e+01 -1.282809999999999945e+03
-5.978000000000000114e+01 -6.285000000000000142e+01 -1.284250000000000000e+03
-5.981000000000000227e+01 -6.285000000000000142e+01 -1.285240000000000009e+03
-5.991000000000000369e+01 -6.285000000000000142e+01 -1.286789999999999964e+03
-5.996999999999999886e+01 -6.285000000000000142e+01 -1.287759999999999991e+03
-6.005000000000000426e+01 -6.285000000000000142e+01 -1.289250000000000000e+03
-6.014000000000000057e+01 -6.285999999999999943e+01 -1.290710000000000036e+03
-6.025000000000000000e+01 -6.285999999999999943e+01 -1.291730000000000018e+03
-6.032999999999999829e+01 -6.285999999999999943e+01 -1.293230000000000018e+03
-6.039999999999999858e+01 -6.285999999999999943e+01 -1.294720000000000027e+03
-6.045000000000000284e+01 -6.287000000000000455e+01 -1.295700000000000045e+03
-6.056000000000000227e+01 -6.287000000000000455e+01 -1.297240000000000009e+03
-6.057999999999999829e+01 -6.285999999999999943e+01 -1.298190000000000055e+03
-6.075000000000000000e+01 -6.285999999999999943e+01 -1.299700000000000045e+03
-6.082000000000000028e+01 -6.285000000000000142e+01 -1.300690000000000055e+03
-6.092000000000000171e+01 -6.285999999999999943e+01 -1.302230000000000018e+03
-6.103999999999999915e+01 -6.285000000000000142e+01 -1.303680000000000064e+03
-6.109000000000000341e+01 -6.285999999999999943e+01 -1.304680000000000064e+03
-6.114000000000000057e+01 -6.285000000000000142e+01 -1.306190000000000055e+03
-6.128000000000000114e+01 -6.284000000000000341e+01 -1.307180000000000064e+03
-6.139000000000000057e+01 -6.284000000000000341e+01 -1.308690000000000055e+03
-6.142000000000000171e+01 -6.285000000000000142e+01 -1.310180000000000064e+03
-6.150000000000000000e+01 -6.284000000000000341e+01 -1.311140000000000100e+03
-6.167000000000000171e+01 -6.282999999999999829e+01 -1.312700000000000045e+03
-6.171000000000000085e+01 -6.282999999999999829e+01 -1.314059999999999945e+03
-6.175000000000000000e+01 -6.282999999999999829e+01 -1.313789999999999964e+03
-6.167000000000000171e+01 -6.282999999999999829e+01 -1.312269999999999982e+03
-6.152000000000000313e+01 -6.284000000000000341e+01 -1.311240000000000009e+03
-6.142000000000000171e+01 -6.284000000000000341e+01 -1.309759999999999991e+03
-6.139999999999999858e+01 -6.285000000000000142e+01 -1.308259999999999991e+03
-6.128999999999999915e+01 -6.285000000000000142e+01 -1.307289999999999964e+03
-6.114000000000000057e+01 -6.285999999999999943e+01 -1.305779999999999973e+03
-6.110999999999999943e+01 -6.285000000000000142e+01 -1.304779999999999973e+03
-6.102000000000000313e+01 -6.285000000000000142e+01 -1.303279999999999973e+03
-6.089000000000000057e+01 -6.285000000000000142e+01 -1.301789999999999964e+03
-6.082999999999999829e+01 -6.285999999999999943e+01 -1.300799999999999955e+03
-6.073000000000000398e+01 -6.285999999999999943e+01 -1.299309999999999945e+03
-6.063000000000000256e+01 -6.285999999999999943e+01 -1.298299999999999955e+03
-6.053000000000000114e+01 -6.285999999999999943e+01 -1.296769999999999982e+03
-6.045000000000000284e+01 -6.285999999999999943e+01 -1.295279999999999973e+03
-6.038000000000000256e+01 -6.285999999999999943e+01 -1.294299999999999955e+03
-6.035000000000000142e+01 -6.285000000000000142e+01 -1.292829999999999927e+03
-6.027000000000000313e+01 -6.285999999999999943e+01 -1.291799999999999955e+03
-6.010999999999999943e+01 -6.285999999999999943e+01 -1.290299999999999955e+03
-6.007000000000000028e+01 -6.285000000000000142e+01 -1.289289999999999964e+03
-6.003000000000000114e+01 -6.285000000000000142e+01 -1.287829999999999927e+03
-5.987000000000000455e+01 -6.285000000000000142e+01 -1.286329999999999927e+03
-5.985000000000000142e+01 -6.285000000000000142e+01 -1.285329999999999927e+03
-5.973000000000000398e+01 -6.285000000000000142e+01 -1.283860000000000127e+03
-5.967000000000000171e+01 -6.285999999999999943e+01 -1.282350000000000136e+03
-5.960999999999999943e+01 -6.285000000000000142e+01 -1.281380000000000109e+03
-5.943999999999999773e+01 -6.285000000000000142e+01 -1.279829999999999927e+03
-5.937000000000000455e+01 -6.285999999999999943e+01 -1.278360000000000127e+03
-5.932999999999999829e+01 -6.285999999999999943e+01 -1.277370000000000118e+03
-5.914000000000000057e+01 -6.285999999999999943e+01 -1.275819999999999936e+03
-5.905000000000000426e+01 -6.285999999999999943e+01 -1.274339999999999918e+03
-5.898000000000000398e+01 -6.285999999999999943e+01 -1.273329999999999927e+03
-5.887000000000000455e+01 -6.285999999999999943e+01 -1.271839999999999918e+03
-5.878000000000000114e+01 -6.285999999999999943e+01 -1.270370000000000118e+03
-5.868999999999999773e+01 -6.285999999999999943e+01 -1.269319999999999936e+03
-5.853999999999999915e+01 -6.287000000000000455e+01 -1.267829999999999927e+03
-5.850999999999999801e+01 -6.285000000000000142e+01 -1.266370000000000118e+03
-5.839000000000000057e+01 -6.285000000000000142e+01 -1.265360000000000127e+03
-5.830000000000000426e+01 -6.285999999999999943e+01 -1.265240000000000009e+03
-5.848000000000000398e+01 -6.285999999999999943e+01 -1.266799999999999955e+03
-5.853999999999999915e+01 -6.285999999999999943e+01 -1.267750000000000000e+03
-5.867000000000000171e+01 -6.285999999999999943e+01 -1.269240000000000009e+03
-5.875000000000000000e+01 -6.285999999999999943e+01 -1.270259999999999991e+03
-5.878999999999999915e+01 -6.287000000000000455e+01 -1.271759999999999991e+03
-5.896999999999999886e+01 -6.287000000000000455e+01 -1.273259999999999991e+03
-5.899000000000000199e+01 -6.287000000000000455e+01 -1.274240000000000009e+03
-5.914000000000000057e+01 -6.285999999999999943e+01 -1.275750000000000000e+03
-5.927000000000000313e+01 -6.287000000000000455e+01 -1.277289999999999964e+03
-5.935999999999999943e+01 -6.285999999999999943e+01 -1.278740000000000009e+03
-5.941000000000000369e+01 -6.287000000000000455e+01 -1.279750000000000000e+03
-5.955000000000000426e+01 -6.285999999999999943e+01 -1.281259999999999991e+03
-5.966000000000000369e+01 -6.285999999999999943e+01 -1.282769999999999982e+03
-5.978000000000000114e+01 -6.285000000000000142e+01 -1.284269999999999982e+03
-5.981000000000000227e+01 -6.285999999999999943e+01 -1.285230000000000018e+03
-5.989999999999999858e+01 -6.285000000000000142e+01 -1.286730000000000018e+03
-6.002000000000000313e+01 -6.285000000000000142e+01 -1.288220000000000027e+03
-6.006000000000000227e+01 -6.285999999999999943e+01 -1.289710000000000036e+03
-6.013000000000000256e+01 -6.285999999999999943e+01 -1.290720000000000027e+03
-6.031000000000000227e+01 -6.285999999999999943e+01 -1.292230000000000018e+03
-6.034000000000000341e+01 -6.285999999999999943e+01 -1.293720000000000027e+03
-6.039999999999999858e+01 -6.285000000000000142e+01 -1.294690000000000055e+03
-6.049000000000000199e+01 -6.285999999999999943e+01 -1.296230000000000018e+03
-6.059000000000000341e+01 -6.285999999999999943e+01 -1.297700000000000045e+03
-6.064000000000000057e+01 -6.285999999999999943e+01 -1.298690000000000055e+03
-6.075000000000000000e+01 -6.285999999999999943e+01 -1.300170000000000073e+03
-6.085999999999999943e+01 -6.285999999999999943e+01 -1.301680000000000064e+03
-6.098000000000000398e+01 -6.285000000000000142e+01 -1.302690000000000055e+03
-6.103999999999999915e+01 -6.285000000000000142e+01 -1.304160000000000082e+03
-6.110999999999999943e+01 -6.285999999999999943e+01 -1.305680000000000064e+03
-6.121999999999999886e+01 -6.285000000000000142e+01 -1.306690000000000055e+03
-6.132999999999999829e+01 -6.284000000000000341e+01 -1.308180000000000064e+03
-6.141000000000000369e+01 -6.285000000000000142e+01 -1.309670000000000073e+03
-6.150000000000000000e+01 -6.284000000000000341e+01 -1.310640000000000100e+03
-6.163000000000000256e+01 -6.284000000000000341e+01 -1.312190000000000055e+03
-6.164999999999999858e+01 -6.284000000000000341e+01 -1.313200000000000045e+03
-6.171999999999999886e+01 -6.284000000000000341e+01 -1.314120000000000118e+03
-6.171000000000000085e+01 -6.282999999999999829e+01 -1.313279999999999973e+03
-6.163000000000000256e+01 -6.282999999999999829e+01 -1.311740000000000009e+03
-6.146000000000000085e+01 -6.284000000000000341e+01 -1.310220000000000027e+03
-6.141000000000000369e+01 -6.284000000000000341e+01 -1.309250000000000000e+03
-6.135000000000000142e+01 -6.284000000000000341e+01 -1.307740000000000009e+03
-6.118999999999999773e+01 -6.285000000000000142e+01 -1.306309999999999945e+03
-6.113000000000000256e+01 -6.285000000000000142e+01 -1.305279999999999973e+03
-6.106000000000000227e+01 -6.285000000000000142e+01 -1.303750000000000000e+03
-6.096999999999999886e+01 -6.285000000000000142e+01 -1.302809999999999945e+03
-6.087000000000000455e+01 -6.285000000000000142e+01 -1.301259999999999991e+03
-6.077000000000000313e+01 -6.285000000000000142e+01 -1.299779999999999973e+03
-6.067000000000000171e+01 -6.285999999999999943e+01 -1.298799999999999955e+03
-6.057000000000000028e+01 -6.285999999999999943e+01 -1.297289999999999964e+03
-6.050999999999999801e+01 -6.285999999999999943e+01 -1.295799999999999955e+03
-6.041000000000000369e+01 -6.285999999999999943e+01 -1.294789999999999964e+03
-6.035999999999999943e+01 -6.285999999999999943e+01 -1.293319999999999936e+03
-6.028999999999999915e+01 -6.285999999999999943e+01 -1.291809999999999945e+03
-6.016000000000000369e+01 -6.285999999999999943e+01 -1.290789999999999964e+03
-6.007000000000000028e+01 -6.285000000000000142e+01 -1.289309999999999945e+03
-6.003000000000000114e+01 -6.285000000000000142e+01 -1.287819999999999936e+03
-5.993999999999999773e+01 -6.285000000000000142e+01 -1.286829999999999927e+03
-5.985000000000000142e+01 -6.285000000000000142e+01 -1.285329999999999927e+03
-5.980000000000000426e+01 -6.285000000000000142e+01 -1.284329999999999927e+03
-5.967999999999999972e+01 -6.285000000000000142e+01 -1.282870000000000118e+03
-5.960999999999999943e+01 -6.285000000000000142e+01 -1.281360000000000127e+03
-5.949000000000000199e+01 -6.285999999999999943e+01 -1.280319999999999936e+03
-5.937000000000000455e+01 -6.285999999999999943e+01 -1.278870000000000118e+03
-5.932000000000000028e+01 -6.285999999999999943e+01 -1.277350000000000136e+03
-5.921000000000000085e+01 -6.285999999999999943e+01 -1.276370000000000118e+03
-5.907000000000000028e+01 -6.285999999999999943e+01 -1.274839999999999918e+03
-5.898000000000000398e+01 -6.285999999999999943e+01 -1.273350000000000136e+03
-5.891000000000000369e+01 -6.285999999999999943e+01 -1.272339999999999918e+03
-5.878999999999999915e+01 -6.285999999999999943e+01 -1.270850000000000136e+03
-5.867999999999999972e+01 -6.285999999999999943e+01 -1.269289999999999964e+03
-5.857999999999999829e+01 -6.285999999999999943e+01 -1.268339999999999918e+03
-5.852000000000000313e+01 -6.285999999999999943e+01 -1.266870000000000118e+03
-5.839000000000000057e+01 -6.285000000000000142e+01 -1.265360000000000127e+03
-5.838000000000000256e+01 -6.285000000000000142e+01 -1.264960000000000036e+03
-5.842999999999999972e+01 -6.285999999999999943e+01 -1.266259999999999991e+03
-5.853000000000000114e+01 -6.287000000000000455e+01 -1.267779999999999973e+03
-5.860000000000000142e+01 -6.285999999999999943e+01 -1.268700000000000045e+03
-5.875999999999999801e+01 -6.285999999999999943e+01 -1.270240000000000009e+03
-5.880000000000000426e+01 -6.287000000000000455e+01 -1.271720000000000027e+03
-5.891000000000000369e+01 -6.287000000000000455e+01 -1.272750000000000000e+03
-5.898000000000000398e+01 -6.287000000000000455e+01 -1.274220000000000027e+03
-5.914000000000000057e+01 -6.285999999999999943e+01 -1.275750000000000000e+03
-5.928000000000000114e+01 -6.285999999999999943e+01 -1.276769999999999982e+03
-5.932000000000000028e+01 -6.287000000000000455e+01 -1.278259999999999991e+03
-5.935999999999999943e+01 -6.287000000000000455e+01 -1.279240000000000009e+03
-5.953000000000000114e+01 -6.285999999999999943e+01 -1.280740000000000009e+03
-5.957000000000000028e+01 -6.285999999999999943e+01 -1.281750000000000000e+03
-5.971000000000000085e+01 -6.285999999999999943e+01 -1.283279999999999973e+03
-5.978000000000000114e+01 -6.285999999999999943e+01 -1.284750000000000000e+03
-5.985999999999999943e+01 -6.285000000000000142e+01 -1.286230000000000018e+03
-5.996000000000000085e+01 -6.285000000000000142e+01 -1.287240000000000009e+03
-6.003999999999999915e+01 -6.285000000000000142e+01 -1.288759999999999991e+03
-6.009000000000000341e+01 -6.285999999999999943e+01 -1.290200000000000045e+03
-6.017000000000000171e+01 -6.285999999999999943e+01 -1.291210000000000036e+03
-6.032999999999999829e+01 -6.285999999999999943e+01 -1.292710000000000036e+03
-6.037000000000000455e+01 -6.287000000000000455e+01 -1.294200000000000045e+03
-6.039000000000000057e+01 -6.285999999999999943e+01 -1.295190000000000055e+03
-6.052000000000000313e+01 -6.285999999999999943e+01 -1.296680000000000064e+03
-6.059000000000000341e+01 -6.285999999999999943e+01 -1.298180000000000064e+03
-6.075000000000000000e+01 -6.285999999999999943e+01 -1.299690000000000055e+03
-6.080000000000000426e+01 -6.285999999999999943e+01 -1.300690000000000055e+03
-6.092000000000000171e+01 -6.285999999999999943e+01 -1.302220000000000027e+03
-6.103999999999999915e+01 -6.285999999999999943e+01 -1.303700000000000045e+03
-6.107999999999999829e+01 -6.285999999999999943e+01 -1.304690000000000055e+03
-6.114000000000000057e+01 -6.285000000000000142e+01 -1.306180000000000064e+03
-6.132999999999999829e+01 -6.285000000000000142e+01 -1.307710000000000036e+03
-6.139000000000000057e+01 -6.284000000000000341e+01 -1.308660000000000082e+03
-6.141000000000000369e+01 -6.285000000000000142e+01 -1.310170000000000073e+03
-6.160000000000000142e+01 -6.284000000000000341e+01 -1.311650000000000091e+03
-6.167000000000000171e+01 -6.284000000000000341e+01 -1.312650000000000091e+03
-6.170000000000000284e+01 -6.284000000000000341e+01 -1.314079999999999927e+03
-6.171999999999999886e+01 -6.282999999999999829e+01 -1.313299999999999955e+03
-6.166000000000000369e+01 -6.284000000000000341e+01 -1.312299999999999955e+03
-6.148000000000000398e+01 -6.284000000000000341e+01 -1.310750000000000000e+03
-6.141000000000000369e+01 -6.284000000000000341e+01 -1.309250000000000000e+03
-6.139999999999999858e+01 -6.284000000000000341e+01 -1.308269999999999982e+03
-6.121999999999999886e+01 -6.285000000000000142e+01 -1.306779999999999973e+03
-6.112000000000000455e+01 -6.285000000000000142e+01 -1.305279999999999973e+03
-6.113000000000000256e+01 -6.284000000000000341e+01 -1.304289999999999964e+03
-6.096999999999999886e+01 -6.285000000000000142e+01 -1.302779999999999973e+03
-6.085999999999999943e+01 -6.285000000000000142e+01 -1.301309999999999945e+03
-6.077000000000000313e+01 -6.285000000000000142e+01 -1.299750000000000000e+03
-6.067000000000000171e+01 -6.285999999999999943e+01 -1.298759999999999991e+03
-6.057999999999999829e+01 -6.285999999999999943e+01 -1.297319999999999936e+03
-6.050000000000000000e+01 -6.285000000000000142e+01 -1.295799999999999955e+03
-6.039000000000000057e+01 -6.285999999999999943e+01 -1.294339999999999918e+03
-6.035999999999999943e+01 -6.285999999999999943e+01 -1.293319999999999936e+03
-6.028999999999999915e+01 -6.285000000000000142e+01 -1.291819999999999936e+03
-6.013000000000000256e+01 -6.285000000000000142e+01 -1.290309999999999945e+03
-6.007000000000000028e+01 -6.285000000000000142e+01 -1.289319999999999936e+03
-6.003000000000000114e+01 -6.285000000000000142e+01 -1.287809999999999945e+03
-5.989000000000000057e+01 -6.285000000000000142e+01 -1.286339999999999918e+03
-5.982999999999999829e+01 -6.284000000000000341e+01 -1.285299999999999955e+03
-5.974000000000000199e+01 -6.285000000000000142e+01 -1.283819999999999936e+03
-5.967999999999999972e+01 -6.285000000000000142e+01 -1.282370000000000118e+03
-5.960000000000000142e+01 -6.285000000000000142e+01 -1.281350000000000136e+03
-5.945000000000000284e+01 -6.285999999999999943e+01 -1.279850000000000136e+03
-5.935999999999999943e+01 -6.287000000000000455e+01 -1.278350000000000136e+03
-5.928000000000000114e+01 -6.285999999999999943e+01 -1.276839999999999918e+03
-5.916000000000000369e+01 -6.285999999999999943e+01 -1.275880000000000109e+03
-5.903999999999999915e+01 -6.285999999999999943e+01 -1.274319999999999936e+03
-5.896000000000000085e+01 -6.285999999999999943e+01 -1.272839999999999918e+03
-5.888000000000000256e+01 -6.285999999999999943e+01 -1.271870000000000118e+03
-5.878000000000000114e+01 -6.285999999999999943e+01 -1.270339999999999918e+03
-5.860999999999999943e+01 -6.285999999999999943e+01 -1.268839999999999918e+03
-5.855000000000000426e+01 -6.287000000000000455e+01 -1.267850000000000136e+03
-5.850000000000000000e+01 -6.285999999999999943e+01 -1.266360000000000127e+03
-5.837000000000000455e+01 -6.285000000000000142e+01 -1.265009999999999991e+03
-5.830000000000000426e+01 -6.285999999999999943e+01 -1.265240000000000009e+03
-5.846999999999999886e+01 -6.285999999999999943e+01 -1.266750000000000000e+03
-5.852000000000000313e+01 -6.287000000000000455e+01 -1.268210000000000036e+03
-5.867999999999999972e+01 -6.285999999999999943e+01 -1.269259999999999991e+03
-5.878999999999999915e+01 -6.287000000000000455e+01 -1.270769999999999982e+03
-5.888000000000000256e+01 -6.285999999999999943e+01 -1.272259999999999991e+03
-5.896999999999999886e+01 -6.287000000000000455e+01 -1.273259999999999991e+03
-5.903999999999999915e+01 -6.287000000000000455e+01 -1.274759999999999991e+03
-5.910999999999999943e+01 -6.287000000000000455e+01 -1.275740000000000009e+03
-5.927000000000000313e+01 -6.285999999999999943e+01 -1.277259999999999991e+03
-5.937000000000000455e+01 -6.287000000000000455e+01 -1.278769999999999982e+03
-5.941000000000000369e+01 -6.287000000000000455e+01 -1.279730000000000018e+03
-5.955000000000000426e+01 -6.285999999999999943e+01 -1.281250000000000000e+03
-5.964999999999999858e+01 -6.285999999999999943e+01 -1.282720000000000027e+03
-5.971000000000000085e+01 -6.285999999999999943e+01 -1.283750000000000000e+03
-5.982000000000000028e+01 -6.285000000000000142e+01 -1.285210000000000036e+03
-5.989000000000000057e+01 -6.285000000000000142e+01 -1.286700000000000045e+03
-5.996999999999999886e+01 -6.285000000000000142e+01 -1.287730000000000018e+03
-6.005000000000000426e+01 -6.285000000000000142e+01 -1.289190000000000055e+03
-6.009000000000000341e+01 -6.285999999999999943e+01 -1.290230000000000018e+03
-6.025999999999999801e+01 -6.285000000000000142e+01 -1.291740000000000009e+03
-6.031000000000000227e+01 -6.285000000000000142e+01 -1.293200000000000045e+03
-6.037000000000000455e+01 -6.285999999999999943e+01 -1.294190000000000055e+03
-6.046000000000000085e+01 -6.285999999999999943e+01 -1.295660000000000082e+03
-6.053000000000000114e+01 -6.287000000000000455e+01 -1.297180000000000064e+03
-6.059000000000000341e+01 -6.287000000000000455e+01 -1.298190000000000055e+03
-6.074000000000000199e+01 -6.285999999999999943e+01 -1.299660000000000082e+03
-6.081000000000000227e+01 -6.285999999999999943e+01 -1.301160000000000082e+03
-6.092000000000000171e+01 -6.285999999999999943e+01 -1.302200000000000045e+03
-6.103999999999999915e+01 -6.285000000000000142e+01 -1.303650000000000091e+03
-6.107999999999999829e+01 -6.285000000000000142e+01 -1.305180000000000064e+03
-6.113000000000000256e+01 -6.285999999999999943e+01 -1.306170000000000073e+03
-6.132999999999999829e+01 -6.285000000000000142e+01 -1.307670000000000073e+03
-6.138000000000000256e+01 -6.284000000000000341e+01 -1.309170000000000073e+03
-6.141000000000000369e+01 -6.285000000000000142e+01 -1.310140000000000100e+03
-6.160000000000000142e+01 -6.284000000000000341e+01 -1.311660000000000082e+03
-6.166000000000000369e+01 -6.282999999999999829e+01 -1.313140000000000100e+03
-6.170000000000000284e+01 -6.282999999999999829e+01 -1.314150000000000091e+03
