0.000000000000000000e+00 1.182167725359792835e-311 6.952294809941695575e-310
-6.171999999999999886e+01 -6.282999999999999829e+01 -1.314370000000000118e+03
-6.173000000000000398e+01 -6.282999999999999829e+01 -1.313690000000000055e+03
-6.164000000000000057e+01 -6.282999999999999829e+01 -1.312150000000000091e+03
-6.149000000000000199e+01 -6.284000000000000341e+01 -1.310620000000000118e+03
-6.142999999999999972e+01 -6.284000000000000341e+01 -1.309620000000000118e+03
-6.137000000000000455e+01 -6.284000000000000341e+01 -1.308140000000000100e+03
-6.121000000000000085e+01 -6.285000000000000142e+01 -1.306650000000000091e+03
-6.114999999999999858e+01 -6.285000000000000142e+01 -1.305670000000000073e+03
-6.110999999999999943e+01 -6.284000000000000341e+01 -1.304160000000000082e+03
-6.096999999999999886e+01 -6.285000000000000142e+01 -1.302640000000000100e+03
-6.084000000000000341e+01 -6.285000000000000142e+01 -1.301190000000000055e+03
-6.078999999999999915e+01 -6.285000000000000142e+01 -1.300180000000000064e+03
-6.067000000000000171e+01 -6.285999999999999943e+01 -1.298670000000000073e+03
-6.057000000000000028e+01 -6.285999999999999943e+01 -1.297190000000000055e+03
-6.050000000000000000e+01 -6.285999999999999943e+01 -1.296150000000000091e+03
-6.042000000000000171e+01 -6.285000000000000142e+01 -1.294710000000000036e+03
-6.038000000000000256e+01 -6.285999999999999943e+01 -1.293690000000000055e+03
-6.031000000000000227e+01 -6.285000000000000142e+01 -1.292220000000000027e+03
-6.018999999999999773e+01 -6.285000000000000142e+01 -1.291190000000000055e+03
-6.010999999999999943e+01 -6.285000000000000142e+01 -1.289680000000000064e+03
-6.003000000000000114e+01 -6.285000000000000142e+01 -1.288220000000000027e+03
-5.995000000000000284e+01 -6.285000000000000142e+01 -1.287230000000000018e+03
-5.985999999999999943e+01 -6.285000000000000142e+01 -1.285730000000000018e+03
-5.981000000000000227e+01 -6.285000000000000142e+01 -1.284230000000000018e+03
-5.971999999999999886e+01 -6.285000000000000142e+01 -1.283289999999999964e+03
-5.960999999999999943e+01 -6.285000000000000142e+01 -1.281769999999999982e+03
-5.948000000000000398e+01 -6.285000000000000142e+01 -1.280190000000000055e+03
-5.942000000000000171e+01 -6.285999999999999943e+01 -1.279240000000000009e+03
-5.934000000000000341e+01 -6.285000000000000142e+01 -1.277740000000000009e+03
-5.918999999999999773e+01 -6.285999999999999943e+01 -1.276250000000000000e+03
-5.909000000000000341e+01 -6.285999999999999943e+01 -1.275250000000000000e+03
-5.903000000000000114e+01 -6.285999999999999943e+01 -1.273730000000000018e+03
-5.889999999999999858e+01 -6.285999999999999943e+01 -1.272240000000000009e+03
-5.882999999999999829e+01 -6.285999999999999943e+01 -1.271210000000000036e+03
-5.871999999999999886e+01 -6.285999999999999943e+01 -1.269730000000000018e+03
-5.857999999999999829e+01 -6.285999999999999943e+01 -1.268210000000000036e+03
-5.853000000000000114e+01 -6.285999999999999943e+01 -1.267240000000000009e+03
-5.845000000000000284e+01 -6.285999999999999943e+01 -1.265759999999999991e+03
-5.835000000000000142e+01 -6.285000000000000142e+01 -1.264970000000000027e+03
-5.843999999999999773e+01 -6.285000000000000142e+01 -1.265850000000000136e+03
-5.850000000000000000e+01 -6.285999999999999943e+01 -1.267370000000000118e+03
-5.855000000000000426e+01 -6.285999999999999943e+01 -1.268360000000000127e+03
-5.868999999999999773e+01 -6.287000000000000455e+01 -1.269839999999999918e+03
-5.884000000000000341e+01 -6.287000000000000455e+01 -1.271380000000000109e+03
-5.889999999999999858e+01 -6.287000000000000455e+01 -1.272360000000000127e+03
-5.896999999999999886e+01 -6.287000000000000455e+01 -1.273809999999999945e+03
-5.907999999999999829e+01 -6.287000000000000455e+01 -1.275390000000000100e+03
-5.921000000000000085e+01 -6.287000000000000455e+01 -1.276390000000000100e+03
-5.932999999999999829e+01 -6.287000000000000455e+01 -1.277870000000000118e+03
-5.937000000000000455e+01 -6.285999999999999943e+01 -1.279370000000000118e+03
-5.949000000000000199e+01 -6.287000000000000455e+01 -1.280370000000000118e+03
-5.957999999999999829e+01 -6.285999999999999943e+01 -1.281880000000000109e+03
-5.971000000000000085e+01 -6.285999999999999943e+01 -1.283370000000000118e+03
-5.980000000000000426e+01 -6.285000000000000142e+01 -1.284370000000000118e+03
-5.982000000000000028e+01 -6.285000000000000142e+01 -1.285819999999999936e+03
-5.992999999999999972e+01 -6.285000000000000142e+01 -1.286850000000000136e+03
-6.002000000000000313e+01 -6.285000000000000142e+01 -1.288319999999999936e+03
-6.006000000000000227e+01 -6.285999999999999943e+01 -1.289789999999999964e+03
-6.014999999999999858e+01 -6.285000000000000142e+01 -1.290819999999999936e+03
-6.028999999999999915e+01 -6.285999999999999943e+01 -1.292339999999999918e+03
-6.037000000000000455e+01 -6.285000000000000142e+01 -1.293789999999999964e+03
-6.041000000000000369e+01 -6.285999999999999943e+01 -1.294809999999999945e+03
-6.049000000000000199e+01 -6.285999999999999943e+01 -1.296279999999999973e+03
-6.057000000000000028e+01 -6.285999999999999943e+01 -1.297319999999999936e+03
-6.066000000000000369e+01 -6.285999999999999943e+01 -1.298779999999999973e+03
-6.075000000000000000e+01 -6.285999999999999943e+01 -1.300250000000000000e+03
-6.082000000000000028e+01 -6.285999999999999943e+01 -1.301279999999999973e+03
-6.099000000000000199e+01 -6.285000000000000142e+01 -1.302809999999999945e+03
-6.106000000000000227e+01 -6.285999999999999943e+01 -1.304319999999999936e+03
-6.107999999999999829e+01 -6.285999999999999943e+01 -1.305299999999999955e+03
-6.123000000000000398e+01 -6.285000000000000142e+01 -1.306779999999999973e+03
-6.134000000000000341e+01 -6.285000000000000142e+01 -1.308289999999999964e+03
-6.138000000000000256e+01 -6.285000000000000142e+01 -1.309259999999999991e+03
-6.150000000000000000e+01 -6.284000000000000341e+01 -1.310740000000000009e+03
-6.164999999999999858e+01 -6.284000000000000341e+01 -1.311809999999999945e+03
-6.166000000000000369e+01 -6.284000000000000341e+01 -1.313289999999999964e+03
-6.173000000000000398e+01 -6.284000000000000341e+01 -1.314089999999999918e+03
-6.169000000000000483e+01 -6.282999999999999829e+01 -1.313200000000000045e+03
-6.162000000000000455e+01 -6.282999999999999829e+01 -1.311700000000000045e+03
-6.143999999999999773e+01 -6.285000000000000142e+01 -1.310150000000000091e+03
-6.139999999999999858e+01 -6.284000000000000341e+01 -1.308650000000000091e+03
-6.134000000000000341e+01 -6.284000000000000341e+01 -1.307700000000000045e+03
-6.117000000000000171e+01 -6.285000000000000142e+01 -1.306170000000000073e+03
-6.112000000000000455e+01 -6.285000000000000142e+01 -1.304710000000000036e+03
-6.105000000000000426e+01 -6.285000000000000142e+01 -1.303670000000000073e+03
-6.091000000000000369e+01 -6.285000000000000142e+01 -1.302200000000000045e+03
-6.082000000000000028e+01 -6.285000000000000142e+01 -1.300690000000000055e+03
-6.078000000000000114e+01 -6.285000000000000142e+01 -1.299660000000000082e+03
-6.062000000000000455e+01 -6.285999999999999943e+01 -1.298200000000000045e+03
-6.057000000000000028e+01 -6.285999999999999943e+01 -1.297200000000000045e+03
-6.048000000000000398e+01 -6.285999999999999943e+01 -1.295670000000000073e+03
-6.042000000000000171e+01 -6.285999999999999943e+01 -1.294690000000000055e+03
-6.035999999999999943e+01 -6.285000000000000142e+01 -1.293220000000000027e+03
-6.030000000000000426e+01 -6.285000000000000142e+01 -1.292190000000000055e+03
-6.017000000000000171e+01 -6.285999999999999943e+01 -1.290660000000000082e+03
-6.010999999999999943e+01 -6.285000000000000142e+01 -1.289700000000000045e+03
-6.003000000000000114e+01 -6.285000000000000142e+01 -1.288220000000000027e+03
-5.993999999999999773e+01 -6.285000000000000142e+01 -1.286710000000000036e+03
-5.985999999999999943e+01 -6.285000000000000142e+01 -1.285730000000000018e+03
-5.982000000000000028e+01 -6.284000000000000341e+01 -1.284240000000000009e+03
-5.966000000000000369e+01 -6.285000000000000142e+01 -1.282769999999999982e+03
-5.960999999999999943e+01 -6.285000000000000142e+01 -1.281740000000000009e+03
-5.950000000000000000e+01 -6.285000000000000142e+01 -1.280259999999999991e+03
-5.935999999999999943e+01 -6.285999999999999943e+01 -1.278759999999999991e+03
-5.934000000000000341e+01 -6.285000000000000142e+01 -1.277779999999999973e+03
-5.917999999999999972e+01 -6.285999999999999943e+01 -1.276269999999999982e+03
-5.907000000000000028e+01 -6.285999999999999943e+01 -1.274750000000000000e+03
-5.903000000000000114e+01 -6.285999999999999943e+01 -1.273759999999999991e+03
-5.889000000000000057e+01 -6.285999999999999943e+01 -1.272259999999999991e+03
-5.878000000000000114e+01 -6.285999999999999943e+01 -1.270710000000000036e+03
-5.871999999999999886e+01 -6.285999999999999943e+01 -1.269740000000000009e+03
-5.859000000000000341e+01 -6.285999999999999943e+01 -1.268250000000000000e+03
-5.850000000000000000e+01 -6.285999999999999943e+01 -1.266759999999999991e+03
-5.846000000000000085e+01 -6.285999999999999943e+01 -1.265759999999999991e+03
-5.835000000000000142e+01 -6.285000000000000142e+01 -1.264970000000000027e+03
-5.842999999999999972e+01 -6.285000000000000142e+01 -1.266339999999999918e+03
-5.849000000000000199e+01 -6.285999999999999943e+01 -1.267350000000000136e+03
-5.859000000000000341e+01 -6.285999999999999943e+01 -1.268809999999999945e+03
-5.875999999999999801e+01 -6.285999999999999943e+01 -1.270339999999999918e+03
-5.884000000000000341e+01 -6.287000000000000455e+01 -1.271339999999999918e+03
-5.893999999999999773e+01 -6.287000000000000455e+01 -1.272839999999999918e+03
-5.898000000000000398e+01 -6.287000000000000455e+01 -1.274319999999999936e+03
-5.907000000000000028e+01 -6.287000000000000455e+01 -1.275360000000000127e+03
-5.928000000000000114e+01 -6.285999999999999943e+01 -1.276890000000000100e+03
-5.932999999999999829e+01 -6.287000000000000455e+01 -1.278390000000000100e+03
-5.937000000000000455e+01 -6.287000000000000455e+01 -1.279350000000000136e+03
-5.952000000000000313e+01 -6.285999999999999943e+01 -1.280860000000000127e+03
-5.963000000000000256e+01 -6.285999999999999943e+01 -1.282360000000000127e+03
-5.971999999999999886e+01 -6.285999999999999943e+01 -1.283350000000000136e+03
-5.977000000000000313e+01 -6.285999999999999943e+01 -1.284839999999999918e+03
-5.987000000000000455e+01 -6.285999999999999943e+01 -1.286360000000000127e+03
-5.995000000000000284e+01 -6.285000000000000142e+01 -1.287329999999999927e+03
-6.005000000000000426e+01 -6.285000000000000142e+01 -1.288819999999999936e+03
-6.009000000000000341e+01 -6.285999999999999943e+01 -1.290289999999999964e+03
-6.017000000000000171e+01 -6.285000000000000142e+01 -1.291319999999999936e+03
-6.032999999999999829e+01 -6.285999999999999943e+01 -1.292819999999999936e+03
-6.037000000000000455e+01 -6.285999999999999943e+01 -1.294299999999999955e+03
-6.039000000000000057e+01 -6.285999999999999943e+01 -1.295319999999999936e+03
-6.053000000000000114e+01 -6.285999999999999943e+01 -1.296769999999999982e+03
-6.062000000000000455e+01 -6.285999999999999943e+01 -1.297809999999999945e+03
-6.070000000000000284e+01 -6.285999999999999943e+01 -1.299279999999999973e+03
-6.080000000000000426e+01 -6.285999999999999943e+01 -1.300769999999999982e+03
-6.088000000000000256e+01 -6.285999999999999943e+01 -1.301809999999999945e+03
-6.100000000000000000e+01 -6.285000000000000142e+01 -1.303299999999999955e+03
-6.107000000000000028e+01 -6.285999999999999943e+01 -1.304779999999999973e+03
-6.116000000000000369e+01 -6.285999999999999943e+01 -1.305819999999999936e+03
-6.128999999999999915e+01 -6.284000000000000341e+01 -1.307289999999999964e+03
-6.138000000000000256e+01 -6.284000000000000341e+01 -1.308750000000000000e+03
-6.142999999999999972e+01 -6.284000000000000341e+01 -1.309769999999999982e+03
-6.152000000000000313e+01 -6.284000000000000341e+01 -1.311240000000000009e+03
-6.163000000000000256e+01 -6.284000000000000341e+01 -1.312279999999999973e+03
-6.170000000000000284e+01 -6.284000000000000341e+01 -1.313779999999999973e+03
-6.175999999999999801e+01 -6.284000000000000341e+01 -1.313710000000000036e+03
-6.169000000000000483e+01 -6.284000000000000341e+01 -1.312690000000000055e+03
-6.152000000000000313e+01 -6.284000000000000341e+01 -1.311130000000000109e+03
-6.143999999999999773e+01 -6.285000000000000142e+01 -1.310140000000000100e+03
-6.139999999999999858e+01 -6.284000000000000341e+01 -1.308720000000000027e+03
-6.127000000000000313e+01 -6.284000000000000341e+01 -1.307190000000000055e+03
-6.117000000000000171e+01 -6.285000000000000142e+01 -1.306160000000000082e+03
-6.110999999999999943e+01 -6.285000000000000142e+01 -1.304690000000000055e+03
-6.100000000000000000e+01 -6.285000000000000142e+01 -1.303200000000000045e+03
-6.092999999999999972e+01 -6.285000000000000142e+01 -1.302220000000000027e+03
-6.082000000000000028e+01 -6.285000000000000142e+01 -1.300680000000000064e+03
-6.071000000000000085e+01 -6.285000000000000142e+01 -1.299190000000000055e+03
-6.060999999999999943e+01 -6.285999999999999943e+01 -1.298180000000000064e+03
-6.053000000000000114e+01 -6.285999999999999943e+01 -1.296690000000000055e+03
-6.042999999999999972e+01 -6.285999999999999943e+01 -1.295220000000000027e+03
-6.039000000000000057e+01 -6.285000000000000142e+01 -1.294220000000000027e+03
-6.035000000000000142e+01 -6.285999999999999943e+01 -1.292710000000000036e+03
-6.027000000000000313e+01 -6.285999999999999943e+01 -1.291720000000000027e+03
-6.010999999999999943e+01 -6.285000000000000142e+01 -1.290210000000000036e+03
-6.007999999999999829e+01 -6.285000000000000142e+01 -1.288720000000000027e+03
-6.002000000000000313e+01 -6.285000000000000142e+01 -1.287720000000000027e+03
-5.988000000000000256e+01 -6.285000000000000142e+01 -1.286259999999999991e+03
-5.982000000000000028e+01 -6.285000000000000142e+01 -1.284740000000000009e+03
-5.973000000000000398e+01 -6.285000000000000142e+01 -1.283750000000000000e+03
-5.964999999999999858e+01 -6.285000000000000142e+01 -1.282299999999999955e+03
-5.953000000000000114e+01 -6.285999999999999943e+01 -1.280750000000000000e+03
-5.942999999999999972e+01 -6.285999999999999943e+01 -1.279789999999999964e+03
-5.935000000000000142e+01 -6.285999999999999943e+01 -1.278250000000000000e+03
-5.927000000000000313e+01 -6.285999999999999943e+01 -1.276789999999999964e+03
-5.914000000000000057e+01 -6.285999999999999943e+01 -1.275759999999999991e+03
-5.905000000000000426e+01 -6.285999999999999943e+01 -1.274240000000000009e+03
-5.893999999999999773e+01 -6.285999999999999943e+01 -1.272769999999999982e+03
-5.887000000000000455e+01 -6.285999999999999943e+01 -1.271750000000000000e+03
-5.875999999999999801e+01 -6.285999999999999943e+01 -1.270240000000000009e+03
-5.862000000000000455e+01 -6.285999999999999943e+01 -1.268720000000000027e+03
-5.855000000000000426e+01 -6.285999999999999943e+01 -1.267750000000000000e+03
-5.849000000000000199e+01 -6.285999999999999943e+01 -1.266259999999999991e+03
-5.837000000000000455e+01 -6.285999999999999943e+01 -1.264960000000000036e+03
-5.832999999999999829e+01 -6.285999999999999943e+01 -1.265350000000000136e+03
-5.849000000000000199e+01 -6.285999999999999943e+01 -1.266850000000000136e+03
-5.853999999999999915e+01 -6.285999999999999943e+01 -1.268309999999999945e+03
-5.868999999999999773e+01 -6.287000000000000455e+01 -1.269329999999999927e+03
-5.878000000000000114e+01 -6.287000000000000455e+01 -1.270850000000000136e+03
-5.891000000000000369e+01 -6.287000000000000455e+01 -1.272370000000000118e+03
-5.896999999999999886e+01 -6.287000000000000455e+01 -1.273329999999999927e+03
-5.903999999999999915e+01 -6.287000000000000455e+01 -1.274850000000000136e+03
-5.914000000000000057e+01 -6.287000000000000455e+01 -1.275860000000000127e+03
-5.928000000000000114e+01 -6.285999999999999943e+01 -1.277370000000000118e+03
-5.937000000000000455e+01 -6.285999999999999943e+01 -1.278839999999999918e+03
-5.941000000000000369e+01 -6.287000000000000455e+01 -1.279850000000000136e+03
-5.957999999999999829e+01 -6.285999999999999943e+01 -1.281339999999999918e+03
-5.964000000000000057e+01 -6.285000000000000142e+01 -1.282819999999999936e+03
-5.971999999999999886e+01 -6.285999999999999943e+01 -1.283839999999999918e+03
-5.982000000000000028e+01 -6.285999999999999943e+01 -1.285319999999999936e+03
-5.992000000000000171e+01 -6.285000000000000142e+01 -1.286850000000000136e+03
-6.002000000000000313e+01 -6.285000000000000142e+01 -1.288329999999999927e+03
-6.003999999999999915e+01 -6.285000000000000142e+01 -1.289299999999999955e+03
-6.016000000000000369e+01 -6.285000000000000142e+01 -1.290829999999999927e+03
-6.028999999999999915e+01 -6.285000000000000142e+01 -1.292299999999999955e+03
-6.032999999999999829e+01 -6.285999999999999943e+01 -1.293329999999999927e+03
-6.041000000000000369e+01 -6.285999999999999943e+01 -1.294759999999999991e+03
-6.049000000000000199e+01 -6.285999999999999943e+01 -1.296250000000000000e+03
-6.056000000000000227e+01 -6.285999999999999943e+01 -1.297279999999999973e+03
-6.067999999999999972e+01 -6.285999999999999943e+01 -1.298789999999999964e+03
-6.075999999999999801e+01 -6.285999999999999943e+01 -1.299779999999999973e+03
-6.081000000000000227e+01 -6.285999999999999943e+01 -1.301250000000000000e+03
-6.100000000000000000e+01 -6.285000000000000142e+01 -1.302799999999999955e+03
-6.107000000000000028e+01 -6.285000000000000142e+01 -1.303769999999999982e+03
-6.107999999999999829e+01 -6.285999999999999943e+01 -1.305289999999999964e+03
-6.117000000000000171e+01 -6.285000000000000142e+01 -1.306319999999999936e+03
-6.135000000000000142e+01 -6.285000000000000142e+01 -1.307779999999999973e+03
-6.138000000000000256e+01 -6.285000000000000142e+01 -1.309240000000000009e+03
-6.142999999999999972e+01 -6.285000000000000142e+01 -1.310259999999999991e+03
-6.162000000000000455e+01 -6.284000000000000341e+01 -1.311779999999999973e+03
-6.167000000000000171e+01 -6.284000000000000341e+01 -1.313269999999999982e+03
-6.171000000000000085e+01 -6.282999999999999829e+01 -1.314089999999999918e+03
-6.170000000000000284e+01 -6.282999999999999829e+01 -1.313200000000000045e+03
-6.160999999999999943e+01 -6.284000000000000341e+01 -1.311720000000000027e+03
-6.149000000000000199e+01 -6.284000000000000341e+01 -1.310680000000000064e+03
-6.139999999999999858e+01 -6.284000000000000341e+01 -1.309150000000000091e+03
-6.134000000000000341e+01 -6.284000000000000341e+01 -1.307710000000000036e+03
-6.121000000000000085e+01 -6.285000000000000142e+01 -1.306700000000000045e+03
-6.112000000000000455e+01 -6.285000000000000142e+01 -1.305210000000000036e+03
-6.107000000000000028e+01 -6.285000000000000142e+01 -1.303720000000000027e+03
-6.096999999999999886e+01 -6.285000000000000142e+01 -1.302700000000000045e+03
-6.084000000000000341e+01 -6.285999999999999943e+01 -1.301170000000000073e+03
-6.077000000000000313e+01 -6.285000000000000142e+01 -1.299670000000000073e+03
-6.067000000000000171e+01 -6.285000000000000142e+01 -1.298700000000000045e+03
-6.057000000000000028e+01 -6.285999999999999943e+01 -1.297200000000000045e+03
-6.049000000000000199e+01 -6.285999999999999943e+01 -1.295710000000000036e+03
-6.041000000000000369e+01 -6.285000000000000142e+01 -1.294690000000000055e+03
-6.035999999999999943e+01 -6.285999999999999943e+01 -1.293250000000000000e+03
-6.031000000000000227e+01 -6.285000000000000142e+01 -1.292220000000000027e+03
-6.017000000000000171e+01 -6.285999999999999943e+01 -1.290740000000000009e+03
-6.007999999999999829e+01 -6.285000000000000142e+01 -1.289220000000000027e+03
-6.003000000000000114e+01 -6.285000000000000142e+01 -1.288230000000000018e+03
-5.993999999999999773e+01 -6.285000000000000142e+01 -1.286730000000000018e+03
-5.984000000000000341e+01 -6.285000000000000142e+01 -1.285240000000000009e+03
-5.982000000000000028e+01 -6.284000000000000341e+01 -1.284259999999999991e+03
-5.964999999999999858e+01 -6.285000000000000142e+01 -1.282759999999999991e+03
-5.960000000000000142e+01 -6.285000000000000142e+01 -1.281240000000000009e+03
-5.948000000000000398e+01 -6.285000000000000142e+01 -1.280230000000000018e+03
-5.937000000000000455e+01 -6.285999999999999943e+01 -1.278789999999999964e+03
-5.932000000000000028e+01 -6.285999999999999943e+01 -1.277269999999999982e+03
-5.918999999999999773e+01 -6.285999999999999943e+01 -1.276269999999999982e+03
-5.907999999999999829e+01 -6.285999999999999943e+01 -1.274779999999999973e+03
-5.896999999999999886e+01 -6.285999999999999943e+01 -1.273250000000000000e+03
-5.889000000000000057e+01 -6.285999999999999943e+01 -1.272269999999999982e+03
-5.878000000000000114e+01 -6.287000000000000455e+01 -1.270730000000000018e+03
-5.868999999999999773e+01 -6.285999999999999943e+01 -1.269259999999999991e+03
-5.859000000000000341e+01 -6.285999999999999943e+01 -1.268230000000000018e+03
-5.852000000000000313e+01 -6.285999999999999943e+01 -1.266769999999999982e+03
-5.839000000000000057e+01 -6.285999999999999943e+01 -1.265309999999999945e+03
-5.835999999999999943e+01 -6.285000000000000142e+01 -1.264970000000000027e+03
-5.845000000000000284e+01 -6.285999999999999943e+01 -1.266329999999999927e+03
-5.853000000000000114e+01 -6.287000000000000455e+01 -1.267829999999999927e+03
-5.859000000000000341e+01 -6.287000000000000455e+01 -1.268850000000000136e+03
-5.875000000000000000e+01 -6.287000000000000455e+01 -1.270309999999999945e+03
-5.884000000000000341e+01 -6.287000000000000455e+01 -1.271819999999999936e+03
-5.896999999999999886e+01 -6.287000000000000455e+01 -1.273360000000000127e+03
-5.900000000000000000e+01 -6.287000000000000455e+01 -1.274329999999999927e+03
-5.913000000000000256e+01 -6.287000000000000455e+01 -1.275839999999999918e+03
-5.928000000000000114e+01 -6.287000000000000455e+01 -1.276850000000000136e+03
-5.932000000000000028e+01 -6.285999999999999943e+01 -1.278319999999999936e+03
-5.938000000000000256e+01 -6.287000000000000455e+01 -1.279339999999999918e+03
-5.952000000000000313e+01 -6.287000000000000455e+01 -1.280829999999999927e+03
-5.963000000000000256e+01 -6.285999999999999943e+01 -1.282329999999999927e+03
-5.970000000000000284e+01 -6.285999999999999943e+01 -1.283350000000000136e+03
-5.975999999999999801e+01 -6.285000000000000142e+01 -1.284829999999999927e+03
-5.988000000000000256e+01 -6.285000000000000142e+01 -1.286289999999999964e+03
-5.995000000000000284e+01 -6.285000000000000142e+01 -1.287329999999999927e+03
-6.005000000000000426e+01 -6.285000000000000142e+01 -1.288799999999999955e+03
-6.009000000000000341e+01 -6.285999999999999943e+01 -1.290279999999999973e+03
-6.017999999999999972e+01 -6.285999999999999943e+01 -1.291299999999999955e+03
-6.032999999999999829e+01 -6.285999999999999943e+01 -1.292799999999999955e+03
-6.037000000000000455e+01 -6.285999999999999943e+01 -1.294319999999999936e+03
-6.039000000000000057e+01 -6.285999999999999943e+01 -1.295250000000000000e+03
-6.055000000000000426e+01 -6.285999999999999943e+01 -1.296799999999999955e+03
-6.057999999999999829e+01 -6.285999999999999943e+01 -1.298269999999999982e+03
-6.071000000000000085e+01 -6.285000000000000142e+01 -1.299279999999999973e+03
-6.081000000000000227e+01 -6.285999999999999943e+01 -1.300789999999999964e+03
-6.092999999999999972e+01 -6.285000000000000142e+01 -1.302299999999999955e+03
-6.106000000000000227e+01 -6.285000000000000142e+01 -1.303769999999999982e+03
-6.107999999999999829e+01 -6.285000000000000142e+01 -1.304759999999999991e+03
-6.117000000000000171e+01 -6.285999999999999943e+01 -1.306299999999999955e+03
-6.135000000000000142e+01 -6.285000000000000142e+01 -1.307769999999999982e+03
-6.138000000000000256e+01 -6.284000000000000341e+01 -1.308769999999999982e+03
-6.142000000000000171e+01 -6.285000000000000142e+01 -1.310230000000000018e+03
-6.163000000000000256e+01 -6.282999999999999829e+01 -1.311730000000000018e+03
-6.166000000000000369e+01 -6.284000000000000341e+01 -1.312750000000000000e+03
-6.171000000000000085e+01 -6.284000000000000341e+01 -1.314100000000000136e+03
-6.170000000000000284e+01 -6.282999999999999829e+01 -1.313210000000000036e+03
-6.164000000000000057e+01 -6.282999999999999829e+01 -1.312180000000000064e+03
-6.148000000000000398e+01 -6.284000000000000341e+01 -1.310660000000000082e+03
-6.141000000000000369e+01 -6.284000000000000341e+01 -1.309160000000000082e+03
-6.138000000000000256e+01 -6.284000000000000341e+01 -1.308210000000000036e+03
-6.121000000000000085e+01 -6.285000000000000142e+01 -1.306690000000000055e+03
-6.114999999999999858e+01 -6.285000000000000142e+01 -1.305700000000000045e+03
-6.110999999999999943e+01 -6.285000000000000142e+01 -1.304200000000000045e+03
-6.100999999999999801e+01 -6.285000000000000142e+01 -1.303230000000000018e+03
-6.087000000000000455e+01 -6.285999999999999943e+01 -1.301700000000000045e+03
-6.080000000000000426e+01 -6.285000000000000142e+01 -1.300190000000000055e+03
-6.071000000000000085e+01 -6.285999999999999943e+01 -1.299190000000000055e+03
-6.060000000000000142e+01 -6.285999999999999943e+01 -1.297700000000000045e+03
-6.053000000000000114e+01 -6.285999999999999943e+01 -1.296690000000000055e+03
-6.042999999999999972e+01 -6.285999999999999943e+01 -1.295210000000000036e+03
-6.038000000000000256e+01 -6.285999999999999943e+01 -1.293720000000000027e+03
-6.035999999999999943e+01 -6.285000000000000142e+01 -1.292710000000000036e+03
-6.020000000000000284e+01 -6.285000000000000142e+01 -1.291240000000000009e+03
-6.010999999999999943e+01 -6.285000000000000142e+01 -1.289710000000000036e+03
-6.009000000000000341e+01 -6.285000000000000142e+01 -1.288769999999999982e+03
-5.996999999999999886e+01 -6.285000000000000142e+01 -1.287269999999999982e+03
-5.987000000000000455e+01 -6.285000000000000142e+01 -1.285769999999999982e+03
-5.982000000000000028e+01 -6.285000000000000142e+01 -1.284799999999999955e+03
-5.971000000000000085e+01 -6.285000000000000142e+01 -1.283259999999999991e+03
-5.962000000000000455e+01 -6.285999999999999943e+01 -1.281769999999999982e+03
-5.953000000000000114e+01 -6.285000000000000142e+01 -1.280769999999999982e+03
-5.942000000000000171e+01 -6.285999999999999943e+01 -1.279259999999999991e+03
-5.934000000000000341e+01 -6.285999999999999943e+01 -1.277789999999999964e+03
-5.928000000000000114e+01 -6.285000000000000142e+01 -1.276789999999999964e+03
-5.910999999999999943e+01 -6.287000000000000455e+01 -1.275299999999999955e+03
-5.903000000000000114e+01 -6.285999999999999943e+01 -1.273759999999999991e+03
-5.895000000000000284e+01 -6.285999999999999943e+01 -1.272750000000000000e+03
-5.882999999999999829e+01 -6.287000000000000455e+01 -1.271279999999999973e+03
-5.871999999999999886e+01 -6.285999999999999943e+01 -1.269750000000000000e+03
-5.863000000000000256e+01 -6.287000000000000455e+01 -1.268750000000000000e+03
-5.852000000000000313e+01 -6.285999999999999943e+01 -1.267289999999999964e+03
-5.846000000000000085e+01 -6.285999999999999943e+01 -1.265759999999999991e+03
-5.837000000000000455e+01 -6.285999999999999943e+01 -1.264980000000000018e+03
-5.843999999999999773e+01 -6.285999999999999943e+01 -1.265839999999999918e+03
-5.850000000000000000e+01 -6.287000000000000455e+01 -1.267309999999999945e+03
-5.853999999999999915e+01 -6.285999999999999943e+01 -1.268299999999999955e+03
-5.870000000000000284e+01 -6.287000000000000455e+01 -1.269819999999999936e+03
-5.884000000000000341e+01 -6.285999999999999943e+01 -1.271350000000000136e+03
-5.889999999999999858e+01 -6.287000000000000455e+01 -1.272329999999999927e+03
-5.896999999999999886e+01 -6.287000000000000455e+01 -1.273819999999999936e+03
-5.909000000000000341e+01 -6.288000000000000256e+01 -1.275329999999999927e+03
-5.920000000000000284e+01 -6.287000000000000455e+01 -1.276329999999999927e+03
-5.932000000000000028e+01 -6.287000000000000455e+01 -1.277890000000000100e+03
-5.937000000000000455e+01 -6.287000000000000455e+01 -1.279339999999999918e+03
-5.950000000000000000e+01 -6.287000000000000455e+01 -1.280329999999999927e+03
-5.957999999999999829e+01 -6.285999999999999943e+01 -1.281839999999999918e+03
-5.971000000000000085e+01 -6.285999999999999943e+01 -1.283350000000000136e+03
-5.978999999999999915e+01 -6.285999999999999943e+01 -1.284309999999999945e+03
-5.982000000000000028e+01 -6.285999999999999943e+01 -1.285809999999999945e+03
-5.995000000000000284e+01 -6.285000000000000142e+01 -1.287339999999999918e+03
-6.003000000000000114e+01 -6.285000000000000142e+01 -1.288299999999999955e+03
-6.006000000000000227e+01 -6.285999999999999943e+01 -1.289809999999999945e+03
-6.017999999999999972e+01 -6.285999999999999943e+01 -1.291319999999999936e+03
-6.030000000000000426e+01 -6.285999999999999943e+01 -1.292279999999999973e+03
-6.035999999999999943e+01 -6.285999999999999943e+01 -1.293809999999999945e+03
-6.038000000000000256e+01 -6.287000000000000455e+01 -1.295269999999999982e+03
-6.049000000000000199e+01 -6.285999999999999943e+01 -1.296279999999999973e+03
-6.060000000000000142e+01 -6.285999999999999943e+01 -1.297809999999999945e+03
-6.066000000000000369e+01 -6.285999999999999943e+01 -1.298730000000000018e+03
-6.075000000000000000e+01 -6.285999999999999943e+01 -1.300259999999999991e+03
-6.087000000000000455e+01 -6.285999999999999943e+01 -1.301789999999999964e+03
-6.099000000000000199e+01 -6.285999999999999943e+01 -1.302759999999999991e+03
-6.106000000000000227e+01 -6.285000000000000142e+01 -1.304259999999999991e+03
-6.114000000000000057e+01 -6.285000000000000142e+01 -1.305750000000000000e+03
-6.124000000000000199e+01 -6.285000000000000142e+01 -1.306769999999999982e+03
-6.135000000000000142e+01 -6.284000000000000341e+01 -1.308250000000000000e+03
-6.142999999999999972e+01 -6.284000000000000341e+01 -1.309740000000000009e+03
-6.150999999999999801e+01 -6.285000000000000142e+01 -1.310730000000000018e+03
-6.163000000000000256e+01 -6.284000000000000341e+01 -1.312259999999999991e+03
-6.166000000000000369e+01 -6.284000000000000341e+01 -1.313240000000000009e+03
-6.171999999999999886e+01 -6.284000000000000341e+01 -1.314079999999999927e+03
-6.169000000000000483e+01 -6.282999999999999829e+01 -1.313210000000000036e+03
-6.162000000000000455e+01 -6.282999999999999829e+01 -1.311720000000000027e+03
-6.143999999999999773e+01 -6.284000000000000341e+01 -1.310160000000000082e+03
-6.139999999999999858e+01 -6.284000000000000341e+01 -1.309190000000000055e+03
-6.134000000000000341e+01 -6.284000000000000341e+01 -1.307670000000000073e+03
-6.121999999999999886e+01 -6.285000000000000142e+01 -1.306710000000000036e+03
-6.110999999999999943e+01 -6.285000000000000142e+01 -1.305190000000000055e+03
-6.106000000000000227e+01 -6.285000000000000142e+01 -1.303710000000000036e+03
-6.096999999999999886e+01 -6.285000000000000142e+01 -1.302730000000000018e+03
-6.085000000000000142e+01 -6.285999999999999943e+01 -1.301180000000000064e+03
-6.078000000000000114e+01 -6.285000000000000142e+01 -1.299680000000000064e+03
-6.067000000000000171e+01 -6.285000000000000142e+01 -1.298730000000000018e+03
-6.057999999999999829e+01 -6.285999999999999943e+01 -1.297200000000000045e+03
-6.049000000000000199e+01 -6.285999999999999943e+01 -1.295710000000000036e+03
-6.041000000000000369e+01 -6.285000000000000142e+01 -1.294690000000000055e+03
-6.035999999999999943e+01 -6.285000000000000142e+01 -1.293250000000000000e+03
-6.028000000000000114e+01 -6.285999999999999943e+01 -1.291759999999999991e+03
-6.017000000000000171e+01 -6.285000000000000142e+01 -1.290720000000000027e+03
-6.007999999999999829e+01 -6.285000000000000142e+01 -1.289230000000000018e+03
-6.002000000000000313e+01 -6.285000000000000142e+01 -1.287750000000000000e+03
-5.993999999999999773e+01 -6.285000000000000142e+01 -1.286759999999999991e+03
-5.984000000000000341e+01 -6.285000000000000142e+01 -1.285230000000000018e+03
-5.981000000000000227e+01 -6.284000000000000341e+01 -1.284299999999999955e+03
-5.967000000000000171e+01 -6.285999999999999943e+01 -1.282759999999999991e+03
-5.959000000000000341e+01 -6.285999999999999943e+01 -1.281289999999999964e+03
-5.950000000000000000e+01 -6.285000000000000142e+01 -1.280259999999999991e+03
-5.935999999999999943e+01 -6.285999999999999943e+01 -1.278769999999999982e+03
-5.932000000000000028e+01 -6.285999999999999943e+01 -1.277309999999999945e+03
-5.918999999999999773e+01 -6.285999999999999943e+01 -1.276259999999999991e+03
-5.907999999999999829e+01 -6.285999999999999943e+01 -1.274769999999999982e+03
-5.898000000000000398e+01 -6.285999999999999943e+01 -1.273269999999999982e+03
-5.889999999999999858e+01 -6.285999999999999943e+01 -1.272269999999999982e+03
-5.878999999999999915e+01 -6.287000000000000455e+01 -1.270759999999999991e+03
-5.873000000000000398e+01 -6.285999999999999943e+01 -1.269740000000000009e+03
-5.859000000000000341e+01 -6.287000000000000455e+01 -1.268269999999999982e+03
-5.850000000000000000e+01 -6.285999999999999943e+01 -1.266779999999999973e+03
-5.846999999999999886e+01 -6.285000000000000142e+01 -1.265779999999999973e+03
-5.835999999999999943e+01 -6.285000000000000142e+01 -1.264940000000000055e+03
-5.842999999999999972e+01 -6.285999999999999943e+01 -1.266309999999999945e+03
-5.849000000000000199e+01 -6.285999999999999943e+01 -1.267329999999999927e+03
-5.859000000000000341e+01 -6.287000000000000455e+01 -1.268789999999999964e+03
-5.875000000000000000e+01 -6.285999999999999943e+01 -1.270309999999999945e+03
-5.882999999999999829e+01 -6.287000000000000455e+01 -1.271339999999999918e+03
-5.892999999999999972e+01 -6.285999999999999943e+01 -1.272809999999999945e+03
-5.898000000000000398e+01 -6.287000000000000455e+01 -1.274299999999999955e+03
-5.907999999999999829e+01 -6.287000000000000455e+01 -1.275360000000000127e+03
-5.927000000000000313e+01 -6.287000000000000455e+01 -1.276870000000000118e+03
-5.932000000000000028e+01 -6.287000000000000455e+01 -1.278350000000000136e+03
-5.937000000000000455e+01 -6.287000000000000455e+01 -1.279299999999999955e+03
-5.952000000000000313e+01 -6.285999999999999943e+01 -1.280819999999999936e+03
-5.964000000000000057e+01 -6.285999999999999943e+01 -1.282370000000000118e+03
-5.971999999999999886e+01 -6.285000000000000142e+01 -1.283309999999999945e+03
-5.977000000000000313e+01 -6.285999999999999943e+01 -1.284809999999999945e+03
-5.987000000000000455e+01 -6.285999999999999943e+01 -1.286299999999999955e+03
-5.995000000000000284e+01 -6.285000000000000142e+01 -1.287309999999999945e+03
-6.003999999999999915e+01 -6.285000000000000142e+01 -1.288789999999999964e+03
-6.009000000000000341e+01 -6.285999999999999943e+01 -1.290289999999999964e+03
-6.017000000000000171e+01 -6.285000000000000142e+01 -1.291309999999999945e+03
-6.034000000000000341e+01 -6.285999999999999943e+01 -1.292799999999999955e+03
-6.035999999999999943e+01 -6.285999999999999943e+01 -1.294289999999999964e+03
-6.039000000000000057e+01 -6.287000000000000455e+01 -1.295279999999999973e+03
-6.053999999999999915e+01 -6.285999999999999943e+01 -1.296779999999999973e+03
-6.060999999999999943e+01 -6.285999999999999943e+01 -1.297789999999999964e+03
-6.068999999999999773e+01 -6.285999999999999943e+01 -1.299259999999999991e+03
-6.082000000000000028e+01 -6.285999999999999943e+01 -1.300769999999999982e+03
-6.088000000000000256e+01 -6.285999999999999943e+01 -1.301750000000000000e+03
-6.099000000000000199e+01 -6.285000000000000142e+01 -1.303269999999999982e+03
-6.109000000000000341e+01 -6.285999999999999943e+01 -1.304759999999999991e+03
-6.114999999999999858e+01 -6.285999999999999943e+01 -1.305779999999999973e+03
-6.128000000000000114e+01 -6.284000000000000341e+01 -1.307269999999999982e+03
-6.139000000000000057e+01 -6.284000000000000341e+01 -1.308759999999999991e+03
-6.142999999999999972e+01 -6.285000000000000142e+01 -1.309750000000000000e+03
-6.152000000000000313e+01 -6.284000000000000341e+01 -1.311250000000000000e+03
-6.163000000000000256e+01 -6.284000000000000341e+01 -1.312250000000000000e+03
-6.170000000000000284e+01 -6.282999999999999829e+01 -1.313769999999999982e+03
-6.171999999999999886e+01 -6.284000000000000341e+01 -1.314120000000000118e+03
-6.167999999999999972e+01 -6.284000000000000341e+01 -1.312720000000000027e+03
-6.153999999999999915e+01 -6.284000000000000341e+01 -1.311200000000000045e+03
-6.145000000000000284e+01 -6.284000000000000341e+01 -1.310190000000000055e+03
-6.139999999999999858e+01 -6.284000000000000341e+01 -1.308710000000000036e+03
-6.128000000000000114e+01 -6.284000000000000341e+01 -1.307230000000000018e+03
-6.117999999999999972e+01 -6.285000000000000142e+01 -1.306200000000000045e+03
-6.110999999999999943e+01 -6.285000000000000142e+01 -1.304700000000000045e+03
-6.100999999999999801e+01 -6.285000000000000142e+01 -1.303210000000000036e+03
-6.092000000000000171e+01 -6.285000000000000142e+01 -1.302210000000000036e+03
-6.082999999999999829e+01 -6.285000000000000142e+01 -1.300690000000000055e+03
-6.071000000000000085e+01 -6.285999999999999943e+01 -1.299220000000000027e+03
-6.062000000000000455e+01 -6.287000000000000455e+01 -1.298210000000000036e+03
-6.053000000000000114e+01 -6.285000000000000142e+01 -1.296710000000000036e+03
-6.049000000000000199e+01 -6.285999999999999943e+01 -1.295730000000000018e+03
-6.038000000000000256e+01 -6.285999999999999943e+01 -1.294230000000000018e+03
-6.035000000000000142e+01 -6.285999999999999943e+01 -1.292740000000000009e+03
-6.027000000000000313e+01 -6.285999999999999943e+01 -1.291720000000000027e+03
-6.010999999999999943e+01 -6.285999999999999943e+01 -1.290289999999999964e+03
-6.007999999999999829e+01 -6.285000000000000142e+01 -1.288740000000000009e+03
-6.003000000000000114e+01 -6.285000000000000142e+01 -1.287750000000000000e+03
-5.988000000000000256e+01 -6.285000000000000142e+01 -1.286259999999999991e+03
-5.982999999999999829e+01 -6.285000000000000142e+01 -1.284759999999999991e+03
-5.975000000000000000e+01 -6.284000000000000341e+01 -1.283759999999999991e+03
-5.964999999999999858e+01 -6.285000000000000142e+01 -1.282289999999999964e+03
-5.953999999999999915e+01 -6.285000000000000142e+01 -1.280779999999999973e+03
-5.943999999999999773e+01 -6.285000000000000142e+01 -1.279769999999999982e+03
-5.937000000000000455e+01 -6.285999999999999943e+01 -1.278309999999999945e+03
-5.927000000000000313e+01 -6.285000000000000142e+01 -1.276819999999999936e+03
-5.913000000000000256e+01 -6.285999999999999943e+01 -1.275769999999999982e+03
-5.903999999999999915e+01 -6.285999999999999943e+01 -1.274240000000000009e+03
-5.895000000000000284e+01 -6.285999999999999943e+01 -1.272750000000000000e+03
-5.885999999999999943e+01 -6.285999999999999943e+01 -1.271789999999999964e+03
-5.875000000000000000e+01 -6.285999999999999943e+01 -1.270259999999999991e+03
-5.862000000000000455e+01 -6.285999999999999943e+01 -1.268769999999999982e+03
-5.855000000000000426e+01 -6.285999999999999943e+01 -1.267789999999999964e+03
-5.850999999999999801e+01 -6.285000000000000142e+01 -1.266299999999999955e+03
-5.837000000000000455e+01 -6.285999999999999943e+01 -1.264950000000000045e+03
-5.832000000000000028e+01 -6.285999999999999943e+01 -1.265309999999999945e+03
-5.848000000000000398e+01 -6.285999999999999943e+01 -1.266799999999999955e+03
-5.853999999999999915e+01 -6.285999999999999943e+01 -1.268279999999999973e+03
-5.867999999999999972e+01 -6.287000000000000455e+01 -1.269299999999999955e+03
-5.878999999999999915e+01 -6.287000000000000455e+01 -1.270819999999999936e+03
-5.889999999999999858e+01 -6.287000000000000455e+01 -1.272339999999999918e+03
-5.898000000000000398e+01 -6.287000000000000455e+01 -1.273309999999999945e+03
-5.903000000000000114e+01 -6.287000000000000455e+01 -1.274779999999999973e+03
-5.921999999999999886e+01 -6.287000000000000455e+01 -1.276339999999999918e+03
-5.928000000000000114e+01 -6.287000000000000455e+01 -1.277350000000000136e+03
-5.937000000000000455e+01 -6.285999999999999943e+01 -1.278799999999999955e+03
-5.949000000000000199e+01 -6.285999999999999943e+01 -1.280299999999999955e+03
-5.957000000000000028e+01 -6.285999999999999943e+01 -1.281339999999999918e+03
-5.966000000000000369e+01 -6.285999999999999943e+01 -1.282819999999999936e+03
-5.971999999999999886e+01 -6.285999999999999943e+01 -1.283809999999999945e+03
-5.982000000000000028e+01 -6.285000000000000142e+01 -1.285319999999999936e+03
-5.991000000000000369e+01 -6.285999999999999943e+01 -1.286850000000000136e+03
-6.003000000000000114e+01 -6.285000000000000142e+01 -1.288299999999999955e+03
-6.006000000000000227e+01 -6.285000000000000142e+01 -1.289279999999999973e+03
-6.014999999999999858e+01 -6.285999999999999943e+01 -1.290769999999999982e+03
-6.028999999999999915e+01 -6.285000000000000142e+01 -1.292279999999999973e+03
-6.032999999999999829e+01 -6.285999999999999943e+01 -1.293269999999999982e+03
-6.039999999999999858e+01 -6.285999999999999943e+01 -1.294769999999999982e+03
-6.048000000000000398e+01 -6.285999999999999943e+01 -1.295759999999999991e+03
-6.057000000000000028e+01 -6.285999999999999943e+01 -1.297279999999999973e+03
-6.059000000000000341e+01 -6.285999999999999943e+01 -1.298259999999999991e+03
-6.075999999999999801e+01 -6.285999999999999943e+01 -1.299720000000000027e+03
-6.082000000000000028e+01 -6.285999999999999943e+01 -1.301250000000000000e+03
-6.092999999999999972e+01 -6.285999999999999943e+01 -1.302259999999999991e+03
-6.106000000000000227e+01 -6.285000000000000142e+01 -1.303750000000000000e+03
-6.109000000000000341e+01 -6.285000000000000142e+01 -1.305250000000000000e+03
-6.114999999999999858e+01 -6.285000000000000142e+01 -1.306230000000000018e+03
-6.134000000000000341e+01 -6.284000000000000341e+01 -1.307759999999999991e+03
-6.138000000000000256e+01 -6.285000000000000142e+01 -1.309240000000000009e+03
-6.142000000000000171e+01 -6.285000000000000142e+01 -1.310220000000000027e+03
-6.162000000000000455e+01 -6.284000000000000341e+01 -1.311750000000000000e+03
-6.166000000000000369e+01 -6.282999999999999829e+01 -1.313220000000000027e+03
-6.171999999999999886e+01 -6.284000000000000341e+01 -1.314120000000000118e+03
-6.170000000000000284e+01 -6.282999999999999829e+01 -1.313200000000000045e+03
-6.162000000000000455e+01 -6.282999999999999829e+01 -1.311690000000000055e+03
-6.145000000000000284e+01 -6.284000000000000341e+01 -1.310180000000000064e+03
-6.139000000000000057e+01 -6.284000000000000341e+01 -1.309170000000000073e+03
-6.134000000000000341e+01 -6.284000000000000341e+01 -1.307700000000000045e+03
-6.117000000000000171e+01 -6.285999999999999943e+01 -1.306200000000000045e+03
-6.110999999999999943e+01 -6.285000000000000142e+01 -1.305190000000000055e+03
-6.107000000000000028e+01 -6.285000000000000142e+01 -1.303720000000000027e+03
-6.093999999999999773e+01 -6.285000000000000142e+01 -1.302259999999999991e+03
-6.085000000000000142e+01 -6.285000000000000142e+01 -1.301230000000000018e+03
-6.078000000000000114e+01 -6.285000000000000142e+01 -1.299690000000000055e+03
-6.062000000000000455e+01 -6.285999999999999943e+01 -1.298230000000000018e+03
-6.057999999999999829e+01 -6.285000000000000142e+01 -1.297240000000000009e+03
-6.049000000000000199e+01 -6.285999999999999943e+01 -1.295730000000000018e+03
-6.037000000000000455e+01 -6.285999999999999943e+01 -1.294240000000000009e+03
-6.035000000000000142e+01 -6.285000000000000142e+01 -1.293230000000000018e+03
-6.028000000000000114e+01 -6.285000000000000142e+01 -1.291750000000000000e+03
-6.010999999999999943e+01 -6.285999999999999943e+01 -1.290240000000000009e+03
-6.009000000000000341e+01 -6.285000000000000142e+01 -1.289259999999999991e+03
-6.003000000000000114e+01 -6.284000000000000341e+01 -1.287799999999999955e+03
-5.987000000000000455e+01 -6.285000000000000142e+01 -1.286250000000000000e+03
-5.984000000000000341e+01 -6.285000000000000142e+01 -1.285230000000000018e+03
-5.974000000000000199e+01 -6.285000000000000142e+01 -1.283789999999999964e+03
-5.966000000000000369e+01 -6.285000000000000142e+01 -1.282289999999999964e+03
-5.960000000000000142e+01 -6.285000000000000142e+01 -1.281279999999999973e+03
-5.942999999999999972e+01 -6.285999999999999943e+01 -1.279769999999999982e+03
-5.935999999999999943e+01 -6.285999999999999943e+01 -1.278789999999999964e+03
-5.932000000000000028e+01 -6.285000000000000142e+01 -1.277259999999999991e+03
-5.920000000000000284e+01 -6.285999999999999943e+01 -1.276299999999999955e+03
-5.907000000000000028e+01 -6.285999999999999943e+01 -1.274789999999999964e+03
-5.899000000000000199e+01 -6.285999999999999943e+01 -1.273269999999999982e+03
-5.889999999999999858e+01 -6.285000000000000142e+01 -1.272299999999999955e+03
-5.880000000000000426e+01 -6.285999999999999943e+01 -1.270759999999999991e+03
-5.868999999999999773e+01 -6.285999999999999943e+01 -1.269289999999999964e+03
-5.859000000000000341e+01 -6.285999999999999943e+01 -1.268269999999999982e+03
-5.850000000000000000e+01 -6.285000000000000142e+01 -1.266779999999999973e+03
-5.839000000000000057e+01 -6.285000000000000142e+01 -1.265309999999999945e+03
-5.837000000000000455e+01 -6.285000000000000142e+01 -1.264950000000000045e+03
-5.842999999999999972e+01 -6.285999999999999943e+01 -1.266319999999999936e+03
-5.855000000000000426e+01 -6.285999999999999943e+01 -1.267829999999999927e+03
-5.859000000000000341e+01 -6.285999999999999943e+01 -1.268769999999999982e+03
-5.874000000000000199e+01 -6.287000000000000455e+01 -1.270309999999999945e+03
-5.882000000000000028e+01 -6.287000000000000455e+01 -1.271799999999999955e+03
-5.893999999999999773e+01 -6.285999999999999943e+01 -1.272769999999999982e+03
-5.898000000000000398e+01 -6.287000000000000455e+01 -1.274269999999999982e+03
-5.917000000000000171e+01 -6.287000000000000455e+01 -1.275829999999999927e+03
-5.927000000000000313e+01 -6.285999999999999943e+01 -1.276829999999999927e+03
-5.932999999999999829e+01 -6.287000000000000455e+01 -1.278319999999999936e+03
-5.935999999999999943e+01 -6.285999999999999943e+01 -1.279299999999999955e+03
-5.952000000000000313e+01 -6.285999999999999943e+01 -1.280789999999999964e+03
-5.964000000000000057e+01 -6.285999999999999943e+01 -1.282339999999999918e+03
-5.971999999999999886e+01 -6.285999999999999943e+01 -1.283319999999999936e+03
-5.978000000000000114e+01 -6.285000000000000142e+01 -1.284799999999999955e+03
-5.988000000000000256e+01 -6.285000000000000142e+01 -1.286319999999999936e+03
-5.996000000000000085e+01 -6.285000000000000142e+01 -1.287309999999999945e+03
-6.003999999999999915e+01 -6.285000000000000142e+01 -1.288789999999999964e+03
-6.007999999999999829e+01 -6.285999999999999943e+01 -1.290240000000000009e+03
-6.017999999999999972e+01 -6.285000000000000142e+01 -1.291259999999999991e+03
-6.034000000000000341e+01 -6.285000000000000142e+01 -1.292750000000000000e+03
-6.035000000000000142e+01 -6.285999999999999943e+01 -1.293759999999999991e+03
-6.038000000000000256e+01 -6.285999999999999943e+01 -1.295220000000000027e+03
-6.053999999999999915e+01 -6.285999999999999943e+01 -1.296759999999999991e+03
-6.060000000000000142e+01 -6.285999999999999943e+01 -1.297769999999999982e+03
-6.067999999999999972e+01 -6.285999999999999943e+01 -1.299230000000000018e+03
-6.082000000000000028e+01 -6.285999999999999943e+01 -1.300769999999999982e+03
-6.088000000000000256e+01 -6.285999999999999943e+01 -1.301740000000000009e+03
-6.099000000000000199e+01 -6.285000000000000142e+01 -1.303240000000000009e+03
-6.105000000000000426e+01 -6.285000000000000142e+01 -1.304259999999999991e+03
-6.113000000000000256e+01 -6.285999999999999943e+01 -1.305720000000000027e+03
-6.124000000000000199e+01 -6.285000000000000142e+01 -1.306740000000000009e+03
-6.135000000000000142e+01 -6.285000000000000142e+01 -1.308230000000000018e+03
-6.142000000000000171e+01 -6.284000000000000341e+01 -1.309740000000000009e+03
-6.150000000000000000e+01 -6.284000000000000341e+01 -1.310730000000000018e+03
-6.163000000000000256e+01 -6.284000000000000341e+01 -1.312250000000000000e+03
-6.170000000000000284e+01 -6.282999999999999829e+01 -1.313710000000000036e+03
-6.171999999999999886e+01 -6.284000000000000341e+01 -1.314140000000000100e+03
-6.169000000000000483e+01 -6.282999999999999829e+01 -1.312730000000000018e+03
-6.153000000000000114e+01 -6.284000000000000341e+01 -1.311180000000000064e+03
-6.145000000000000284e+01 -6.284000000000000341e+01 -1.310180000000000064e+03
-6.139999999999999858e+01 -6.284000000000000341e+01 -1.308680000000000064e+03
-6.128000000000000114e+01 -6.285000000000000142e+01 -1.307230000000000018e+03
-6.117999999999999972e+01 -6.285000000000000142e+01 -1.306220000000000027e+03
-6.112000000000000455e+01 -6.285000000000000142e+01 -1.304720000000000027e+03
-6.100999999999999801e+01 -6.285000000000000142e+01 -1.303240000000000009e+03
-6.092000000000000171e+01 -6.285000000000000142e+01 -1.302230000000000018e+03
-6.082999999999999829e+01 -6.285000000000000142e+01 -1.300740000000000009e+03
-6.071000000000000085e+01 -6.285000000000000142e+01 -1.299240000000000009e+03
-6.062000000000000455e+01 -6.285999999999999943e+01 -1.298259999999999991e+03
-6.053999999999999915e+01 -6.285999999999999943e+01 -1.296720000000000027e+03
-6.042999999999999972e+01 -6.285999999999999943e+01 -1.295220000000000027e+03
-6.038000000000000256e+01 -6.285000000000000142e+01 -1.294259999999999991e+03
-6.035000000000000142e+01 -6.285000000000000142e+01 -1.292750000000000000e+03
-6.020000000000000284e+01 -6.285000000000000142e+01 -1.291240000000000009e+03
-6.010999999999999943e+01 -6.285999999999999943e+01 -1.290220000000000027e+03
-6.007999999999999829e+01 -6.285000000000000142e+01 -1.288740000000000009e+03
-5.996999999999999886e+01 -6.284000000000000341e+01 -1.287279999999999973e+03
-5.988000000000000256e+01 -6.285000000000000142e+01 -1.286289999999999964e+03
-5.984000000000000341e+01 -6.284000000000000341e+01 -1.284750000000000000e+03
-5.971000000000000085e+01 -6.285000000000000142e+01 -1.283269999999999982e+03
-5.964999999999999858e+01 -6.285000000000000142e+01 -1.282289999999999964e+03
-5.953000000000000114e+01 -6.285999999999999943e+01 -1.280789999999999964e+03
-5.942999999999999972e+01 -6.285000000000000142e+01 -1.279289999999999964e+03
-5.935999999999999943e+01 -6.285999999999999943e+01 -1.278299999999999955e+03
-5.927000000000000313e+01 -6.285000000000000142e+01 -1.276809999999999945e+03
-5.909000000000000341e+01 -6.285999999999999943e+01 -1.275319999999999936e+03
-5.903999999999999915e+01 -6.285999999999999943e+01 -1.274289999999999964e+03
-5.895000000000000284e+01 -6.285000000000000142e+01 -1.272799999999999955e+03
-5.885999999999999943e+01 -6.285999999999999943e+01 -1.271799999999999955e+03
-5.875999999999999801e+01 -6.285999999999999943e+01 -1.270289999999999964e+03
-5.860999999999999943e+01 -6.285999999999999943e+01 -1.268759999999999991e+03
-5.853999999999999915e+01 -6.287000000000000455e+01 -1.267779999999999973e+03
-5.850999999999999801e+01 -6.285000000000000142e+01 -1.266329999999999927e+03
-5.837000000000000455e+01 -6.285000000000000142e+01 -1.264970000000000027e+03
-5.832000000000000028e+01 -6.285999999999999943e+01 -1.265279999999999973e+03
-5.846999999999999886e+01 -6.285999999999999943e+01 -1.266779999999999973e+03
-5.853999999999999915e+01 -6.287000000000000455e+01 -1.268299999999999955e+03
-5.868999999999999773e+01 -6.287000000000000455e+01 -1.269259999999999991e+03
-5.878999999999999915e+01 -6.287000000000000455e+01 -1.270769999999999982e+03
-5.888000000000000256e+01 -6.287000000000000455e+01 -1.272299999999999955e+03
-5.896999999999999886e+01 -6.287000000000000455e+01 -1.273289999999999964e+03
-5.902000000000000313e+01 -6.287000000000000455e+01 -1.274750000000000000e+03
-5.921999999999999886e+01 -6.287000000000000455e+01 -1.276289999999999964e+03
-5.928000000000000114e+01 -6.287000000000000455e+01 -1.277319999999999936e+03
-5.937000000000000455e+01 -6.287000000000000455e+01 -1.278829999999999927e+03
-5.949000000000000199e+01 -6.287000000000000455e+01 -1.280289999999999964e+03
-5.957000000000000028e+01 -6.285999999999999943e+01 -1.281289999999999964e+03
-5.967000000000000171e+01 -6.285999999999999943e+01 -1.282809999999999945e+03
-5.978000000000000114e+01 -6.285000000000000142e+01 -1.284259999999999991e+03
-5.982000000000000028e+01 -6.285000000000000142e+01 -1.285269999999999982e+03
-5.989999999999999858e+01 -6.285000000000000142e+01 -1.286789999999999964e+03
-6.002000000000000313e+01 -6.285000000000000142e+01 -1.288289999999999964e+03
-6.006000000000000227e+01 -6.285000000000000142e+01 -1.289259999999999991e+03
-6.013000000000000256e+01 -6.285000000000000142e+01 -1.290750000000000000e+03
-6.025999999999999801e+01 -6.285999999999999943e+01 -1.291759999999999991e+03
-6.032000000000000028e+01 -6.285000000000000142e+01 -1.293289999999999964e+03
-6.041000000000000369e+01 -6.285999999999999943e+01 -1.294779999999999973e+03
-6.048000000000000398e+01 -6.285999999999999943e+01 -1.295740000000000009e+03
-6.056000000000000227e+01 -6.285999999999999943e+01 -1.297259999999999991e+03
-6.067000000000000171e+01 -6.285999999999999943e+01 -1.298740000000000009e+03
-6.075999999999999801e+01 -6.285999999999999943e+01 -1.299720000000000027e+03
-6.081000000000000227e+01 -6.285000000000000142e+01 -1.301210000000000036e+03
-6.098000000000000398e+01 -6.285999999999999943e+01 -1.302769999999999982e+03
-6.105000000000000426e+01 -6.285999999999999943e+01 -1.303740000000000009e+03
-6.107000000000000028e+01 -6.285999999999999943e+01 -1.305240000000000009e+03
-6.124000000000000199e+01 -6.285000000000000142e+01 -1.306730000000000018e+03
-6.134000000000000341e+01 -6.285000000000000142e+01 -1.307720000000000027e+03
-6.138000000000000256e+01 -6.284000000000000341e+01 -1.309200000000000045e+03
-6.150999999999999801e+01 -6.284000000000000341e+01 -1.310710000000000036e+03
-6.160999999999999943e+01 -6.284000000000000341e+01 -1.311690000000000055e+03
-6.166000000000000369e+01 -6.284000000000000341e+01 -1.313200000000000045e+03
-6.171999999999999886e+01 -6.284000000000000341e+01 -1.314110000000000127e+03
-6.171000000000000085e+01 -6.282999999999999829e+01 -1.313230000000000018e+03
-6.162000000000000455e+01 -6.282999999999999829e+01 -1.311710000000000036e+03
-6.143999999999999773e+01 -6.284000000000000341e+01 -1.310170000000000073e+03
-6.139999999999999858e+01 -6.284000000000000341e+01 -1.309190000000000055e+03
-6.134000000000000341e+01 -6.284000000000000341e+01 -1.307710000000000036e+03
-6.117999999999999972e+01 -6.285000000000000142e+01 -1.306220000000000027e+03
-6.112000000000000455e+01 -6.285000000000000142e+01 -1.305230000000000018e+03
-6.107000000000000028e+01 -6.285000000000000142e+01 -1.303750000000000000e+03
-6.093999999999999773e+01 -6.285000000000000142e+01 -1.302240000000000009e+03
-6.084000000000000341e+01 -6.285999999999999943e+01 -1.301250000000000000e+03
-6.078999999999999915e+01 -6.285000000000000142e+01 -1.299769999999999982e+03
-6.062000000000000455e+01 -6.285999999999999943e+01 -1.298250000000000000e+03
-6.057000000000000028e+01 -6.285999999999999943e+01 -1.297259999999999991e+03
-6.049000000000000199e+01 -6.285999999999999943e+01 -1.295730000000000018e+03
-6.038000000000000256e+01 -6.285999999999999943e+01 -1.294240000000000009e+03
-6.034000000000000341e+01 -6.285999999999999943e+01 -1.293220000000000027e+03
-6.028000000000000114e+01 -6.285000000000000142e+01 -1.291730000000000018e+03
-6.012000000000000455e+01 -6.285999999999999943e+01 -1.290279999999999973e+03
-6.007999999999999829e+01 -6.285000000000000142e+01 -1.289259999999999991e+03
-6.003000000000000114e+01 -6.284000000000000341e+01 -1.287769999999999982e+03
-5.988000000000000256e+01 -6.284000000000000341e+01 -1.286240000000000009e+03
-5.982999999999999829e+01 -6.285000000000000142e+01 -1.284740000000000009e+03
-5.975000000000000000e+01 -6.285000000000000142e+01 -1.283809999999999945e+03
-5.966000000000000369e+01 -6.285000000000000142e+01 -1.282309999999999945e+03
-5.952000000000000313e+01 -6.285000000000000142e+01 -1.280799999999999955e+03
-5.943999999999999773e+01 -6.285000000000000142e+01 -1.279779999999999973e+03
-5.935999999999999943e+01 -6.285999999999999943e+01 -1.278309999999999945e+03
-5.927000000000000313e+01 -6.285000000000000142e+01 -1.276809999999999945e+03
-5.913000000000000256e+01 -6.285999999999999943e+01 -1.275819999999999936e+03
-5.903000000000000114e+01 -6.285999999999999943e+01 -1.274289999999999964e+03
-5.896000000000000085e+01 -6.285999999999999943e+01 -1.272809999999999945e+03
-5.888000000000000256e+01 -6.285999999999999943e+01 -1.271819999999999936e+03
-5.875999999999999801e+01 -6.285999999999999943e+01 -1.270279999999999973e+03
-5.860999999999999943e+01 -6.285999999999999943e+01 -1.268740000000000009e+03
-5.853999999999999915e+01 -6.285999999999999943e+01 -1.267779999999999973e+03
-5.850999999999999801e+01 -6.285000000000000142e+01 -1.266319999999999936e+03
-5.837000000000000455e+01 -6.285000000000000142e+01 -1.264990000000000009e+03
-5.832000000000000028e+01 -6.285999999999999943e+01 -1.265269999999999982e+03
-5.848000000000000398e+01 -6.285999999999999943e+01 -1.266769999999999982e+03
-5.853000000000000114e+01 -6.287000000000000455e+01 -1.268259999999999991e+03
-5.868999999999999773e+01 -6.285999999999999943e+01 -1.269259999999999991e+03
-5.878999999999999915e+01 -6.285999999999999943e+01 -1.270809999999999945e+03
-5.889000000000000057e+01 -6.287000000000000455e+01 -1.272279999999999973e+03
-5.896999999999999886e+01 -6.285999999999999943e+01 -1.273279999999999973e+03
-5.905000000000000426e+01 -6.287000000000000455e+01 -1.274779999999999973e+03
-5.920000000000000284e+01 -6.287000000000000455e+01 -1.276319999999999936e+03
-5.928000000000000114e+01 -6.285999999999999943e+01 -1.277299999999999955e+03
-5.935999999999999943e+01 -6.287000000000000455e+01 -1.278779999999999973e+03
-5.949000000000000199e+01 -6.287000000000000455e+01 -1.280319999999999936e+03
-5.957999999999999829e+01 -6.285999999999999943e+01 -1.281299999999999955e+03
-5.964999999999999858e+01 -6.285999999999999943e+01 -1.282779999999999973e+03
-5.978999999999999915e+01 -6.285000000000000142e+01 -1.284279999999999973e+03
-5.982000000000000028e+01 -6.285999999999999943e+01 -1.285259999999999991e+03
-5.991000000000000369e+01 -6.285000000000000142e+01 -1.286789999999999964e+03
-6.003000000000000114e+01 -6.285000000000000142e+01 -1.288279999999999973e+03
-6.005000000000000426e+01 -6.285000000000000142e+01 -1.289250000000000000e+03
-6.014999999999999858e+01 -6.285999999999999943e+01 -1.290750000000000000e+03
-6.030000000000000426e+01 -6.285000000000000142e+01 -1.292269999999999982e+03
-6.031000000000000227e+01 -6.285000000000000142e+01 -1.293230000000000018e+03
-6.041000000000000369e+01 -6.285999999999999943e+01 -1.294759999999999991e+03
-6.046999999999999886e+01 -6.285999999999999943e+01 -1.295710000000000036e+03
-6.056000000000000227e+01 -6.287000000000000455e+01 -1.297279999999999973e+03
-6.067000000000000171e+01 -6.285999999999999943e+01 -1.298720000000000027e+03
-6.075999999999999801e+01 -6.285000000000000142e+01 -1.299720000000000027e+03
-6.081000000000000227e+01 -6.285999999999999943e+01 -1.301250000000000000e+03
-6.098000000000000398e+01 -6.285000000000000142e+01 -1.302730000000000018e+03
-6.105000000000000426e+01 -6.285000000000000142e+01 -1.303730000000000018e+03
-6.107000000000000028e+01 -6.285000000000000142e+01 -1.305220000000000027e+03
-6.124000000000000199e+01 -6.285000000000000142e+01 -1.306720000000000027e+03
-6.134000000000000341e+01 -6.285000000000000142e+01 -1.307720000000000027e+03
-6.137000000000000455e+01 -6.284000000000000341e+01 -1.309180000000000064e+03
-6.150999999999999801e+01 -6.284000000000000341e+01 -1.310700000000000045e+03
-6.160999999999999943e+01 -6.284000000000000341e+01 -1.311700000000000045e+03
-6.167000000000000171e+01 -6.284000000000000341e+01 -1.313230000000000018e+03
-6.170000000000000284e+01 -6.284000000000000341e+01 -1.314160000000000082e+03
