1.108698224856643582e-311 1.108698224868501157e-311 9.881312916824930884e-324
nan nan nan
-5.314000000000000057e+01 -6.945000000000000284e+01 -1.126730000000000018e+03
-5.309000000000000341e+01 -6.943000000000000682e+01 -1.125700000000000045e+03
-5.306000000000000227e+01 -6.942000000000000171e+01 -1.124190000000000055e+03
-5.296000000000000085e+01 -6.940999999999999659e+01 -1.123180000000000064e+03
-5.282999999999999829e+01 -6.940000000000000568e+01 -1.121710000000000036e+03
-5.280000000000000426e+01 -6.937999999999999545e+01 -1.120690000000000055e+03
-5.271000000000000085e+01 -6.937000000000000455e+01 -1.119180000000000064e+03
-5.260999999999999943e+01 -6.935999999999999943e+01 -1.118180000000000064e+03
-5.253000000000000114e+01 -6.935999999999999943e+01 -1.116710000000000036e+03
-5.243999999999999773e+01 -6.934000000000000341e+01 -1.115190000000000055e+03
-5.232999999999999829e+01 -6.932999999999999829e+01 -1.114200000000000045e+03
-5.225000000000000000e+01 -6.932000000000000739e+01 -1.112730000000000018e+03
-5.217999999999999972e+01 -6.929999999999999716e+01 -1.111190000000000055e+03
-5.209000000000000341e+01 -6.929000000000000625e+01 -1.110200000000000045e+03
-5.199000000000000199e+01 -6.928000000000000114e+01 -1.108710000000000036e+03
-5.189999999999999858e+01 -6.926000000000000512e+01 -1.107190000000000055e+03
-5.178999999999999915e+01 -6.925000000000000000e+01 -1.106190000000000055e+03
-5.168999999999999773e+01 -6.923000000000000398e+01 -1.104690000000000055e+03
-5.163000000000000256e+01 -6.923000000000000398e+01 -1.103720000000000027e+03
-5.157000000000000028e+01 -6.921000000000000796e+01 -1.102230000000000018e+03
-5.152000000000000313e+01 -6.920000000000000284e+01 -1.101230000000000018e+03
-5.142000000000000171e+01 -6.918000000000000682e+01 -1.099730000000000018e+03
-5.132000000000000028e+01 -6.917000000000000171e+01 -1.098710000000000036e+03
-5.125000000000000000e+01 -6.915999999999999659e+01 -1.097240000000000009e+03
-5.118999999999999773e+01 -6.912999999999999545e+01 -1.095740000000000009e+03
-5.110999999999999943e+01 -6.912000000000000455e+01 -1.094740000000000009e+03
-5.102000000000000313e+01 -6.910000000000000853e+01 -1.093240000000000009e+03
-5.100999999999999801e+01 -6.909000000000000341e+01 -1.092269999999999982e+03
-5.085000000000000142e+01 -6.907000000000000739e+01 -1.090759999999999991e+03
-5.078000000000000114e+01 -6.906000000000000227e+01 -1.089269999999999982e+03
-5.068999999999999773e+01 -6.904999999999999716e+01 -1.088269999999999982e+03
-5.059000000000000341e+01 -6.903000000000000114e+01 -1.086759999999999991e+03
-5.053999999999999915e+01 -6.901999999999999602e+01 -1.085259999999999991e+03
-5.042999999999999972e+01 -6.901000000000000512e+01 -1.084289999999999964e+03
-5.032999999999999829e+01 -6.898999999999999488e+01 -1.082789999999999964e+03
-5.025000000000000000e+01 -6.898000000000000398e+01 -1.081289999999999964e+03
-5.013000000000000256e+01 -6.896999999999999886e+01 -1.080269999999999982e+03
-5.000999999999999801e+01 -6.896000000000000796e+01 -1.078750000000000000e+03
-4.996999999999999886e+01 -6.895000000000000284e+01 -1.078450000000000045e+03
-5.006000000000000227e+01 -6.896999999999999886e+01 -1.079849999999999909e+03
-5.017000000000000171e+01 -6.898000000000000398e+01 -1.080880000000000109e+03
-5.028000000000000114e+01 -6.900000000000000000e+01 -1.082360000000000127e+03
-5.038000000000000256e+01 -6.901999999999999602e+01 -1.083900000000000091e+03
-5.048000000000000398e+01 -6.901999999999999602e+01 -1.084870000000000118e+03
-5.056000000000000227e+01 -6.904000000000000625e+01 -1.086380000000000109e+03
-5.063000000000000256e+01 -6.906000000000000227e+01 -1.087900000000000091e+03
-5.070000000000000284e+01 -6.907000000000000739e+01 -1.088870000000000118e+03
-5.082999999999999829e+01 -6.907999999999999829e+01 -1.090390000000000100e+03
-5.092000000000000171e+01 -6.909000000000000341e+01 -1.091860000000000127e+03
-5.100000000000000000e+01 -6.910999999999999943e+01 -1.092860000000000127e+03
-5.103999999999999915e+01 -6.912999999999999545e+01 -1.094360000000000127e+03
-5.112000000000000455e+01 -6.914000000000000057e+01 -1.095370000000000118e+03
-5.120000000000000284e+01 -6.915000000000000568e+01 -1.096850000000000136e+03
-5.123000000000000398e+01 -6.917000000000000171e+01 -1.097829999999999927e+03
-5.134000000000000341e+01 -6.918000000000000682e+01 -1.099329999999999927e+03
-5.149000000000000199e+01 -6.920000000000000284e+01 -1.100839999999999918e+03
-5.149000000000000199e+01 -6.921000000000000796e+01 -1.101829999999999927e+03
-5.160999999999999943e+01 -6.923000000000000398e+01 -1.103319999999999936e+03
-5.166000000000000369e+01 -6.925000000000000000e+01 -1.104809999999999945e+03
-5.174000000000000199e+01 -6.926000000000000512e+01 -1.105819999999999936e+03
-5.189000000000000057e+01 -6.926999999999999602e+01 -1.107289999999999964e+03
-5.192999999999999972e+01 -6.929000000000000625e+01 -1.108819999999999936e+03
-5.200999999999999801e+01 -6.929999999999999716e+01 -1.109819999999999936e+03
-5.217000000000000171e+01 -6.931000000000000227e+01 -1.111309999999999945e+03
-5.221999999999999886e+01 -6.932000000000000739e+01 -1.112329999999999927e+03
-5.225999999999999801e+01 -6.934000000000000341e+01 -1.113819999999999936e+03
-5.238000000000000256e+01 -6.934000000000000341e+01 -1.114809999999999945e+03
-5.250000000000000000e+01 -6.935999999999999943e+01 -1.116329999999999927e+03
-5.250999999999999801e+01 -6.937000000000000455e+01 -1.117309999999999945e+03
-5.259000000000000341e+01 -6.937999999999999545e+01 -1.118789999999999964e+03
-5.273000000000000398e+01 -6.939000000000000057e+01 -1.119819999999999936e+03
-5.278000000000000114e+01 -6.940999999999999659e+01 -1.121339999999999918e+03
-5.288000000000000256e+01 -6.942000000000000171e+01 -1.122829999999999927e+03
-5.298000000000000398e+01 -6.942000000000000171e+01 -1.123819999999999936e+03
-5.305000000000000426e+01 -6.943999999999999773e+01 -1.125339999999999918e+03
-5.309000000000000341e+01 -6.945000000000000284e+01 -1.126319999999999936e+03
-5.321999999999999886e+01 -6.946999999999999886e+01 -1.127650000000000091e+03
-5.314000000000000057e+01 -6.945000000000000284e+01 -1.126740000000000009e+03
-5.307000000000000028e+01 -6.943999999999999773e+01 -1.125690000000000055e+03
-5.305000000000000426e+01 -6.943000000000000682e+01 -1.124230000000000018e+03
-5.289000000000000057e+01 -6.940999999999999659e+01 -1.122750000000000000e+03
-5.282000000000000028e+01 -6.940000000000000568e+01 -1.121720000000000027e+03
-5.280000000000000426e+01 -6.939000000000000057e+01 -1.120210000000000036e+03
-5.263000000000000256e+01 -6.937999999999999545e+01 -1.118700000000000045e+03
-5.253000000000000114e+01 -6.937000000000000455e+01 -1.117710000000000036e+03
-5.252000000000000313e+01 -6.935000000000000853e+01 -1.116220000000000027e+03
-5.245000000000000284e+01 -6.934000000000000341e+01 -1.115200000000000045e+03
-5.227000000000000313e+01 -6.932999999999999829e+01 -1.113700000000000045e+03
-5.224000000000000199e+01 -6.932000000000000739e+01 -1.112220000000000027e+03
-5.217999999999999972e+01 -6.929999999999999716e+01 -1.111210000000000036e+03
-5.202000000000000313e+01 -6.929000000000000625e+01 -1.109720000000000027e+03
-5.196999999999999886e+01 -6.926999999999999602e+01 -1.108210000000000036e+03
-5.189000000000000057e+01 -6.926999999999999602e+01 -1.107200000000000045e+03
-5.173000000000000398e+01 -6.925000000000000000e+01 -1.105730000000000018e+03
-5.168999999999999773e+01 -6.923999999999999488e+01 -1.104740000000000009e+03
-5.160999999999999943e+01 -6.921999999999999886e+01 -1.103210000000000036e+03
-5.157000000000000028e+01 -6.921000000000000796e+01 -1.102230000000000018e+03
-5.150000000000000000e+01 -6.918999999999999773e+01 -1.100730000000000018e+03
-5.142999999999999972e+01 -6.918000000000000682e+01 -1.099740000000000009e+03
-5.127000000000000313e+01 -6.917000000000000171e+01 -1.098240000000000009e+03
-5.125000000000000000e+01 -6.915999999999999659e+01 -1.097240000000000009e+03
-5.118999999999999773e+01 -6.912999999999999545e+01 -1.095759999999999991e+03
-5.103999999999999915e+01 -6.912000000000000455e+01 -1.094230000000000018e+03
-5.102000000000000313e+01 -6.910999999999999943e+01 -1.093240000000000009e+03
-5.093999999999999773e+01 -6.909000000000000341e+01 -1.091750000000000000e+03
-5.085000000000000142e+01 -6.907999999999999829e+01 -1.090759999999999991e+03
-5.077000000000000313e+01 -6.907000000000000739e+01 -1.089259999999999991e+03
-5.067000000000000171e+01 -6.904999999999999716e+01 -1.088269999999999982e+03
-5.059000000000000341e+01 -6.904000000000000625e+01 -1.086779999999999973e+03
-5.053999999999999915e+01 -6.903000000000000114e+01 -1.085779999999999973e+03
-5.042999999999999972e+01 -6.901000000000000512e+01 -1.084279999999999973e+03
-5.032999999999999829e+01 -6.900000000000000000e+01 -1.082799999999999955e+03
-5.030000000000000426e+01 -6.898999999999999488e+01 -1.081799999999999955e+03
-5.012000000000000455e+01 -6.896999999999999886e+01 -1.080259999999999991e+03
-5.000999999999999801e+01 -6.896000000000000796e+01 -1.078789999999999964e+03
-4.996999999999999886e+01 -6.896000000000000796e+01 -1.078420000000000073e+03
-5.005000000000000426e+01 -6.898000000000000398e+01 -1.079849999999999909e+03
-5.023000000000000398e+01 -6.898000000000000398e+01 -1.081370000000000118e+03
-5.027000000000000313e+01 -6.900000000000000000e+01 -1.082380000000000109e+03
-5.039000000000000057e+01 -6.901000000000000512e+01 -1.083880000000000109e+03
-5.048000000000000398e+01 -6.903000000000000114e+01 -1.084880000000000109e+03
-5.056000000000000227e+01 -6.904000000000000625e+01 -1.086390000000000100e+03
-5.062000000000000455e+01 -6.906000000000000227e+01 -1.087870000000000118e+03
-5.070000000000000284e+01 -6.907000000000000739e+01 -1.088860000000000127e+03
-5.082000000000000028e+01 -6.907999999999999829e+01 -1.090360000000000127e+03
-5.089999999999999858e+01 -6.909000000000000341e+01 -1.091390000000000100e+03
-5.099000000000000199e+01 -6.910999999999999943e+01 -1.092860000000000127e+03
-5.100999999999999801e+01 -6.912000000000000455e+01 -1.093839999999999918e+03
-5.113000000000000256e+01 -6.914000000000000057e+01 -1.095370000000000118e+03
-5.121000000000000085e+01 -6.915000000000000568e+01 -1.096850000000000136e+03
-5.121999999999999886e+01 -6.917000000000000171e+01 -1.097839999999999918e+03
-5.135000000000000142e+01 -6.918000000000000682e+01 -1.099360000000000127e+03
-5.145000000000000284e+01 -6.918999999999999773e+01 -1.100329999999999927e+03
-5.150000000000000000e+01 -6.921000000000000796e+01 -1.101819999999999936e+03
-5.160000000000000142e+01 -6.923000000000000398e+01 -1.103319999999999936e+03
-5.166000000000000369e+01 -6.923999999999999488e+01 -1.104319999999999936e+03
-5.175000000000000000e+01 -6.925000000000000000e+01 -1.105819999999999936e+03
-5.188000000000000256e+01 -6.926999999999999602e+01 -1.107309999999999945e+03
-5.191000000000000369e+01 -6.928000000000000114e+01 -1.108279999999999973e+03
-5.202000000000000313e+01 -6.929999999999999716e+01 -1.109829999999999927e+03
-5.217999999999999972e+01 -6.931000000000000227e+01 -1.111329999999999927e+03
-5.221999999999999886e+01 -6.932000000000000739e+01 -1.112339999999999918e+03
-5.227000000000000313e+01 -6.934000000000000341e+01 -1.113839999999999918e+03
-5.237000000000000455e+01 -6.934000000000000341e+01 -1.114789999999999964e+03
-5.250000000000000000e+01 -6.935999999999999943e+01 -1.116339999999999918e+03
-5.250999999999999801e+01 -6.937000000000000455e+01 -1.117799999999999955e+03
-5.260000000000000142e+01 -6.937999999999999545e+01 -1.118809999999999945e+03
-5.277000000000000313e+01 -6.939000000000000057e+01 -1.120309999999999945e+03
-5.278999999999999915e+01 -6.940999999999999659e+01 -1.121829999999999927e+03
-5.288000000000000256e+01 -6.942000000000000171e+01 -1.122819999999999936e+03
-5.302000000000000313e+01 -6.943000000000000682e+01 -1.124329999999999927e+03
-5.307999999999999829e+01 -6.943999999999999773e+01 -1.125789999999999964e+03
-5.313000000000000256e+01 -6.945000000000000284e+01 -1.126819999999999936e+03
-5.321000000000000085e+01 -6.946000000000000796e+01 -1.127640000000000100e+03
-5.314000000000000057e+01 -6.945000000000000284e+01 -1.126720000000000027e+03
-5.307000000000000028e+01 -6.943999999999999773e+01 -1.125200000000000045e+03
-5.306000000000000227e+01 -6.942000000000000171e+01 -1.124230000000000018e+03
-5.289000000000000057e+01 -6.940999999999999659e+01 -1.122730000000000018e+03
-5.282000000000000028e+01 -6.940000000000000568e+01 -1.121740000000000009e+03
-5.280000000000000426e+01 -6.939000000000000057e+01 -1.120210000000000036e+03
-5.270000000000000284e+01 -6.937999999999999545e+01 -1.119220000000000027e+03
-5.253000000000000114e+01 -6.937000000000000455e+01 -1.117730000000000018e+03
-5.252000000000000313e+01 -6.935999999999999943e+01 -1.116710000000000036e+03
-5.243999999999999773e+01 -6.934000000000000341e+01 -1.115200000000000045e+03
-5.232999999999999829e+01 -6.932999999999999829e+01 -1.114190000000000055e+03
-5.225000000000000000e+01 -6.932000000000000739e+01 -1.112720000000000027e+03
-5.217999999999999972e+01 -6.929999999999999716e+01 -1.111220000000000027e+03
-5.209000000000000341e+01 -6.929000000000000625e+01 -1.110220000000000027e+03
-5.198000000000000398e+01 -6.928000000000000114e+01 -1.108720000000000027e+03
-5.189000000000000057e+01 -6.926000000000000512e+01 -1.107210000000000036e+03
-5.178999999999999915e+01 -6.925000000000000000e+01 -1.106220000000000027e+03
-5.168999999999999773e+01 -6.923999999999999488e+01 -1.104700000000000045e+03
-5.163000000000000256e+01 -6.923000000000000398e+01 -1.103710000000000036e+03
-5.157000000000000028e+01 -6.921000000000000796e+01 -1.102230000000000018e+03
-5.150000000000000000e+01 -6.918999999999999773e+01 -1.100740000000000009e+03
-5.142000000000000171e+01 -6.918000000000000682e+01 -1.099740000000000009e+03
-5.125999999999999801e+01 -6.917000000000000171e+01 -1.098220000000000027e+03
-5.125999999999999801e+01 -6.915999999999999659e+01 -1.097250000000000000e+03
-5.117999999999999972e+01 -6.914000000000000057e+01 -1.095759999999999991e+03
-5.110000000000000142e+01 -6.912999999999999545e+01 -1.094769999999999982e+03
-5.102000000000000313e+01 -6.910999999999999943e+01 -1.093250000000000000e+03
-5.093999999999999773e+01 -6.909000000000000341e+01 -1.091740000000000009e+03
-5.085000000000000142e+01 -6.907999999999999829e+01 -1.090779999999999973e+03
-5.077000000000000313e+01 -6.907000000000000739e+01 -1.089269999999999982e+03
-5.064999999999999858e+01 -6.904999999999999716e+01 -1.087759999999999991e+03
-5.057999999999999829e+01 -6.904000000000000625e+01 -1.086769999999999982e+03
-5.053000000000000114e+01 -6.901999999999999602e+01 -1.085259999999999991e+03
-5.042000000000000171e+01 -6.901000000000000512e+01 -1.084279999999999973e+03
-5.032999999999999829e+01 -6.900000000000000000e+01 -1.082779999999999973e+03
-5.024000000000000199e+01 -6.898000000000000398e+01 -1.081269999999999982e+03
-5.014000000000000057e+01 -6.896999999999999886e+01 -1.080279999999999973e+03
-5.000000000000000000e+01 -6.896000000000000796e+01 -1.078789999999999964e+03
-4.992000000000000171e+01 -6.896999999999999886e+01 -1.078809999999999945e+03
-5.006000000000000227e+01 -6.896999999999999886e+01 -1.079849999999999909e+03
-5.021999999999999886e+01 -6.898999999999999488e+01 -1.081370000000000118e+03
-5.027000000000000313e+01 -6.901000000000000512e+01 -1.082380000000000109e+03
-5.038000000000000256e+01 -6.901999999999999602e+01 -1.083880000000000109e+03
-5.048000000000000398e+01 -6.901999999999999602e+01 -1.084860000000000127e+03
-5.055000000000000426e+01 -6.904000000000000625e+01 -1.086360000000000127e+03
-5.059000000000000341e+01 -6.906000000000000227e+01 -1.087380000000000109e+03
-5.071000000000000085e+01 -6.907000000000000739e+01 -1.088880000000000109e+03
-5.075999999999999801e+01 -6.907999999999999829e+01 -1.089860000000000127e+03
-5.089999999999999858e+01 -6.909000000000000341e+01 -1.091380000000000109e+03
-5.100000000000000000e+01 -6.910999999999999943e+01 -1.092870000000000118e+03
-5.100000000000000000e+01 -6.912000000000000455e+01 -1.093850000000000136e+03
-5.114000000000000057e+01 -6.914000000000000057e+01 -1.095370000000000118e+03
-5.121000000000000085e+01 -6.915000000000000568e+01 -1.096829999999999927e+03
-5.124000000000000199e+01 -6.917000000000000171e+01 -1.097819999999999936e+03
-5.134000000000000341e+01 -6.918999999999999773e+01 -1.099339999999999918e+03
-5.149000000000000199e+01 -6.920000000000000284e+01 -1.100860000000000127e+03
-5.152000000000000313e+01 -6.921000000000000796e+01 -1.101850000000000136e+03
-5.160000000000000142e+01 -6.923000000000000398e+01 -1.103309999999999945e+03
-5.164999999999999858e+01 -6.925000000000000000e+01 -1.104819999999999936e+03
-5.175000000000000000e+01 -6.925000000000000000e+01 -1.105799999999999955e+03
-5.187000000000000455e+01 -6.926999999999999602e+01 -1.107309999999999945e+03
-5.192000000000000171e+01 -6.928000000000000114e+01 -1.108299999999999955e+03
-5.202000000000000313e+01 -6.929999999999999716e+01 -1.109799999999999955e+03
-5.217000000000000171e+01 -6.931000000000000227e+01 -1.111309999999999945e+03
-5.221999999999999886e+01 -6.932000000000000739e+01 -1.112319999999999936e+03
-5.227000000000000313e+01 -6.934000000000000341e+01 -1.113829999999999927e+03
-5.239000000000000057e+01 -6.934000000000000341e+01 -1.114829999999999927e+03
-5.249000000000000199e+01 -6.935999999999999943e+01 -1.116329999999999927e+03
-5.250999999999999801e+01 -6.937000000000000455e+01 -1.117309999999999945e+03
-5.260999999999999943e+01 -6.937999999999999545e+01 -1.118819999999999936e+03
-5.271999999999999886e+01 -6.939000000000000057e+01 -1.119799999999999955e+03
-5.278999999999999915e+01 -6.940999999999999659e+01 -1.121339999999999918e+03
-5.284000000000000341e+01 -6.942000000000000171e+01 -1.122299999999999955e+03
-5.298000000000000398e+01 -6.942000000000000171e+01 -1.123809999999999945e+03
-5.303999999999999915e+01 -6.943999999999999773e+01 -1.125289999999999964e+03
-5.309000000000000341e+01 -6.945000000000000284e+01 -1.126289999999999964e+03
-5.323000000000000398e+01 -6.946000000000000796e+01 -1.127660000000000082e+03
-5.318999999999999773e+01 -6.946000000000000796e+01 -1.127269999999999982e+03
-5.307000000000000028e+01 -6.943999999999999773e+01 -1.125730000000000018e+03
-5.306000000000000227e+01 -6.942000000000000171e+01 -1.124230000000000018e+03
-5.296000000000000085e+01 -6.942000000000000171e+01 -1.123230000000000018e+03
-5.281000000000000227e+01 -6.940000000000000568e+01 -1.121720000000000027e+03
-5.278999999999999915e+01 -6.939000000000000057e+01 -1.120700000000000045e+03
-5.271000000000000085e+01 -6.937000000000000455e+01 -1.119220000000000027e+03
-5.253999999999999915e+01 -6.937000000000000455e+01 -1.117710000000000036e+03
-5.252000000000000313e+01 -6.935999999999999943e+01 -1.116720000000000027e+03
-5.243999999999999773e+01 -6.934000000000000341e+01 -1.115230000000000018e+03
-5.232999999999999829e+01 -6.932999999999999829e+01 -1.114220000000000027e+03
-5.224000000000000199e+01 -6.932000000000000739e+01 -1.112710000000000036e+03
-5.218999999999999773e+01 -6.931000000000000227e+01 -1.111730000000000018e+03
-5.209000000000000341e+01 -6.929000000000000625e+01 -1.110230000000000018e+03
-5.202000000000000313e+01 -6.928000000000000114e+01 -1.109240000000000009e+03
-5.191000000000000369e+01 -6.926999999999999602e+01 -1.107700000000000045e+03
-5.182000000000000028e+01 -6.926000000000000512e+01 -1.106710000000000036e+03
-5.175999999999999801e+01 -6.925000000000000000e+01 -1.105240000000000009e+03
-5.170000000000000284e+01 -6.923000000000000398e+01 -1.104210000000000036e+03
-5.157999999999999829e+01 -6.921999999999999886e+01 -1.102730000000000018e+03
-5.152000000000000313e+01 -6.920000000000000284e+01 -1.101240000000000009e+03
-5.148000000000000398e+01 -6.918999999999999773e+01 -1.100240000000000009e+03
-5.131000000000000227e+01 -6.918000000000000682e+01 -1.098740000000000009e+03
-5.128000000000000114e+01 -6.915999999999999659e+01 -1.097730000000000018e+03
-5.118999999999999773e+01 -6.914000000000000057e+01 -1.096269999999999982e+03
-5.109000000000000341e+01 -6.912999999999999545e+01 -1.094769999999999982e+03
-5.103999999999999915e+01 -6.912000000000000455e+01 -1.093769999999999982e+03
-5.100000000000000000e+01 -6.909000000000000341e+01 -1.092279999999999973e+03
-5.085000000000000142e+01 -6.907999999999999829e+01 -1.090789999999999964e+03
-5.078999999999999915e+01 -6.907000000000000739e+01 -1.089789999999999964e+03
-5.068999999999999773e+01 -6.904999999999999716e+01 -1.088269999999999982e+03
-5.062000000000000455e+01 -6.904000000000000625e+01 -1.087279999999999973e+03
-5.053999999999999915e+01 -6.903000000000000114e+01 -1.085789999999999964e+03
-5.049000000000000199e+01 -6.901999999999999602e+01 -1.084789999999999964e+03
-5.032999999999999829e+01 -6.901000000000000512e+01 -1.083289999999999964e+03
-5.028999999999999915e+01 -6.898000000000000398e+01 -1.081759999999999991e+03
-5.020000000000000284e+01 -6.896999999999999886e+01 -1.080779999999999973e+03
-5.007000000000000028e+01 -6.896999999999999886e+01 -1.079279999999999973e+03
-4.996999999999999886e+01 -6.896000000000000796e+01 -1.078440000000000055e+03
-4.996999999999999886e+01 -6.896999999999999886e+01 -1.079339999999999918e+03
-5.017000000000000171e+01 -6.898000000000000398e+01 -1.080860000000000127e+03
-5.027000000000000313e+01 -6.900000000000000000e+01 -1.082370000000000118e+03
-5.032000000000000028e+01 -6.901999999999999602e+01 -1.083370000000000118e+03
-5.046999999999999886e+01 -6.903000000000000114e+01 -1.084849999999999909e+03
-5.055000000000000426e+01 -6.904000000000000625e+01 -1.086360000000000127e+03
-5.057999999999999829e+01 -6.906000000000000227e+01 -1.087370000000000118e+03
-5.071000000000000085e+01 -6.907000000000000739e+01 -1.088870000000000118e+03
-5.073000000000000398e+01 -6.907999999999999829e+01 -1.089839999999999918e+03
-5.092000000000000171e+01 -6.909000000000000341e+01 -1.091339999999999918e+03
-5.096999999999999886e+01 -6.910000000000000853e+01 -1.092339999999999918e+03
-5.100999999999999801e+01 -6.912000000000000455e+01 -1.093829999999999927e+03
-5.112000000000000455e+01 -6.914000000000000057e+01 -1.095339999999999918e+03
-5.116000000000000369e+01 -6.915000000000000568e+01 -1.096319999999999936e+03
-5.124000000000000199e+01 -6.917000000000000171e+01 -1.097809999999999945e+03
-5.134000000000000341e+01 -6.918000000000000682e+01 -1.099309999999999945e+03
-5.146000000000000085e+01 -6.918999999999999773e+01 -1.100339999999999918e+03
-5.149000000000000199e+01 -6.921000000000000796e+01 -1.101799999999999955e+03
-5.160000000000000142e+01 -6.923000000000000398e+01 -1.103309999999999945e+03
-5.166000000000000369e+01 -6.923999999999999488e+01 -1.104319999999999936e+03
-5.173000000000000398e+01 -6.926000000000000512e+01 -1.105799999999999955e+03
-5.188000000000000256e+01 -6.926999999999999602e+01 -1.107299999999999955e+03
-5.192000000000000171e+01 -6.928000000000000114e+01 -1.108309999999999945e+03
-5.202000000000000313e+01 -6.929999999999999716e+01 -1.109809999999999945e+03
-5.209000000000000341e+01 -6.931000000000000227e+01 -1.110809999999999945e+03
-5.221999999999999886e+01 -6.932000000000000739e+01 -1.112319999999999936e+03
-5.224000000000000199e+01 -6.932999999999999829e+01 -1.113269999999999982e+03
-5.238000000000000256e+01 -6.935000000000000853e+01 -1.114799999999999955e+03
-5.242999999999999972e+01 -6.935999999999999943e+01 -1.115799999999999955e+03
-5.250000000000000000e+01 -6.937000000000000455e+01 -1.117289999999999964e+03
-5.260999999999999943e+01 -6.937999999999999545e+01 -1.118789999999999964e+03
-5.271999999999999886e+01 -6.939000000000000057e+01 -1.119779999999999973e+03
-5.277000000000000313e+01 -6.940999999999999659e+01 -1.121319999999999936e+03
-5.284000000000000341e+01 -6.940999999999999659e+01 -1.122309999999999945e+03
-5.299000000000000199e+01 -6.942000000000000171e+01 -1.123819999999999936e+03
-5.303999999999999915e+01 -6.943999999999999773e+01 -1.125319999999999936e+03
-5.309000000000000341e+01 -6.945000000000000284e+01 -1.126289999999999964e+03
-5.321999999999999886e+01 -6.946000000000000796e+01 -1.127660000000000082e+03
-5.318999999999999773e+01 -6.946000000000000796e+01 -1.127269999999999982e+03
-5.307000000000000028e+01 -6.943999999999999773e+01 -1.125740000000000009e+03
-5.305000000000000426e+01 -6.943000000000000682e+01 -1.124720000000000027e+03
-5.296000000000000085e+01 -6.942000000000000171e+01 -1.123240000000000009e+03
-5.282000000000000028e+01 -6.940000000000000568e+01 -1.121710000000000036e+03
-5.278000000000000114e+01 -6.939000000000000057e+01 -1.120720000000000027e+03
-5.271000000000000085e+01 -6.937000000000000455e+01 -1.119230000000000018e+03
-5.253000000000000114e+01 -6.937000000000000455e+01 -1.117740000000000009e+03
-5.253000000000000114e+01 -6.935999999999999943e+01 -1.116730000000000018e+03
-5.243999999999999773e+01 -6.934000000000000341e+01 -1.115210000000000036e+03
-5.227000000000000313e+01 -6.932999999999999829e+01 -1.113730000000000018e+03
-5.225000000000000000e+01 -6.931000000000000227e+01 -1.112720000000000027e+03
-5.218999999999999773e+01 -6.929999999999999716e+01 -1.111250000000000000e+03
-5.209000000000000341e+01 -6.929000000000000625e+01 -1.110220000000000027e+03
-5.198000000000000398e+01 -6.928000000000000114e+01 -1.108750000000000000e+03
-5.189000000000000057e+01 -6.926000000000000512e+01 -1.107220000000000027e+03
-5.178999999999999915e+01 -6.925000000000000000e+01 -1.106200000000000045e+03
-5.168999999999999773e+01 -6.923999999999999488e+01 -1.104720000000000027e+03
-5.160000000000000142e+01 -6.921999999999999886e+01 -1.103240000000000009e+03
-5.156000000000000227e+01 -6.921000000000000796e+01 -1.102230000000000018e+03
-5.149000000000000199e+01 -6.918999999999999773e+01 -1.100750000000000000e+03
-5.142000000000000171e+01 -6.918000000000000682e+01 -1.099750000000000000e+03
-5.125999999999999801e+01 -6.917000000000000171e+01 -1.098279999999999973e+03
-5.124000000000000199e+01 -6.915999999999999659e+01 -1.097279999999999973e+03
-5.117000000000000171e+01 -6.912999999999999545e+01 -1.095779999999999973e+03
-5.103999999999999915e+01 -6.912000000000000455e+01 -1.094269999999999982e+03
-5.100999999999999801e+01 -6.910999999999999943e+01 -1.093269999999999982e+03
-5.093999999999999773e+01 -6.907999999999999829e+01 -1.091779999999999973e+03
-5.085000000000000142e+01 -6.907000000000000739e+01 -1.090309999999999945e+03
-5.078000000000000114e+01 -6.906000000000000227e+01 -1.089279999999999973e+03
-5.067000000000000171e+01 -6.904999999999999716e+01 -1.087789999999999964e+03
-5.055000000000000426e+01 -6.903000000000000114e+01 -1.086289999999999964e+03
-5.053000000000000114e+01 -6.901999999999999602e+01 -1.085279999999999973e+03
-5.038000000000000256e+01 -6.901000000000000512e+01 -1.083799999999999955e+03
-5.032999999999999829e+01 -6.900000000000000000e+01 -1.082809999999999945e+03
-5.025000000000000000e+01 -6.898000000000000398e+01 -1.081289999999999964e+03
-5.014000000000000057e+01 -6.896999999999999886e+01 -1.080299999999999955e+03
-5.000999999999999801e+01 -6.896000000000000796e+01 -1.078779999999999973e+03
-4.992000000000000171e+01 -6.896999999999999886e+01 -1.078799999999999955e+03
-5.005000000000000426e+01 -6.896999999999999886e+01 -1.079839999999999918e+03
-5.023000000000000398e+01 -6.898000000000000398e+01 -1.081360000000000127e+03
-5.028000000000000114e+01 -6.900000000000000000e+01 -1.082360000000000127e+03
-5.038000000000000256e+01 -6.901999999999999602e+01 -1.083870000000000118e+03
-5.048000000000000398e+01 -6.903000000000000114e+01 -1.084849999999999909e+03
-5.053999999999999915e+01 -6.904000000000000625e+01 -1.086360000000000127e+03
-5.059000000000000341e+01 -6.906000000000000227e+01 -1.087360000000000127e+03
-5.070000000000000284e+01 -6.907000000000000739e+01 -1.088849999999999909e+03
-5.075000000000000000e+01 -6.907999999999999829e+01 -1.089870000000000118e+03
-5.089000000000000057e+01 -6.909000000000000341e+01 -1.091349999999999909e+03
-5.099000000000000199e+01 -6.910999999999999943e+01 -1.092829999999999927e+03
-5.099000000000000199e+01 -6.912999999999999545e+01 -1.093839999999999918e+03
-5.113000000000000256e+01 -6.914000000000000057e+01 -1.095329999999999927e+03
-5.120000000000000284e+01 -6.915999999999999659e+01 -1.096809999999999945e+03
-5.124000000000000199e+01 -6.917000000000000171e+01 -1.097799999999999955e+03
-5.132999999999999829e+01 -6.918999999999999773e+01 -1.099319999999999936e+03
-5.145000000000000284e+01 -6.918999999999999773e+01 -1.100309999999999945e+03
-5.150999999999999801e+01 -6.921000000000000796e+01 -1.101799999999999955e+03
-5.160000000000000142e+01 -6.923000000000000398e+01 -1.103289999999999964e+03
-5.164999999999999858e+01 -6.923999999999999488e+01 -1.104289999999999964e+03
-5.174000000000000199e+01 -6.926000000000000512e+01 -1.105789999999999964e+03
-5.181000000000000227e+01 -6.926000000000000512e+01 -1.106799999999999955e+03
-5.192000000000000171e+01 -6.928000000000000114e+01 -1.108289999999999964e+03
-5.202000000000000313e+01 -6.929999999999999716e+01 -1.109789999999999964e+03
-5.209000000000000341e+01 -6.929999999999999716e+01 -1.110809999999999945e+03
-5.221000000000000085e+01 -6.932000000000000739e+01 -1.112299999999999955e+03
-5.223000000000000398e+01 -6.932999999999999829e+01 -1.113289999999999964e+03
-5.238000000000000256e+01 -6.935000000000000853e+01 -1.114799999999999955e+03
-5.243999999999999773e+01 -6.935000000000000853e+01 -1.115799999999999955e+03
-5.250000000000000000e+01 -6.937000000000000455e+01 -1.117289999999999964e+03
-5.260000000000000142e+01 -6.937999999999999545e+01 -1.118789999999999964e+03
-5.273000000000000398e+01 -6.939000000000000057e+01 -1.119769999999999982e+03
-5.278999999999999915e+01 -6.940000000000000568e+01 -1.121319999999999936e+03
-5.284000000000000341e+01 -6.940999999999999659e+01 -1.122269999999999982e+03
-5.298000000000000398e+01 -6.942000000000000171e+01 -1.123789999999999964e+03
-5.300000000000000000e+01 -6.943000000000000682e+01 -1.124769999999999982e+03
-5.309000000000000341e+01 -6.945000000000000284e+01 -1.126289999999999964e+03
-5.317999999999999972e+01 -6.945000000000000284e+01 -1.127309999999999945e+03
-5.317999999999999972e+01 -6.946000000000000796e+01 -1.127279999999999973e+03
-5.307000000000000028e+01 -6.943999999999999773e+01 -1.125759999999999991e+03
-5.305000000000000426e+01 -6.943000000000000682e+01 -1.124730000000000018e+03
-5.296000000000000085e+01 -6.940999999999999659e+01 -1.123230000000000018e+03
-5.285000000000000142e+01 -6.940999999999999659e+01 -1.122240000000000009e+03
-5.278000000000000114e+01 -6.939000000000000057e+01 -1.120720000000000027e+03
-5.273000000000000398e+01 -6.937999999999999545e+01 -1.119710000000000036e+03
-5.260000000000000142e+01 -6.937000000000000455e+01 -1.118230000000000018e+03
-5.255000000000000426e+01 -6.937000000000000455e+01 -1.117210000000000036e+03
-5.246000000000000085e+01 -6.935000000000000853e+01 -1.115720000000000027e+03
-5.239000000000000057e+01 -6.934000000000000341e+01 -1.114740000000000009e+03
-5.227000000000000313e+01 -6.932999999999999829e+01 -1.113240000000000009e+03
-5.218999999999999773e+01 -6.931000000000000227e+01 -1.111710000000000036e+03
-5.212000000000000455e+01 -6.929999999999999716e+01 -1.110730000000000018e+03
-5.200999999999999801e+01 -6.928000000000000114e+01 -1.109210000000000036e+03
-5.196999999999999886e+01 -6.926999999999999602e+01 -1.108230000000000018e+03
-5.181000000000000227e+01 -6.926000000000000512e+01 -1.106730000000000018e+03
-5.173000000000000398e+01 -6.925000000000000000e+01 -1.105740000000000009e+03
-5.168999999999999773e+01 -6.923000000000000398e+01 -1.104220000000000027e+03
-5.160000000000000142e+01 -6.921999999999999886e+01 -1.103250000000000000e+03
-5.152000000000000313e+01 -6.921000000000000796e+01 -1.101759999999999991e+03
-5.149000000000000199e+01 -6.918999999999999773e+01 -1.100759999999999991e+03
-5.135999999999999943e+01 -6.918000000000000682e+01 -1.099259999999999991e+03
-5.127000000000000313e+01 -6.915999999999999659e+01 -1.097750000000000000e+03
-5.121999999999999886e+01 -6.915000000000000568e+01 -1.096769999999999982e+03
-5.112000000000000455e+01 -6.912999999999999545e+01 -1.095279999999999973e+03
-5.103000000000000114e+01 -6.912999999999999545e+01 -1.094269999999999982e+03
-5.106000000000000227e+01 -6.910000000000000853e+01 -1.092779999999999973e+03
-5.095000000000000284e+01 -6.909000000000000341e+01 -1.091769999999999982e+03
-5.082999999999999829e+01 -6.907000000000000739e+01 -1.090289999999999964e+03
-5.078000000000000114e+01 -6.906000000000000227e+01 -1.089299999999999955e+03
-5.064999999999999858e+01 -6.904000000000000625e+01 -1.087789999999999964e+03
-5.057000000000000028e+01 -6.904000000000000625e+01 -1.086799999999999955e+03
-5.053999999999999915e+01 -6.901999999999999602e+01 -1.085299999999999955e+03
-5.042999999999999972e+01 -6.901000000000000512e+01 -1.084289999999999964e+03
-5.032000000000000028e+01 -6.900000000000000000e+01 -1.082789999999999964e+03
-5.027000000000000313e+01 -6.898999999999999488e+01 -1.081769999999999982e+03
-5.014999999999999858e+01 -6.896999999999999886e+01 -1.080309999999999945e+03
-5.000999999999999801e+01 -6.896000000000000796e+01 -1.078799999999999955e+03
-4.996999999999999886e+01 -6.896000000000000796e+01 -1.078440000000000055e+03
-5.005000000000000426e+01 -6.896999999999999886e+01 -1.079829999999999927e+03
-5.021999999999999886e+01 -6.898999999999999488e+01 -1.081349999999999909e+03
-5.028000000000000114e+01 -6.900000000000000000e+01 -1.082349999999999909e+03
-5.038000000000000256e+01 -6.901999999999999602e+01 -1.083849999999999909e+03
-5.049000000000000199e+01 -6.904000000000000625e+01 -1.085339999999999918e+03
-5.055000000000000426e+01 -6.904000000000000625e+01 -1.086360000000000127e+03
-5.060000000000000142e+01 -6.906000000000000227e+01 -1.087829999999999927e+03
-5.075000000000000000e+01 -6.907000000000000739e+01 -1.089339999999999918e+03
-5.082999999999999829e+01 -6.907999999999999829e+01 -1.090349999999999909e+03
-5.092000000000000171e+01 -6.910000000000000853e+01 -1.091839999999999918e+03
-5.099000000000000199e+01 -6.910999999999999943e+01 -1.092829999999999927e+03
-5.103000000000000114e+01 -6.912999999999999545e+01 -1.094350000000000136e+03
-5.112000000000000455e+01 -6.914000000000000057e+01 -1.095339999999999918e+03
-5.118999999999999773e+01 -6.915000000000000568e+01 -1.096799999999999955e+03
-5.125999999999999801e+01 -6.917000000000000171e+01 -1.098299999999999955e+03
-5.132999999999999829e+01 -6.918000000000000682e+01 -1.099299999999999955e+03
-5.149000000000000199e+01 -6.920000000000000284e+01 -1.100809999999999945e+03
-5.150999999999999801e+01 -6.921999999999999886e+01 -1.102309999999999945e+03
-5.160000000000000142e+01 -6.921999999999999886e+01 -1.103299999999999955e+03
-5.167000000000000171e+01 -6.923999999999999488e+01 -1.104779999999999973e+03
-5.177000000000000313e+01 -6.926000000000000512e+01 -1.106269999999999982e+03
-5.187000000000000455e+01 -6.926999999999999602e+01 -1.107279999999999973e+03
-5.192999999999999972e+01 -6.929000000000000625e+01 -1.108779999999999973e+03
-5.200999999999999801e+01 -6.929999999999999716e+01 -1.109779999999999973e+03
-5.217000000000000171e+01 -6.931000000000000227e+01 -1.111289999999999964e+03
-5.221000000000000085e+01 -6.932999999999999829e+01 -1.112769999999999982e+03
-5.225000000000000000e+01 -6.934000000000000341e+01 -1.113799999999999955e+03
-5.245000000000000284e+01 -6.935000000000000853e+01 -1.115299999999999955e+03
-5.249000000000000199e+01 -6.935999999999999943e+01 -1.116779999999999973e+03
-5.250000000000000000e+01 -6.937999999999999545e+01 -1.117769999999999982e+03
-5.270000000000000284e+01 -6.937999999999999545e+01 -1.119269999999999982e+03
-5.275000000000000000e+01 -6.940000000000000568e+01 -1.120779999999999973e+03
-5.278999999999999915e+01 -6.940000000000000568e+01 -1.121789999999999964e+03
-5.292999999999999972e+01 -6.942000000000000171e+01 -1.123279999999999973e+03
-5.300999999999999801e+01 -6.943000000000000682e+01 -1.124289999999999964e+03
-5.307999999999999829e+01 -6.943999999999999773e+01 -1.125799999999999955e+03
-5.314000000000000057e+01 -6.945000000000000284e+01 -1.126769999999999982e+03
-5.321999999999999886e+01 -6.946000000000000796e+01 -1.127650000000000091e+03
-5.313000000000000256e+01 -6.945000000000000284e+01 -1.126259999999999991e+03
-5.307999999999999829e+01 -6.943000000000000682e+01 -1.125240000000000009e+03
-5.300000000000000000e+01 -6.940999999999999659e+01 -1.123740000000000009e+03
-5.285999999999999943e+01 -6.940999999999999659e+01 -1.122230000000000018e+03
-5.282000000000000028e+01 -6.940000000000000568e+01 -1.121269999999999982e+03
-5.274000000000000199e+01 -6.937999999999999545e+01 -1.119720000000000027e+03
-5.262000000000000455e+01 -6.937999999999999545e+01 -1.118720000000000027e+03
-5.253999999999999915e+01 -6.935999999999999943e+01 -1.117250000000000000e+03
-5.252000000000000313e+01 -6.935000000000000853e+01 -1.116240000000000009e+03
-5.239000000000000057e+01 -6.932999999999999829e+01 -1.114750000000000000e+03
-5.227000000000000313e+01 -6.934000000000000341e+01 -1.113759999999999991e+03
-5.223000000000000398e+01 -6.931000000000000227e+01 -1.112220000000000027e+03
-5.212000000000000455e+01 -6.929000000000000625e+01 -1.110740000000000009e+03
-5.202000000000000313e+01 -6.929000000000000625e+01 -1.109769999999999982e+03
-5.195000000000000284e+01 -6.926999999999999602e+01 -1.108250000000000000e+03
-5.182000000000000028e+01 -6.926000000000000512e+01 -1.106710000000000036e+03
-5.173000000000000398e+01 -6.925000000000000000e+01 -1.105750000000000000e+03
-5.168999999999999773e+01 -6.923000000000000398e+01 -1.104250000000000000e+03
-5.157999999999999829e+01 -6.921999999999999886e+01 -1.102750000000000000e+03
-5.150999999999999801e+01 -6.920000000000000284e+01 -1.101750000000000000e+03
-5.149000000000000199e+01 -6.918999999999999773e+01 -1.100259999999999991e+03
-5.131000000000000227e+01 -6.917000000000000171e+01 -1.098750000000000000e+03
-5.127000000000000313e+01 -6.915999999999999659e+01 -1.097750000000000000e+03
-5.118999999999999773e+01 -6.914000000000000057e+01 -1.096279999999999973e+03
-5.110000000000000142e+01 -6.912999999999999545e+01 -1.094799999999999955e+03
-5.105000000000000426e+01 -6.910999999999999943e+01 -1.093789999999999964e+03
-5.100000000000000000e+01 -6.909000000000000341e+01 -1.092289999999999964e+03
-5.089999999999999858e+01 -6.907999999999999829e+01 -1.091309999999999945e+03
-5.080000000000000426e+01 -6.907000000000000739e+01 -1.089789999999999964e+03
-5.070000000000000284e+01 -6.906000000000000227e+01 -1.088789999999999964e+03
-5.062000000000000455e+01 -6.904000000000000625e+01 -1.087309999999999945e+03
-5.056000000000000227e+01 -6.903000000000000114e+01 -1.086279999999999973e+03
-5.050999999999999801e+01 -6.901999999999999602e+01 -1.084809999999999945e+03
-5.037000000000000455e+01 -6.901000000000000512e+01 -1.083809999999999945e+03
-5.028999999999999915e+01 -6.900000000000000000e+01 -1.082299999999999955e+03
-5.020000000000000284e+01 -6.896999999999999886e+01 -1.080799999999999955e+03
-5.010000000000000142e+01 -6.896999999999999886e+01 -1.079799999999999955e+03
-5.000999999999999801e+01 -6.896000000000000796e+01 -1.078430000000000064e+03
-4.991000000000000369e+01 -6.896999999999999886e+01 -1.078769999999999982e+03
-5.014999999999999858e+01 -6.898000000000000398e+01 -1.080309999999999945e+03
-5.023000000000000398e+01 -6.898999999999999488e+01 -1.081360000000000127e+03
-5.028000000000000114e+01 -6.901000000000000512e+01 -1.082849999999999909e+03
-5.035999999999999943e+01 -6.901999999999999602e+01 -1.083839999999999918e+03
-5.049000000000000199e+01 -6.903000000000000114e+01 -1.085349999999999909e+03
-5.055000000000000426e+01 -6.904000000000000625e+01 -1.086349999999999909e+03
-5.062000000000000455e+01 -6.906000000000000227e+01 -1.087849999999999909e+03
-5.075999999999999801e+01 -6.907000000000000739e+01 -1.089349999999999909e+03
-5.084000000000000341e+01 -6.909000000000000341e+01 -1.090349999999999909e+03
-5.091000000000000369e+01 -6.910000000000000853e+01 -1.091839999999999918e+03
-5.099000000000000199e+01 -6.910999999999999943e+01 -1.092809999999999945e+03
-5.103999999999999915e+01 -6.912999999999999545e+01 -1.094319999999999936e+03
-5.112000000000000455e+01 -6.912999999999999545e+01 -1.095319999999999936e+03
-5.120000000000000284e+01 -6.915999999999999659e+01 -1.096819999999999936e+03
-5.123000000000000398e+01 -6.917000000000000171e+01 -1.097799999999999955e+03
-5.132999999999999829e+01 -6.918999999999999773e+01 -1.099289999999999964e+03
-5.145000000000000284e+01 -6.918999999999999773e+01 -1.100309999999999945e+03
-5.150000000000000000e+01 -6.921000000000000796e+01 -1.101809999999999945e+03
-5.155000000000000426e+01 -6.921999999999999886e+01 -1.102789999999999964e+03
-5.164999999999999858e+01 -6.923999999999999488e+01 -1.104289999999999964e+03
-5.171999999999999886e+01 -6.925000000000000000e+01 -1.105279999999999973e+03
-5.180000000000000426e+01 -6.926000000000000512e+01 -1.106779999999999973e+03
-5.191000000000000369e+01 -6.928000000000000114e+01 -1.108269999999999982e+03
-5.198000000000000398e+01 -6.929000000000000625e+01 -1.109279999999999973e+03
-5.209000000000000341e+01 -6.929999999999999716e+01 -1.110799999999999955e+03
-5.217000000000000171e+01 -6.931000000000000227e+01 -1.111769999999999982e+03
-5.224000000000000199e+01 -6.932999999999999829e+01 -1.113279999999999973e+03
-5.237000000000000455e+01 -6.934000000000000341e+01 -1.114799999999999955e+03
-5.243999999999999773e+01 -6.935000000000000853e+01 -1.115769999999999982e+03
-5.250999999999999801e+01 -6.937000000000000455e+01 -1.117279999999999973e+03
-5.260000000000000142e+01 -6.937999999999999545e+01 -1.118759999999999991e+03
-5.271999999999999886e+01 -6.939000000000000057e+01 -1.119759999999999991e+03
-5.278999999999999915e+01 -6.940000000000000568e+01 -1.121289999999999964e+03
-5.282999999999999829e+01 -6.940999999999999659e+01 -1.122279999999999973e+03
-5.299000000000000199e+01 -6.942000000000000171e+01 -1.123789999999999964e+03
-5.303000000000000114e+01 -6.943999999999999773e+01 -1.125269999999999982e+03
-5.309000000000000341e+01 -6.945000000000000284e+01 -1.126269999999999982e+03
-5.321999999999999886e+01 -6.946000000000000796e+01 -1.127640000000000100e+03
-5.317999999999999972e+01 -6.946000000000000796e+01 -1.127269999999999982e+03
-5.307000000000000028e+01 -6.943999999999999773e+01 -1.125769999999999982e+03
-5.305000000000000426e+01 -6.943000000000000682e+01 -1.124740000000000009e+03
-5.296000000000000085e+01 -6.942000000000000171e+01 -1.123279999999999973e+03
-5.285999999999999943e+01 -6.940999999999999659e+01 -1.122259999999999991e+03
-5.278000000000000114e+01 -6.939000000000000057e+01 -1.120769999999999982e+03
-5.274000000000000199e+01 -6.937999999999999545e+01 -1.119720000000000027e+03
-5.259000000000000341e+01 -6.937000000000000455e+01 -1.118230000000000018e+03
-5.255000000000000426e+01 -6.935999999999999943e+01 -1.117240000000000009e+03
-5.246000000000000085e+01 -6.934000000000000341e+01 -1.115720000000000027e+03
-5.232000000000000028e+01 -6.932999999999999829e+01 -1.114250000000000000e+03
-5.227000000000000313e+01 -6.932000000000000739e+01 -1.113240000000000009e+03
-5.218999999999999773e+01 -6.931000000000000227e+01 -1.111740000000000009e+03
-5.212000000000000455e+01 -6.929999999999999716e+01 -1.110769999999999982e+03
-5.200999999999999801e+01 -6.928000000000000114e+01 -1.109240000000000009e+03
-5.192000000000000171e+01 -6.926999999999999602e+01 -1.107759999999999991e+03
-5.182000000000000028e+01 -6.926000000000000512e+01 -1.106730000000000018e+03
-5.175000000000000000e+01 -6.923999999999999488e+01 -1.105259999999999991e+03
-5.162000000000000455e+01 -6.921999999999999886e+01 -1.103740000000000009e+03
-5.159000000000000341e+01 -6.921000000000000796e+01 -1.102769999999999982e+03
-5.152000000000000313e+01 -6.920000000000000284e+01 -1.101259999999999991e+03
-5.142000000000000171e+01 -6.918000000000000682e+01 -1.099769999999999982e+03
-5.131000000000000227e+01 -6.918000000000000682e+01 -1.098769999999999982e+03
-5.124000000000000199e+01 -6.915999999999999659e+01 -1.097269999999999982e+03
-5.118999999999999773e+01 -6.914000000000000057e+01 -1.096269999999999982e+03
-5.107000000000000028e+01 -6.912999999999999545e+01 -1.094769999999999982e+03
-5.102000000000000313e+01 -6.910999999999999943e+01 -1.093299999999999955e+03
-5.099000000000000199e+01 -6.909000000000000341e+01 -1.092309999999999945e+03
-5.085999999999999943e+01 -6.907999999999999829e+01 -1.090819999999999936e+03
-5.077000000000000313e+01 -6.907000000000000739e+01 -1.089279999999999973e+03
-5.068999999999999773e+01 -6.904999999999999716e+01 -1.088309999999999945e+03
-5.056000000000000227e+01 -6.904000000000000625e+01 -1.086809999999999945e+03
-5.055000000000000426e+01 -6.903000000000000114e+01 -1.085799999999999955e+03
-5.042000000000000171e+01 -6.901999999999999602e+01 -1.084299999999999955e+03
-5.034000000000000341e+01 -6.900000000000000000e+01 -1.083319999999999936e+03
-5.028999999999999915e+01 -6.898000000000000398e+01 -1.081799999999999955e+03
-5.016000000000000369e+01 -6.896999999999999886e+01 -1.080319999999999936e+03
-5.006000000000000227e+01 -6.896000000000000796e+01 -1.079309999999999945e+03
-4.996999999999999886e+01 -6.896000000000000796e+01 -1.078410000000000082e+03
-5.005000000000000426e+01 -6.896999999999999886e+01 -1.079799999999999955e+03
-5.016000000000000369e+01 -6.898000000000000398e+01 -1.080829999999999927e+03
-5.028999999999999915e+01 -6.900000000000000000e+01 -1.082349999999999909e+03
-5.038000000000000256e+01 -6.901000000000000512e+01 -1.083819999999999936e+03
-5.048000000000000398e+01 -6.901999999999999602e+01 -1.084809999999999945e+03
-5.053999999999999915e+01 -6.904000000000000625e+01 -1.086349999999999909e+03
-5.057999999999999829e+01 -6.904999999999999716e+01 -1.087360000000000127e+03
-5.071000000000000085e+01 -6.907000000000000739e+01 -1.088839999999999918e+03
-5.082999999999999829e+01 -6.907999999999999829e+01 -1.090339999999999918e+03
-5.091000000000000369e+01 -6.909000000000000341e+01 -1.091339999999999918e+03
-5.098000000000000398e+01 -6.910999999999999943e+01 -1.092819999999999936e+03
-5.099000000000000199e+01 -6.912000000000000455e+01 -1.093789999999999964e+03
-5.112000000000000455e+01 -6.912999999999999545e+01 -1.095339999999999918e+03
-5.117999999999999972e+01 -6.915000000000000568e+01 -1.096799999999999955e+03
-5.125000000000000000e+01 -6.917000000000000171e+01 -1.097779999999999973e+03
-5.132999999999999829e+01 -6.918000000000000682e+01 -1.099289999999999964e+03
-5.149000000000000199e+01 -6.920000000000000284e+01 -1.100799999999999955e+03
-5.150000000000000000e+01 -6.921000000000000796e+01 -1.101799999999999955e+03
-5.160000000000000142e+01 -6.923000000000000398e+01 -1.103289999999999964e+03
-5.166000000000000369e+01 -6.923999999999999488e+01 -1.104779999999999973e+03
-5.173000000000000398e+01 -6.926000000000000512e+01 -1.105779999999999973e+03
-5.187000000000000455e+01 -6.926999999999999602e+01 -1.107259999999999991e+03
-5.192000000000000171e+01 -6.928000000000000114e+01 -1.108269999999999982e+03
-5.200000000000000000e+01 -6.929999999999999716e+01 -1.109769999999999982e+03
-5.210000000000000142e+01 -6.929999999999999716e+01 -1.110759999999999991e+03
-5.221000000000000085e+01 -6.932000000000000739e+01 -1.112250000000000000e+03
-5.224000000000000199e+01 -6.932999999999999829e+01 -1.113269999999999982e+03
-5.237000000000000455e+01 -6.934000000000000341e+01 -1.114769999999999982e+03
-5.249000000000000199e+01 -6.935000000000000853e+01 -1.116259999999999991e+03
-5.250000000000000000e+01 -6.937000000000000455e+01 -1.117250000000000000e+03
-5.260000000000000142e+01 -6.937999999999999545e+01 -1.118759999999999991e+03
-5.275999999999999801e+01 -6.939000000000000057e+01 -1.120250000000000000e+03
-5.278000000000000114e+01 -6.940000000000000568e+01 -1.121289999999999964e+03
-5.288000000000000256e+01 -6.942000000000000171e+01 -1.122779999999999973e+03
-5.298000000000000398e+01 -6.943000000000000682e+01 -1.123759999999999991e+03
-5.303999999999999915e+01 -6.943999999999999773e+01 -1.125269999999999982e+03
-5.314000000000000057e+01 -6.945000000000000284e+01 -1.126769999999999982e+03
-5.321999999999999886e+01 -6.946000000000000796e+01 -1.127630000000000109e+03
-5.314999999999999858e+01 -6.945000000000000284e+01 -1.126769999999999982e+03
-5.307999999999999829e+01 -6.943000000000000682e+01 -1.125250000000000000e+03
-5.305000000000000426e+01 -6.943000000000000682e+01 -1.124259999999999991e+03
-5.289000000000000057e+01 -6.940999999999999659e+01 -1.122759999999999991e+03
-5.282000000000000028e+01 -6.940000000000000568e+01 -1.121259999999999991e+03
-5.280000000000000426e+01 -6.937999999999999545e+01 -1.120240000000000009e+03
-5.263000000000000256e+01 -6.937000000000000455e+01 -1.118740000000000009e+03
-5.253999999999999915e+01 -6.935999999999999943e+01 -1.117250000000000000e+03
-5.250000000000000000e+01 -6.935000000000000853e+01 -1.116250000000000000e+03
-5.239999999999999858e+01 -6.934000000000000341e+01 -1.114769999999999982e+03
-5.227000000000000313e+01 -6.932999999999999829e+01 -1.113769999999999982e+03
-5.223000000000000398e+01 -6.931000000000000227e+01 -1.112250000000000000e+03
-5.217999999999999972e+01 -6.929999999999999716e+01 -1.111269999999999982e+03
-5.202000000000000313e+01 -6.929000000000000625e+01 -1.109769999999999982e+03
-5.195000000000000284e+01 -6.926999999999999602e+01 -1.108259999999999991e+03
-5.188000000000000256e+01 -6.926000000000000512e+01 -1.107250000000000000e+03
-5.173000000000000398e+01 -6.925000000000000000e+01 -1.105759999999999991e+03
-5.168999999999999773e+01 -6.923999999999999488e+01 -1.104740000000000009e+03
-5.160000000000000142e+01 -6.921999999999999886e+01 -1.103250000000000000e+03
-5.156000000000000227e+01 -6.921000000000000796e+01 -1.102279999999999973e+03
-5.149000000000000199e+01 -6.918999999999999773e+01 -1.100759999999999991e+03
-5.141000000000000369e+01 -6.918000000000000682e+01 -1.099769999999999982e+03
-5.125999999999999801e+01 -6.917000000000000171e+01 -1.098269999999999982e+03
-5.124000000000000199e+01 -6.915999999999999659e+01 -1.097309999999999945e+03
-5.117999999999999972e+01 -6.914000000000000057e+01 -1.095799999999999955e+03
-5.105000000000000426e+01 -6.912999999999999545e+01 -1.094299999999999955e+03
-5.100999999999999801e+01 -6.910999999999999943e+01 -1.093279999999999973e+03
-5.095000000000000284e+01 -6.909000000000000341e+01 -1.091799999999999955e+03
-5.084000000000000341e+01 -6.907000000000000739e+01 -1.090309999999999945e+03
-5.078000000000000114e+01 -6.906000000000000227e+01 -1.089309999999999945e+03
-5.066000000000000369e+01 -6.904999999999999716e+01 -1.087829999999999927e+03
-5.057000000000000028e+01 -6.904000000000000625e+01 -1.086819999999999936e+03
-5.055000000000000426e+01 -6.901999999999999602e+01 -1.085289999999999964e+03
-5.042000000000000171e+01 -6.901000000000000512e+01 -1.084309999999999945e+03
-5.034000000000000341e+01 -6.900000000000000000e+01 -1.082839999999999918e+03
-5.028999999999999915e+01 -6.898999999999999488e+01 -1.081789999999999964e+03
-5.014999999999999858e+01 -6.898000000000000398e+01 -1.080329999999999927e+03
-5.007999999999999829e+01 -6.896000000000000796e+01 -1.079299999999999955e+03
-4.999000000000000199e+01 -6.895000000000000284e+01 -1.078410000000000082e+03
-5.005000000000000426e+01 -6.896999999999999886e+01 -1.079819999999999936e+03
-5.014999999999999858e+01 -6.898000000000000398e+01 -1.080839999999999918e+03
-5.028999999999999915e+01 -6.900000000000000000e+01 -1.082339999999999918e+03
-5.035999999999999943e+01 -6.901999999999999602e+01 -1.083819999999999936e+03
-5.049000000000000199e+01 -6.901999999999999602e+01 -1.084819999999999936e+03
-5.053999999999999915e+01 -6.904000000000000625e+01 -1.086319999999999936e+03
-5.060000000000000142e+01 -6.904999999999999716e+01 -1.087319999999999936e+03
-5.071000000000000085e+01 -6.907000000000000739e+01 -1.088829999999999927e+03
-5.075000000000000000e+01 -6.907999999999999829e+01 -1.089819999999999936e+03
-5.089000000000000057e+01 -6.909000000000000341e+01 -1.091319999999999936e+03
-5.096999999999999886e+01 -6.910000000000000853e+01 -1.092309999999999945e+03
-5.098000000000000398e+01 -6.912000000000000455e+01 -1.093759999999999991e+03
-5.107999999999999829e+01 -6.912999999999999545e+01 -1.094809999999999945e+03
-5.116000000000000369e+01 -6.915000000000000568e+01 -1.096289999999999964e+03
-5.117999999999999972e+01 -6.915999999999999659e+01 -1.097269999999999982e+03
-5.130000000000000426e+01 -6.918000000000000682e+01 -1.098809999999999945e+03
-5.139999999999999858e+01 -6.918999999999999773e+01 -1.099769999999999982e+03
-5.149000000000000199e+01 -6.920000000000000284e+01 -1.101289999999999964e+03
-5.150999999999999801e+01 -6.921999999999999886e+01 -1.102279999999999973e+03
-5.163000000000000256e+01 -6.923000000000000398e+01 -1.103769999999999982e+03
-5.164999999999999858e+01 -6.925000000000000000e+01 -1.104779999999999973e+03
-5.178999999999999915e+01 -6.926000000000000512e+01 -1.106289999999999964e+03
-5.187000000000000455e+01 -6.926999999999999602e+01 -1.107269999999999982e+03
-5.192000000000000171e+01 -6.929000000000000625e+01 -1.108759999999999991e+03
-5.202000000000000313e+01 -6.929000000000000625e+01 -1.109759999999999991e+03
-5.217999999999999972e+01 -6.931000000000000227e+01 -1.111269999999999982e+03
-5.221000000000000085e+01 -6.932000000000000739e+01 -1.112259999999999991e+03
-5.228000000000000114e+01 -6.934000000000000341e+01 -1.113779999999999973e+03
-5.245000000000000284e+01 -6.934000000000000341e+01 -1.115250000000000000e+03
-5.249000000000000199e+01 -6.935999999999999943e+01 -1.116259999999999991e+03
-5.250999999999999801e+01 -6.937000000000000455e+01 -1.117759999999999991e+03
-5.260000000000000142e+01 -6.937999999999999545e+01 -1.118740000000000009e+03
-5.275000000000000000e+01 -6.939000000000000057e+01 -1.120250000000000000e+03
-5.278999999999999915e+01 -6.940000000000000568e+01 -1.121259999999999991e+03
-5.287000000000000455e+01 -6.942000000000000171e+01 -1.122769999999999982e+03
-5.298000000000000398e+01 -6.942000000000000171e+01 -1.123750000000000000e+03
-5.303000000000000114e+01 -6.943999999999999773e+01 -1.125259999999999991e+03
-5.309000000000000341e+01 -6.945000000000000284e+01 -1.126269999999999982e+03
-5.321999999999999886e+01 -6.946000000000000796e+01 -1.127630000000000109e+03
-5.314999999999999858e+01 -6.945000000000000284e+01 -1.126769999999999982e+03
-5.307999999999999829e+01 -6.943999999999999773e+01 -1.125789999999999964e+03
-5.306000000000000227e+01 -6.942000000000000171e+01 -1.124259999999999991e+03
-5.289000000000000057e+01 -6.940999999999999659e+01 -1.122769999999999982e+03
-5.281000000000000227e+01 -6.940000000000000568e+01 -1.121750000000000000e+03
-5.278999999999999915e+01 -6.939000000000000057e+01 -1.120259999999999991e+03
-5.263000000000000256e+01 -6.937000000000000455e+01 -1.118740000000000009e+03
-5.255000000000000426e+01 -6.935999999999999943e+01 -1.117779999999999973e+03
-5.250000000000000000e+01 -6.935000000000000853e+01 -1.116250000000000000e+03
-5.239999999999999858e+01 -6.932999999999999829e+01 -1.114750000000000000e+03
-5.227000000000000313e+01 -6.932999999999999829e+01 -1.113759999999999991e+03
-5.224000000000000199e+01 -6.931000000000000227e+01 -1.112259999999999991e+03
-5.217999999999999972e+01 -6.929999999999999716e+01 -1.111279999999999973e+03
-5.203000000000000114e+01 -6.929000000000000625e+01 -1.109769999999999982e+03
-5.196999999999999886e+01 -6.926999999999999602e+01 -1.108259999999999991e+03
-5.187000000000000455e+01 -6.926000000000000512e+01 -1.107250000000000000e+03
-5.171999999999999886e+01 -6.925000000000000000e+01 -1.105759999999999991e+03
-5.168999999999999773e+01 -6.923000000000000398e+01 -1.104250000000000000e+03
-5.160999999999999943e+01 -6.921999999999999886e+01 -1.103289999999999964e+03
-5.153000000000000114e+01 -6.921000000000000796e+01 -1.101799999999999955e+03
-5.148000000000000398e+01 -6.918999999999999773e+01 -1.100779999999999973e+03
-5.137000000000000455e+01 -6.918000000000000682e+01 -1.099269999999999982e+03
-5.128000000000000114e+01 -6.915999999999999659e+01 -1.097799999999999955e+03
-5.121999999999999886e+01 -6.915000000000000568e+01 -1.096789999999999964e+03
-5.112000000000000455e+01 -6.912999999999999545e+01 -1.095289999999999964e+03
-5.105000000000000426e+01 -6.912000000000000455e+01 -1.093789999999999964e+03
-5.106000000000000227e+01 -6.910000000000000853e+01 -1.092819999999999936e+03
-5.089999999999999858e+01 -6.909000000000000341e+01 -1.091319999999999936e+03
-5.078999999999999915e+01 -6.907000000000000739e+01 -1.089819999999999936e+03
-5.071999999999999886e+01 -6.906000000000000227e+01 -1.088799999999999955e+03
-5.063000000000000256e+01 -6.904000000000000625e+01 -1.087309999999999945e+03
-5.053999999999999915e+01 -6.903000000000000114e+01 -1.085809999999999945e+03
-5.049000000000000199e+01 -6.901000000000000512e+01 -1.084789999999999964e+03
-5.035000000000000142e+01 -6.901000000000000512e+01 -1.083319999999999936e+03
-5.028999999999999915e+01 -6.898999999999999488e+01 -1.082319999999999936e+03
-5.018999999999999773e+01 -6.896999999999999886e+01 -1.080809999999999945e+03
-5.009000000000000341e+01 -6.896999999999999886e+01 -1.079819999999999936e+03
-5.000000000000000000e+01 -6.896000000000000796e+01 -1.078450000000000045e+03
-4.996999999999999886e+01 -6.896999999999999886e+01 -1.079279999999999973e+03
-5.014999999999999858e+01 -6.896999999999999886e+01 -1.080279999999999973e+03
-5.023000000000000398e+01 -6.898999999999999488e+01 -1.081799999999999955e+03
-5.032999999999999829e+01 -6.901000000000000512e+01 -1.083319999999999936e+03
-5.041000000000000369e+01 -6.901999999999999602e+01 -1.084329999999999927e+03
-5.055000000000000426e+01 -6.903000000000000114e+01 -1.085809999999999945e+03
-5.057000000000000028e+01 -6.904999999999999716e+01 -1.086809999999999945e+03
-5.067000000000000171e+01 -6.906000000000000227e+01 -1.088309999999999945e+03
-5.074000000000000199e+01 -6.907000000000000739e+01 -1.089309999999999945e+03
-5.087000000000000455e+01 -6.909000000000000341e+01 -1.090839999999999918e+03
-5.092000000000000171e+01 -6.910000000000000853e+01 -1.091809999999999945e+03
-5.100000000000000000e+01 -6.910999999999999943e+01 -1.093289999999999964e+03
-5.106000000000000227e+01 -6.914000000000000057e+01 -1.094799999999999955e+03
-5.117999999999999972e+01 -6.914000000000000057e+01 -1.095839999999999918e+03
-5.117000000000000171e+01 -6.915999999999999659e+01 -1.097289999999999964e+03
-5.132000000000000028e+01 -6.918000000000000682e+01 -1.098779999999999973e+03
-5.139999999999999858e+01 -6.918999999999999773e+01 -1.099769999999999982e+03
-5.146999999999999886e+01 -6.920000000000000284e+01 -1.101279999999999973e+03
-5.157000000000000028e+01 -6.921999999999999886e+01 -1.102769999999999982e+03
-5.162000000000000455e+01 -6.923000000000000398e+01 -1.103759999999999991e+03
-5.174000000000000199e+01 -6.925000000000000000e+01 -1.105289999999999964e+03
-5.175999999999999801e+01 -6.926000000000000512e+01 -1.106250000000000000e+03
-5.189999999999999858e+01 -6.926999999999999602e+01 -1.107759999999999991e+03
-5.193999999999999773e+01 -6.929000000000000625e+01 -1.108759999999999991e+03
-5.210000000000000142e+01 -6.929999999999999716e+01 -1.110259999999999991e+03
-5.216000000000000369e+01 -6.931000000000000227e+01 -1.111269999999999982e+03
-5.220000000000000284e+01 -6.932999999999999829e+01 -1.112750000000000000e+03
-5.227000000000000313e+01 -6.934000000000000341e+01 -1.113769999999999982e+03
-5.243999999999999773e+01 -6.935000000000000853e+01 -1.115269999999999982e+03
-5.246999999999999886e+01 -6.937000000000000455e+01 -1.116789999999999964e+03
-5.250999999999999801e+01 -6.937999999999999545e+01 -1.117750000000000000e+03
-5.270000000000000284e+01 -6.937999999999999545e+01 -1.119289999999999964e+03
-5.277000000000000313e+01 -6.939000000000000057e+01 -1.120259999999999991e+03
-5.280000000000000426e+01 -6.940999999999999659e+01 -1.121779999999999973e+03
-5.289000000000000057e+01 -6.942000000000000171e+01 -1.122750000000000000e+03
-5.300999999999999801e+01 -6.943000000000000682e+01 -1.124230000000000018e+03
-5.303000000000000114e+01 -6.943999999999999773e+01 -1.125259999999999991e+03
-5.314000000000000057e+01 -6.945000000000000284e+01 -1.126769999999999982e+03
-5.324000000000000199e+01 -6.946999999999999886e+01 -1.127960000000000036e+03
