0.000000000000000000e+00 1.522138493742115994e-311 0.000000000000000000e+00
-6.173000000000000398e+01 -6.282999999999999829e+01 -1.314380000000000109e+03
-6.169000000000000483e+01 -6.282999999999999829e+01 -1.313180000000000064e+03
-6.164999999999999858e+01 -6.282999999999999829e+01 -1.312190000000000055e+03
-6.150000000000000000e+01 -6.284000000000000341e+01 -1.310680000000000064e+03
-6.143999999999999773e+01 -6.284000000000000341e+01 -1.309660000000000082e+03
-6.139000000000000057e+01 -6.284000000000000341e+01 -1.308170000000000073e+03
-6.121000000000000085e+01 -6.285000000000000142e+01 -1.306700000000000045e+03
-6.114999999999999858e+01 -6.285000000000000142e+01 -1.305700000000000045e+03
-6.110999999999999943e+01 -6.285000000000000142e+01 -1.304220000000000027e+03
-6.096999999999999886e+01 -6.285000000000000142e+01 -1.302740000000000009e+03
-6.087000000000000455e+01 -6.285000000000000142e+01 -1.301700000000000045e+03
-6.080000000000000426e+01 -6.285000000000000142e+01 -1.300200000000000045e+03
-6.067000000000000171e+01 -6.285000000000000142e+01 -1.298720000000000027e+03
-6.060000000000000142e+01 -6.285999999999999943e+01 -1.297690000000000055e+03
-6.052000000000000313e+01 -6.285999999999999943e+01 -1.296220000000000027e+03
-6.042000000000000171e+01 -6.285000000000000142e+01 -1.294700000000000045e+03
-6.038000000000000256e+01 -6.285000000000000142e+01 -1.293710000000000036e+03
-6.031000000000000227e+01 -6.285000000000000142e+01 -1.292230000000000018e+03
-6.020000000000000284e+01 -6.285000000000000142e+01 -1.291220000000000027e+03
-6.010999999999999943e+01 -6.285000000000000142e+01 -1.289740000000000009e+03
-6.009000000000000341e+01 -6.285000000000000142e+01 -1.288750000000000000e+03
-5.996000000000000085e+01 -6.284000000000000341e+01 -1.287259999999999991e+03
-5.985999999999999943e+01 -6.284000000000000341e+01 -1.285740000000000009e+03
-5.984000000000000341e+01 -6.285000000000000142e+01 -1.284750000000000000e+03
-5.971000000000000085e+01 -6.285000000000000142e+01 -1.283289999999999964e+03
-5.966000000000000369e+01 -6.285000000000000142e+01 -1.282279999999999973e+03
-5.950999999999999801e+01 -6.285999999999999943e+01 -1.280759999999999991e+03
-5.942000000000000171e+01 -6.285999999999999943e+01 -1.279289999999999964e+03
-5.935999999999999943e+01 -6.285999999999999943e+01 -1.278269999999999982e+03
-5.928000000000000114e+01 -6.285000000000000142e+01 -1.276779999999999973e+03
-5.913000000000000256e+01 -6.285999999999999943e+01 -1.275750000000000000e+03
-5.903000000000000114e+01 -6.285999999999999943e+01 -1.274259999999999991e+03
-5.896999999999999886e+01 -6.285999999999999943e+01 -1.273259999999999991e+03
-5.888000000000000256e+01 -6.285999999999999943e+01 -1.271809999999999945e+03
-5.878999999999999915e+01 -6.285999999999999943e+01 -1.270779999999999973e+03
-5.870000000000000284e+01 -6.285999999999999943e+01 -1.269240000000000009e+03
-5.853999999999999915e+01 -6.285999999999999943e+01 -1.267779999999999973e+03
-5.850999999999999801e+01 -6.285000000000000142e+01 -1.266799999999999955e+03
-5.839999999999999858e+01 -6.285000000000000142e+01 -1.265279999999999973e+03
-5.832999999999999829e+01 -6.285999999999999943e+01 -1.265319999999999936e+03
-5.843999999999999773e+01 -6.285999999999999943e+01 -1.266329999999999927e+03
-5.855000000000000426e+01 -6.287000000000000455e+01 -1.267829999999999927e+03
-5.868999999999999773e+01 -6.287000000000000455e+01 -1.269289999999999964e+03
-5.874000000000000199e+01 -6.287000000000000455e+01 -1.270309999999999945e+03
-5.884000000000000341e+01 -6.285999999999999943e+01 -1.271829999999999927e+03
-5.896000000000000085e+01 -6.287000000000000455e+01 -1.273279999999999973e+03
-5.899000000000000199e+01 -6.287000000000000455e+01 -1.274269999999999982e+03
-5.916000000000000369e+01 -6.287000000000000455e+01 -1.275850000000000136e+03
-5.928000000000000114e+01 -6.285999999999999943e+01 -1.277329999999999927e+03
-5.931000000000000227e+01 -6.287000000000000455e+01 -1.278299999999999955e+03
-5.942999999999999972e+01 -6.285999999999999943e+01 -1.279809999999999945e+03
-5.957000000000000028e+01 -6.285999999999999943e+01 -1.281319999999999936e+03
-5.964000000000000057e+01 -6.285999999999999943e+01 -1.282329999999999927e+03
-5.971000000000000085e+01 -6.285000000000000142e+01 -1.283819999999999936e+03
-5.982000000000000028e+01 -6.285000000000000142e+01 -1.285329999999999927e+03
-5.988000000000000256e+01 -6.285000000000000142e+01 -1.286309999999999945e+03
-5.996999999999999886e+01 -6.285000000000000142e+01 -1.287819999999999936e+03
-6.003999999999999915e+01 -6.285000000000000142e+01 -1.289299999999999955e+03
-6.009000000000000341e+01 -6.285999999999999943e+01 -1.290279999999999973e+03
-6.025999999999999801e+01 -6.285999999999999943e+01 -1.291779999999999973e+03
-6.032999999999999829e+01 -6.285999999999999943e+01 -1.293279999999999973e+03
-6.035999999999999943e+01 -6.285999999999999943e+01 -1.294250000000000000e+03
-6.046999999999999886e+01 -6.285999999999999943e+01 -1.295769999999999982e+03
-6.057000000000000028e+01 -6.285999999999999943e+01 -1.297269999999999982e+03
-6.057999999999999829e+01 -6.285999999999999943e+01 -1.298269999999999982e+03
-6.077000000000000313e+01 -6.285999999999999943e+01 -1.299740000000000009e+03
-6.082000000000000028e+01 -6.285999999999999943e+01 -1.301269999999999982e+03
-6.092000000000000171e+01 -6.285000000000000142e+01 -1.302279999999999973e+03
-6.105000000000000426e+01 -6.285000000000000142e+01 -1.303759999999999991e+03
-6.107000000000000028e+01 -6.285000000000000142e+01 -1.305250000000000000e+03
-6.114999999999999858e+01 -6.285000000000000142e+01 -1.306250000000000000e+03
-6.135000000000000142e+01 -6.285000000000000142e+01 -1.307769999999999982e+03
-6.138000000000000256e+01 -6.284000000000000341e+01 -1.309220000000000027e+03
-6.142000000000000171e+01 -6.285000000000000142e+01 -1.310210000000000036e+03
-6.163000000000000256e+01 -6.282999999999999829e+01 -1.311740000000000009e+03
-6.167000000000000171e+01 -6.284000000000000341e+01 -1.313250000000000000e+03
-6.170000000000000284e+01 -6.282999999999999829e+01 -1.314069999999999936e+03
-6.171000000000000085e+01 -6.282999999999999829e+01 -1.313220000000000027e+03
-6.163000000000000256e+01 -6.282999999999999829e+01 -1.311710000000000036e+03
-6.148000000000000398e+01 -6.284000000000000341e+01 -1.310670000000000073e+03
-6.139999999999999858e+01 -6.284000000000000341e+01 -1.309200000000000045e+03
-6.135000000000000142e+01 -6.284000000000000341e+01 -1.307730000000000018e+03
-6.121000000000000085e+01 -6.285000000000000142e+01 -1.306720000000000027e+03
-6.110999999999999943e+01 -6.285000000000000142e+01 -1.305190000000000055e+03
-6.106000000000000227e+01 -6.285000000000000142e+01 -1.303740000000000009e+03
-6.096999999999999886e+01 -6.285000000000000142e+01 -1.302720000000000027e+03
-6.084000000000000341e+01 -6.285999999999999943e+01 -1.301220000000000027e+03
-6.080000000000000426e+01 -6.285999999999999943e+01 -1.300220000000000027e+03
-6.067000000000000171e+01 -6.285999999999999943e+01 -1.298730000000000018e+03
-6.057999999999999829e+01 -6.285999999999999943e+01 -1.297259999999999991e+03
-6.050999999999999801e+01 -6.285999999999999943e+01 -1.296220000000000027e+03
-6.042000000000000171e+01 -6.285999999999999943e+01 -1.294730000000000018e+03
-6.035999999999999943e+01 -6.285999999999999943e+01 -1.293269999999999982e+03
-6.030000000000000426e+01 -6.285999999999999943e+01 -1.292220000000000027e+03
-6.016000000000000369e+01 -6.285999999999999943e+01 -1.290730000000000018e+03
-6.009000000000000341e+01 -6.285000000000000142e+01 -1.289230000000000018e+03
-6.003000000000000114e+01 -6.285000000000000142e+01 -1.288230000000000018e+03
-5.995000000000000284e+01 -6.285000000000000142e+01 -1.286769999999999982e+03
-5.984000000000000341e+01 -6.285000000000000142e+01 -1.285289999999999964e+03
-5.981000000000000227e+01 -6.285000000000000142e+01 -1.284299999999999955e+03
-5.967000000000000171e+01 -6.285000000000000142e+01 -1.282769999999999982e+03
-5.960000000000000142e+01 -6.285000000000000142e+01 -1.281299999999999955e+03
-5.950999999999999801e+01 -6.285000000000000142e+01 -1.280269999999999982e+03
-5.937000000000000455e+01 -6.285999999999999943e+01 -1.278789999999999964e+03
-5.932999999999999829e+01 -6.285999999999999943e+01 -1.277269999999999982e+03
-5.920000000000000284e+01 -6.285999999999999943e+01 -1.276309999999999945e+03
-5.907999999999999829e+01 -6.285999999999999943e+01 -1.274789999999999964e+03
-5.898000000000000398e+01 -6.285999999999999943e+01 -1.273279999999999973e+03
-5.889000000000000057e+01 -6.285999999999999943e+01 -1.272289999999999964e+03
-5.880000000000000426e+01 -6.285999999999999943e+01 -1.270809999999999945e+03
-5.868999999999999773e+01 -6.285999999999999943e+01 -1.269269999999999982e+03
-5.859000000000000341e+01 -6.285999999999999943e+01 -1.268269999999999982e+03
-5.850000000000000000e+01 -6.285999999999999943e+01 -1.266769999999999982e+03
-5.839000000000000057e+01 -6.285999999999999943e+01 -1.265309999999999945e+03
-5.835999999999999943e+01 -6.285000000000000142e+01 -1.264930000000000064e+03
-5.843999999999999773e+01 -6.285999999999999943e+01 -1.266309999999999945e+03
-5.855000000000000426e+01 -6.285999999999999943e+01 -1.267809999999999945e+03
-5.857999999999999829e+01 -6.285999999999999943e+01 -1.268789999999999964e+03
-5.875000000000000000e+01 -6.285999999999999943e+01 -1.270279999999999973e+03
-5.882999999999999829e+01 -6.287000000000000455e+01 -1.271819999999999936e+03
-5.893999999999999773e+01 -6.285999999999999943e+01 -1.272829999999999927e+03
-5.898000000000000398e+01 -6.287000000000000455e+01 -1.274289999999999964e+03
-5.917000000000000171e+01 -6.287000000000000455e+01 -1.275839999999999918e+03
-5.925999999999999801e+01 -6.285999999999999943e+01 -1.276819999999999936e+03
-5.932999999999999829e+01 -6.287000000000000455e+01 -1.278339999999999918e+03
-5.941000000000000369e+01 -6.287000000000000455e+01 -1.279819999999999936e+03
-5.952000000000000313e+01 -6.285999999999999943e+01 -1.280789999999999964e+03
-5.964000000000000057e+01 -6.285999999999999943e+01 -1.282350000000000136e+03
-5.971999999999999886e+01 -6.285000000000000142e+01 -1.283829999999999927e+03
-5.977000000000000313e+01 -6.285000000000000142e+01 -1.284779999999999973e+03
-5.988000000000000256e+01 -6.285000000000000142e+01 -1.286329999999999927e+03
-5.998000000000000398e+01 -6.285000000000000142e+01 -1.287809999999999945e+03
-6.003999999999999915e+01 -6.285000000000000142e+01 -1.288789999999999964e+03
-6.007999999999999829e+01 -6.285000000000000142e+01 -1.290240000000000009e+03
-6.025000000000000000e+01 -6.285000000000000142e+01 -1.291759999999999991e+03
-6.034000000000000341e+01 -6.285000000000000142e+01 -1.292750000000000000e+03
-6.035999999999999943e+01 -6.285000000000000142e+01 -1.294279999999999973e+03
-6.046999999999999886e+01 -6.285999999999999943e+01 -1.295779999999999973e+03
-6.053999999999999915e+01 -6.285999999999999943e+01 -1.296710000000000036e+03
-6.059000000000000341e+01 -6.285999999999999943e+01 -1.298230000000000018e+03
-6.077000000000000313e+01 -6.285999999999999943e+01 -1.299789999999999964e+03
-6.081000000000000227e+01 -6.285999999999999943e+01 -1.300740000000000009e+03
-6.091000000000000369e+01 -6.285000000000000142e+01 -1.302259999999999991e+03
-6.103999999999999915e+01 -6.285000000000000142e+01 -1.303740000000000009e+03
-6.110000000000000142e+01 -6.285000000000000142e+01 -1.304759999999999991e+03
-6.114999999999999858e+01 -6.285999999999999943e+01 -1.306250000000000000e+03
-6.134000000000000341e+01 -6.285000000000000142e+01 -1.307730000000000018e+03
-6.139000000000000057e+01 -6.285000000000000142e+01 -1.308730000000000018e+03
-6.142000000000000171e+01 -6.285000000000000142e+01 -1.310210000000000036e+03
-6.150999999999999801e+01 -6.284000000000000341e+01 -1.311200000000000045e+03
-6.166000000000000369e+01 -6.284000000000000341e+01 -1.312759999999999991e+03
-6.171000000000000085e+01 -6.284000000000000341e+01 -1.314089999999999918e+03
-6.175999999999999801e+01 -6.282999999999999829e+01 -1.313769999999999982e+03
-6.167000000000000171e+01 -6.284000000000000341e+01 -1.312250000000000000e+03
-6.148000000000000398e+01 -6.284000000000000341e+01 -1.310690000000000055e+03
-6.142000000000000171e+01 -6.285000000000000142e+01 -1.309680000000000064e+03
-6.139999999999999858e+01 -6.284000000000000341e+01 -1.308230000000000018e+03
-6.121999999999999886e+01 -6.285000000000000142e+01 -1.306680000000000064e+03
-6.114000000000000057e+01 -6.285000000000000142e+01 -1.305710000000000036e+03
-6.110000000000000142e+01 -6.285000000000000142e+01 -1.304210000000000036e+03
-6.096000000000000085e+01 -6.285000000000000142e+01 -1.302720000000000027e+03
-6.088000000000000256e+01 -6.285999999999999943e+01 -1.301720000000000027e+03
-6.080000000000000426e+01 -6.285000000000000142e+01 -1.300210000000000036e+03
-6.066000000000000369e+01 -6.285000000000000142e+01 -1.298779999999999973e+03
-6.060999999999999943e+01 -6.285999999999999943e+01 -1.297730000000000018e+03
-6.052000000000000313e+01 -6.285999999999999943e+01 -1.296210000000000036e+03
-6.041000000000000369e+01 -6.285999999999999943e+01 -1.294720000000000027e+03
-6.039000000000000057e+01 -6.285999999999999943e+01 -1.293769999999999982e+03
-6.030000000000000426e+01 -6.285999999999999943e+01 -1.292259999999999991e+03
-6.016000000000000369e+01 -6.285000000000000142e+01 -1.290769999999999982e+03
-6.012000000000000455e+01 -6.285000000000000142e+01 -1.289740000000000009e+03
-6.003000000000000114e+01 -6.285000000000000142e+01 -1.288259999999999991e+03
-5.993999999999999773e+01 -6.285000000000000142e+01 -1.286789999999999964e+03
-5.987000000000000455e+01 -6.285000000000000142e+01 -1.285779999999999973e+03
-5.981000000000000227e+01 -6.284000000000000341e+01 -1.284269999999999982e+03
-5.967000000000000171e+01 -6.285000000000000142e+01 -1.282789999999999964e+03
-5.962000000000000455e+01 -6.285000000000000142e+01 -1.281799999999999955e+03
-5.950000000000000000e+01 -6.285000000000000142e+01 -1.280279999999999973e+03
-5.935999999999999943e+01 -6.285999999999999943e+01 -1.278799999999999955e+03
-5.932999999999999829e+01 -6.285999999999999943e+01 -1.277829999999999927e+03
-5.920000000000000284e+01 -6.285999999999999943e+01 -1.276309999999999945e+03
-5.907999999999999829e+01 -6.285999999999999943e+01 -1.274809999999999945e+03
-5.903999999999999915e+01 -6.285999999999999943e+01 -1.273789999999999964e+03
-5.889000000000000057e+01 -6.285999999999999943e+01 -1.272289999999999964e+03
-5.878999999999999915e+01 -6.285999999999999943e+01 -1.270799999999999955e+03
-5.871000000000000085e+01 -6.285999999999999943e+01 -1.269759999999999991e+03
-5.859000000000000341e+01 -6.285999999999999943e+01 -1.268259999999999991e+03
-5.850999999999999801e+01 -6.285999999999999943e+01 -1.266799999999999955e+03
-5.846999999999999886e+01 -6.285000000000000142e+01 -1.265829999999999927e+03
-5.835999999999999943e+01 -6.285000000000000142e+01 -1.264950000000000045e+03
-5.843999999999999773e+01 -6.285999999999999943e+01 -1.266299999999999955e+03
-5.849000000000000199e+01 -6.285999999999999943e+01 -1.267329999999999927e+03
-5.859000000000000341e+01 -6.285999999999999943e+01 -1.268779999999999973e+03
-5.875999999999999801e+01 -6.287000000000000455e+01 -1.270289999999999964e+03
-5.884000000000000341e+01 -6.285999999999999943e+01 -1.271339999999999918e+03
-5.892999999999999972e+01 -6.285999999999999943e+01 -1.272819999999999936e+03
-5.898000000000000398e+01 -6.287000000000000455e+01 -1.274279999999999973e+03
-5.907000000000000028e+01 -6.287000000000000455e+01 -1.275329999999999927e+03
-5.928999999999999915e+01 -6.285999999999999943e+01 -1.276789999999999964e+03
-5.932999999999999829e+01 -6.285999999999999943e+01 -1.278289999999999964e+03
-5.938000000000000256e+01 -6.287000000000000455e+01 -1.279299999999999955e+03
-5.953000000000000114e+01 -6.285999999999999943e+01 -1.280819999999999936e+03
-5.962000000000000455e+01 -6.285999999999999943e+01 -1.282319999999999936e+03
-5.971000000000000085e+01 -6.285000000000000142e+01 -1.283319999999999936e+03
-5.978000000000000114e+01 -6.285000000000000142e+01 -1.284809999999999945e+03
-5.987000000000000455e+01 -6.285000000000000142e+01 -1.286329999999999927e+03
-5.995000000000000284e+01 -6.285000000000000142e+01 -1.287289999999999964e+03
-6.003999999999999915e+01 -6.285000000000000142e+01 -1.288789999999999964e+03
-6.009000000000000341e+01 -6.285000000000000142e+01 -1.290240000000000009e+03
-6.017000000000000171e+01 -6.285000000000000142e+01 -1.291279999999999973e+03
-6.032999999999999829e+01 -6.285000000000000142e+01 -1.292769999999999982e+03
-6.037000000000000455e+01 -6.285000000000000142e+01 -1.294250000000000000e+03
-6.039000000000000057e+01 -6.285999999999999943e+01 -1.295269999999999982e+03
-6.053000000000000114e+01 -6.285999999999999943e+01 -1.296730000000000018e+03
-6.060999999999999943e+01 -6.285999999999999943e+01 -1.298250000000000000e+03
-6.067999999999999972e+01 -6.285999999999999943e+01 -1.299230000000000018e+03
-6.080000000000000426e+01 -6.285999999999999943e+01 -1.300720000000000027e+03
-6.092000000000000171e+01 -6.285999999999999943e+01 -1.302259999999999991e+03
-6.099000000000000199e+01 -6.285000000000000142e+01 -1.303259999999999991e+03
-6.107999999999999829e+01 -6.285000000000000142e+01 -1.304730000000000018e+03
-6.116000000000000369e+01 -6.285000000000000142e+01 -1.306200000000000045e+03
-6.127000000000000313e+01 -6.285000000000000142e+01 -1.307240000000000009e+03
-6.138000000000000256e+01 -6.285000000000000142e+01 -1.308720000000000027e+03
-6.142000000000000171e+01 -6.285000000000000142e+01 -1.309730000000000018e+03
-6.150999999999999801e+01 -6.285000000000000142e+01 -1.311220000000000027e+03
-6.167000000000000171e+01 -6.282999999999999829e+01 -1.312740000000000009e+03
-6.170000000000000284e+01 -6.284000000000000341e+01 -1.313710000000000036e+03
-6.175999999999999801e+01 -6.282999999999999829e+01 -1.313740000000000009e+03
-6.164999999999999858e+01 -6.282999999999999829e+01 -1.312210000000000036e+03
-6.153000000000000114e+01 -6.284000000000000341e+01 -1.311200000000000045e+03
-6.142999999999999972e+01 -6.284000000000000341e+01 -1.309680000000000064e+03
-6.139000000000000057e+01 -6.284000000000000341e+01 -1.308680000000000064e+03
-6.128999999999999915e+01 -6.284000000000000341e+01 -1.307240000000000009e+03
-6.114000000000000057e+01 -6.285000000000000142e+01 -1.305730000000000018e+03
-6.110999999999999943e+01 -6.285000000000000142e+01 -1.304700000000000045e+03
-6.100999999999999801e+01 -6.285000000000000142e+01 -1.303259999999999991e+03
-6.089000000000000057e+01 -6.285000000000000142e+01 -1.301750000000000000e+03
-6.082000000000000028e+01 -6.285000000000000142e+01 -1.300710000000000036e+03
-6.071999999999999886e+01 -6.285999999999999943e+01 -1.299220000000000027e+03
-6.060000000000000142e+01 -6.285999999999999943e+01 -1.297759999999999991e+03
-6.053000000000000114e+01 -6.285999999999999943e+01 -1.296750000000000000e+03
-6.042999999999999972e+01 -6.285999999999999943e+01 -1.295230000000000018e+03
-6.039000000000000057e+01 -6.285000000000000142e+01 -1.293779999999999973e+03
-6.035999999999999943e+01 -6.285000000000000142e+01 -1.292710000000000036e+03
-6.021000000000000085e+01 -6.285000000000000142e+01 -1.291250000000000000e+03
-6.012000000000000455e+01 -6.285000000000000142e+01 -1.289750000000000000e+03
-6.007999999999999829e+01 -6.285000000000000142e+01 -1.288769999999999982e+03
-5.996000000000000085e+01 -6.285000000000000142e+01 -1.287309999999999945e+03
-5.987000000000000455e+01 -6.285000000000000142e+01 -1.285799999999999955e+03
-5.982999999999999829e+01 -6.285000000000000142e+01 -1.284789999999999964e+03
-5.971000000000000085e+01 -6.284000000000000341e+01 -1.283279999999999973e+03
-5.962000000000000455e+01 -6.285000000000000142e+01 -1.281799999999999955e+03
-5.953000000000000114e+01 -6.285999999999999943e+01 -1.280789999999999964e+03
-5.942000000000000171e+01 -6.285999999999999943e+01 -1.279279999999999973e+03
-5.932999999999999829e+01 -6.285999999999999943e+01 -1.277819999999999936e+03
-5.928999999999999915e+01 -6.285999999999999943e+01 -1.276799999999999955e+03
-5.909000000000000341e+01 -6.285999999999999943e+01 -1.275289999999999964e+03
-5.903000000000000114e+01 -6.285999999999999943e+01 -1.273799999999999955e+03
-5.889999999999999858e+01 -6.285999999999999943e+01 -1.272299999999999955e+03
-5.882000000000000028e+01 -6.285999999999999943e+01 -1.271299999999999955e+03
-5.871999999999999886e+01 -6.285999999999999943e+01 -1.269759999999999991e+03
-5.857999999999999829e+01 -6.285999999999999943e+01 -1.268259999999999991e+03
-5.855000000000000426e+01 -6.285999999999999943e+01 -1.267319999999999936e+03
-5.846000000000000085e+01 -6.285000000000000142e+01 -1.265809999999999945e+03
-5.837000000000000455e+01 -6.285000000000000142e+01 -1.264940000000000055e+03
-5.842999999999999972e+01 -6.285000000000000142e+01 -1.265809999999999945e+03
-5.849000000000000199e+01 -6.285999999999999943e+01 -1.267279999999999973e+03
-5.859000000000000341e+01 -6.285999999999999943e+01 -1.268759999999999991e+03
-5.870000000000000284e+01 -6.285999999999999943e+01 -1.269759999999999991e+03
-5.885000000000000142e+01 -6.287000000000000455e+01 -1.271329999999999927e+03
-5.889999999999999858e+01 -6.287000000000000455e+01 -1.272299999999999955e+03
-5.899000000000000199e+01 -6.285999999999999943e+01 -1.273789999999999964e+03
-5.906000000000000227e+01 -6.287000000000000455e+01 -1.275279999999999973e+03
-5.920000000000000284e+01 -6.287000000000000455e+01 -1.276299999999999955e+03
-5.932000000000000028e+01 -6.287000000000000455e+01 -1.277819999999999936e+03
-5.939000000000000057e+01 -6.287000000000000455e+01 -1.279329999999999927e+03
-5.950000000000000000e+01 -6.287000000000000455e+01 -1.280329999999999927e+03
-5.957999999999999829e+01 -6.285999999999999943e+01 -1.281789999999999964e+03
-5.970000000000000284e+01 -6.285000000000000142e+01 -1.283289999999999964e+03
-5.980000000000000426e+01 -6.285000000000000142e+01 -1.284299999999999955e+03
-5.982000000000000028e+01 -6.285000000000000142e+01 -1.285789999999999964e+03
-5.995000000000000284e+01 -6.285000000000000142e+01 -1.287309999999999945e+03
-6.003000000000000114e+01 -6.285000000000000142e+01 -1.288289999999999964e+03
-6.007000000000000028e+01 -6.285999999999999943e+01 -1.289779999999999973e+03
-6.017999999999999972e+01 -6.285000000000000142e+01 -1.291240000000000009e+03
-6.030000000000000426e+01 -6.285999999999999943e+01 -1.292240000000000009e+03
-6.035999999999999943e+01 -6.285999999999999943e+01 -1.293779999999999973e+03
-6.039000000000000057e+01 -6.285999999999999943e+01 -1.295259999999999991e+03
-6.050000000000000000e+01 -6.285999999999999943e+01 -1.296240000000000009e+03
-6.060000000000000142e+01 -6.285999999999999943e+01 -1.297769999999999982e+03
-6.066000000000000369e+01 -6.285999999999999943e+01 -1.298740000000000009e+03
-6.075999999999999801e+01 -6.285999999999999943e+01 -1.300230000000000018e+03
-6.085999999999999943e+01 -6.285999999999999943e+01 -1.301730000000000018e+03
-6.099000000000000199e+01 -6.285999999999999943e+01 -1.302740000000000009e+03
-6.106000000000000227e+01 -6.285999999999999943e+01 -1.304259999999999991e+03
-6.114000000000000057e+01 -6.285999999999999943e+01 -1.305750000000000000e+03
-6.123000000000000398e+01 -6.285000000000000142e+01 -1.306730000000000018e+03
-6.134000000000000341e+01 -6.285000000000000142e+01 -1.308250000000000000e+03
-6.142000000000000171e+01 -6.285000000000000142e+01 -1.309690000000000055e+03
-6.150999999999999801e+01 -6.284000000000000341e+01 -1.310710000000000036e+03
-6.160999999999999943e+01 -6.284000000000000341e+01 -1.312210000000000036e+03
-6.170000000000000284e+01 -6.284000000000000341e+01 -1.313710000000000036e+03
-6.171999999999999886e+01 -6.284000000000000341e+01 -1.314110000000000127e+03
-6.167999999999999972e+01 -6.282999999999999829e+01 -1.312740000000000009e+03
-6.153000000000000114e+01 -6.284000000000000341e+01 -1.311210000000000036e+03
-6.145000000000000284e+01 -6.284000000000000341e+01 -1.310250000000000000e+03
-6.139999999999999858e+01 -6.284000000000000341e+01 -1.308730000000000018e+03
-6.128000000000000114e+01 -6.285000000000000142e+01 -1.307230000000000018e+03
-6.118999999999999773e+01 -6.285000000000000142e+01 -1.306240000000000009e+03
-6.112000000000000455e+01 -6.285000000000000142e+01 -1.304720000000000027e+03
-6.106000000000000227e+01 -6.285000000000000142e+01 -1.303710000000000036e+03
-6.092999999999999972e+01 -6.285000000000000142e+01 -1.302250000000000000e+03
-6.084000000000000341e+01 -6.285999999999999943e+01 -1.301240000000000009e+03
-6.077000000000000313e+01 -6.285000000000000142e+01 -1.299750000000000000e+03
-6.066000000000000369e+01 -6.285999999999999943e+01 -1.298759999999999991e+03
-6.057000000000000028e+01 -6.285999999999999943e+01 -1.297250000000000000e+03
-6.049000000000000199e+01 -6.285999999999999943e+01 -1.295740000000000009e+03
-6.041000000000000369e+01 -6.285999999999999943e+01 -1.294759999999999991e+03
-6.035000000000000142e+01 -6.285999999999999943e+01 -1.293259999999999991e+03
-6.027000000000000313e+01 -6.285000000000000142e+01 -1.291750000000000000e+03
-6.017000000000000171e+01 -6.285000000000000142e+01 -1.290779999999999973e+03
-6.007999999999999829e+01 -6.285000000000000142e+01 -1.289269999999999982e+03
-6.002000000000000313e+01 -6.285000000000000142e+01 -1.288269999999999982e+03
-5.995000000000000284e+01 -6.285000000000000142e+01 -1.286809999999999945e+03
-5.984000000000000341e+01 -6.285000000000000142e+01 -1.285269999999999982e+03
-5.982000000000000028e+01 -6.285000000000000142e+01 -1.284329999999999927e+03
-5.966000000000000369e+01 -6.285000000000000142e+01 -1.282799999999999955e+03
-5.960000000000000142e+01 -6.285000000000000142e+01 -1.281279999999999973e+03
-5.949000000000000199e+01 -6.285000000000000142e+01 -1.280279999999999973e+03
-5.935999999999999943e+01 -6.285999999999999943e+01 -1.278819999999999936e+03
-5.932999999999999829e+01 -6.285999999999999943e+01 -1.277339999999999918e+03
-5.918999999999999773e+01 -6.285999999999999943e+01 -1.276299999999999955e+03
-5.907000000000000028e+01 -6.285999999999999943e+01 -1.274809999999999945e+03
-5.898000000000000398e+01 -6.287000000000000455e+01 -1.273299999999999955e+03
-5.889999999999999858e+01 -6.285999999999999943e+01 -1.272319999999999936e+03
-5.878999999999999915e+01 -6.287000000000000455e+01 -1.270789999999999964e+03
-5.870000000000000284e+01 -6.285999999999999943e+01 -1.269279999999999973e+03
-5.860000000000000142e+01 -6.287000000000000455e+01 -1.268299999999999955e+03
-5.850999999999999801e+01 -6.285999999999999943e+01 -1.266799999999999955e+03
-5.839999999999999858e+01 -6.285999999999999943e+01 -1.265329999999999927e+03
-5.835999999999999943e+01 -6.285000000000000142e+01 -1.264950000000000045e+03
-5.843999999999999773e+01 -6.287000000000000455e+01 -1.266289999999999964e+03
-5.855000000000000426e+01 -6.287000000000000455e+01 -1.267779999999999973e+03
-5.857999999999999829e+01 -6.285999999999999943e+01 -1.268740000000000009e+03
-5.875999999999999801e+01 -6.287000000000000455e+01 -1.270289999999999964e+03
-5.881000000000000227e+01 -6.287000000000000455e+01 -1.271819999999999936e+03
-5.893999999999999773e+01 -6.285999999999999943e+01 -1.272789999999999964e+03
-5.900000000000000000e+01 -6.287000000000000455e+01 -1.274299999999999955e+03
-5.914999999999999858e+01 -6.287000000000000455e+01 -1.275819999999999936e+03
-5.928000000000000114e+01 -6.285999999999999943e+01 -1.276799999999999955e+03
-5.931000000000000227e+01 -6.287000000000000455e+01 -1.278289999999999964e+03
-5.942000000000000171e+01 -6.287000000000000455e+01 -1.279809999999999945e+03
-5.952000000000000313e+01 -6.285999999999999943e+01 -1.280789999999999964e+03
-5.964999999999999858e+01 -6.287000000000000455e+01 -1.282289999999999964e+03
-5.971000000000000085e+01 -6.285999999999999943e+01 -1.283799999999999955e+03
-5.977000000000000313e+01 -6.285999999999999943e+01 -1.284769999999999982e+03
-5.987000000000000455e+01 -6.285999999999999943e+01 -1.286309999999999945e+03
-5.995000000000000284e+01 -6.285000000000000142e+01 -1.287269999999999982e+03
-6.003999999999999915e+01 -6.285000000000000142e+01 -1.288779999999999973e+03
-6.007999999999999829e+01 -6.285999999999999943e+01 -1.290210000000000036e+03
-6.018999999999999773e+01 -6.285999999999999943e+01 -1.291250000000000000e+03
-6.032000000000000028e+01 -6.285999999999999943e+01 -1.292750000000000000e+03
-6.035999999999999943e+01 -6.285999999999999943e+01 -1.294259999999999991e+03
-6.038000000000000256e+01 -6.285999999999999943e+01 -1.295210000000000036e+03
-6.055000000000000426e+01 -6.285999999999999943e+01 -1.296769999999999982e+03
-6.059000000000000341e+01 -6.285999999999999943e+01 -1.298269999999999982e+03
-6.068999999999999773e+01 -6.287000000000000455e+01 -1.299220000000000027e+03
-6.082000000000000028e+01 -6.285999999999999943e+01 -1.300710000000000036e+03
-6.088000000000000256e+01 -6.285999999999999943e+01 -1.301730000000000018e+03
-6.098000000000000398e+01 -6.285999999999999943e+01 -1.303230000000000018e+03
-6.106000000000000227e+01 -6.285000000000000142e+01 -1.304210000000000036e+03
-6.113000000000000256e+01 -6.285999999999999943e+01 -1.305690000000000055e+03
-6.123000000000000398e+01 -6.285000000000000142e+01 -1.306730000000000018e+03
-6.135000000000000142e+01 -6.285000000000000142e+01 -1.308210000000000036e+03
-6.138000000000000256e+01 -6.285000000000000142e+01 -1.309200000000000045e+03
-6.150999999999999801e+01 -6.285000000000000142e+01 -1.310670000000000073e+03
-6.163000000000000256e+01 -6.284000000000000341e+01 -1.312220000000000027e+03
-6.166000000000000369e+01 -6.284000000000000341e+01 -1.313250000000000000e+03
-6.171999999999999886e+01 -6.284000000000000341e+01 -1.314140000000000100e+03
-6.167999999999999972e+01 -6.284000000000000341e+01 -1.312710000000000036e+03
-6.163000000000000256e+01 -6.282999999999999829e+01 -1.311740000000000009e+03
-6.145000000000000284e+01 -6.284000000000000341e+01 -1.310190000000000055e+03
-6.139000000000000057e+01 -6.285000000000000142e+01 -1.308700000000000045e+03
-6.134000000000000341e+01 -6.284000000000000341e+01 -1.307740000000000009e+03
-6.117999999999999972e+01 -6.285000000000000142e+01 -1.306220000000000027e+03
-6.112000000000000455e+01 -6.285000000000000142e+01 -1.304690000000000055e+03
-6.106000000000000227e+01 -6.285000000000000142e+01 -1.303720000000000027e+03
-6.092999999999999972e+01 -6.285000000000000142e+01 -1.302240000000000009e+03
-6.082000000000000028e+01 -6.285000000000000142e+01 -1.300720000000000027e+03
-6.077000000000000313e+01 -6.285000000000000142e+01 -1.299700000000000045e+03
-6.062000000000000455e+01 -6.285999999999999943e+01 -1.298240000000000009e+03
-6.053000000000000114e+01 -6.285999999999999943e+01 -1.296720000000000027e+03
-6.050000000000000000e+01 -6.285999999999999943e+01 -1.295750000000000000e+03
-6.038000000000000256e+01 -6.285999999999999943e+01 -1.294259999999999991e+03
-6.035999999999999943e+01 -6.285000000000000142e+01 -1.292779999999999973e+03
-6.027000000000000313e+01 -6.285000000000000142e+01 -1.291750000000000000e+03
-6.010999999999999943e+01 -6.285000000000000142e+01 -1.290259999999999991e+03
-6.009000000000000341e+01 -6.285000000000000142e+01 -1.288769999999999982e+03
-6.003000000000000114e+01 -6.285000000000000142e+01 -1.287819999999999936e+03
-5.988000000000000256e+01 -6.285000000000000142e+01 -1.286299999999999955e+03
-5.984000000000000341e+01 -6.284000000000000341e+01 -1.284759999999999991e+03
-5.971999999999999886e+01 -6.285000000000000142e+01 -1.283309999999999945e+03
-5.966000000000000369e+01 -6.285000000000000142e+01 -1.282329999999999927e+03
-5.953999999999999915e+01 -6.285999999999999943e+01 -1.280799999999999955e+03
-5.941000000000000369e+01 -6.285999999999999943e+01 -1.279329999999999927e+03
-5.937000000000000455e+01 -6.285999999999999943e+01 -1.278309999999999945e+03
-5.928000000000000114e+01 -6.285999999999999943e+01 -1.276829999999999927e+03
-5.909000000000000341e+01 -6.285999999999999943e+01 -1.275309999999999945e+03
-5.903999999999999915e+01 -6.285999999999999943e+01 -1.274299999999999955e+03
-5.896000000000000085e+01 -6.285999999999999943e+01 -1.272809999999999945e+03
-5.882999999999999829e+01 -6.285999999999999943e+01 -1.271309999999999945e+03
-5.878000000000000114e+01 -6.287000000000000455e+01 -1.270309999999999945e+03
-5.860000000000000142e+01 -6.285999999999999943e+01 -1.268769999999999982e+03
-5.853000000000000114e+01 -6.285999999999999943e+01 -1.267289999999999964e+03
-5.852000000000000313e+01 -6.285999999999999943e+01 -1.266339999999999918e+03
-5.837000000000000455e+01 -6.285999999999999943e+01 -1.264980000000000018e+03
-5.842999999999999972e+01 -6.285999999999999943e+01 -1.265779999999999973e+03
-5.846999999999999886e+01 -6.285999999999999943e+01 -1.266809999999999945e+03
-5.853999999999999915e+01 -6.287000000000000455e+01 -1.268269999999999982e+03
-5.870000000000000284e+01 -6.287000000000000455e+01 -1.269779999999999973e+03
-5.878000000000000114e+01 -6.287000000000000455e+01 -1.270789999999999964e+03
-5.889000000000000057e+01 -6.285999999999999943e+01 -1.272289999999999964e+03
-5.899000000000000199e+01 -6.287000000000000455e+01 -1.273799999999999955e+03
-5.903000000000000114e+01 -6.287000000000000455e+01 -1.274779999999999973e+03
-5.921000000000000085e+01 -6.287000000000000455e+01 -1.276319999999999936e+03
-5.932000000000000028e+01 -6.287000000000000455e+01 -1.277829999999999927e+03
-5.935999999999999943e+01 -6.287000000000000455e+01 -1.278789999999999964e+03
-5.949000000000000199e+01 -6.285999999999999943e+01 -1.280299999999999955e+03
-5.956000000000000227e+01 -6.285999999999999943e+01 -1.281250000000000000e+03
-5.966000000000000369e+01 -6.285999999999999943e+01 -1.282819999999999936e+03
-5.971000000000000085e+01 -6.285000000000000142e+01 -1.283789999999999964e+03
-5.982000000000000028e+01 -6.285000000000000142e+01 -1.285289999999999964e+03
-5.989999999999999858e+01 -6.285000000000000142e+01 -1.286769999999999982e+03
-5.998000000000000398e+01 -6.285000000000000142e+01 -1.287779999999999973e+03
-6.006000000000000227e+01 -6.285000000000000142e+01 -1.289250000000000000e+03
-6.014999999999999858e+01 -6.285000000000000142e+01 -1.290750000000000000e+03
-6.027000000000000313e+01 -6.285000000000000142e+01 -1.291759999999999991e+03
-6.032000000000000028e+01 -6.285999999999999943e+01 -1.293259999999999991e+03
-6.035999999999999943e+01 -6.285000000000000142e+01 -1.294250000000000000e+03
-6.046999999999999886e+01 -6.285999999999999943e+01 -1.295759999999999991e+03
-6.053999999999999915e+01 -6.285999999999999943e+01 -1.296740000000000009e+03
-6.060000000000000142e+01 -6.287000000000000455e+01 -1.298259999999999991e+03
-6.077000000000000313e+01 -6.285999999999999943e+01 -1.299710000000000036e+03
-6.081000000000000227e+01 -6.285999999999999943e+01 -1.300740000000000009e+03
-6.092999999999999972e+01 -6.285999999999999943e+01 -1.302279999999999973e+03
-6.105000000000000426e+01 -6.285999999999999943e+01 -1.303750000000000000e+03
-6.107999999999999829e+01 -6.285999999999999943e+01 -1.304750000000000000e+03
-6.116000000000000369e+01 -6.285000000000000142e+01 -1.306240000000000009e+03
-6.127000000000000313e+01 -6.285000000000000142e+01 -1.307200000000000045e+03
-6.138000000000000256e+01 -6.285000000000000142e+01 -1.308730000000000018e+03
-6.142000000000000171e+01 -6.285000000000000142e+01 -1.310190000000000055e+03
-6.150000000000000000e+01 -6.284000000000000341e+01 -1.311190000000000055e+03
-6.167000000000000171e+01 -6.284000000000000341e+01 -1.312700000000000045e+03
-6.170000000000000284e+01 -6.282999999999999829e+01 -1.314069999999999936e+03
-6.175999999999999801e+01 -6.282999999999999829e+01 -1.313750000000000000e+03
-6.166000000000000369e+01 -6.282999999999999829e+01 -1.312240000000000009e+03
-6.149000000000000199e+01 -6.285000000000000142e+01 -1.310720000000000027e+03
-6.142999999999999972e+01 -6.284000000000000341e+01 -1.309730000000000018e+03
-6.139000000000000057e+01 -6.284000000000000341e+01 -1.308220000000000027e+03
-6.123000000000000398e+01 -6.284000000000000341e+01 -1.306750000000000000e+03
-6.114000000000000057e+01 -6.285000000000000142e+01 -1.305750000000000000e+03
-6.112000000000000455e+01 -6.285000000000000142e+01 -1.304230000000000018e+03
-6.096999999999999886e+01 -6.285000000000000142e+01 -1.302769999999999982e+03
-6.087000000000000455e+01 -6.285999999999999943e+01 -1.301750000000000000e+03
-6.081000000000000227e+01 -6.285000000000000142e+01 -1.300230000000000018e+03
-6.066000000000000369e+01 -6.285999999999999943e+01 -1.298779999999999973e+03
-6.059000000000000341e+01 -6.285999999999999943e+01 -1.297750000000000000e+03
-6.053000000000000114e+01 -6.285999999999999943e+01 -1.296250000000000000e+03
-6.041000000000000369e+01 -6.285999999999999943e+01 -1.294730000000000018e+03
-6.039000000000000057e+01 -6.285999999999999943e+01 -1.293789999999999964e+03
-6.032000000000000028e+01 -6.285000000000000142e+01 -1.292279999999999973e+03
-6.016000000000000369e+01 -6.285000000000000142e+01 -1.290759999999999991e+03
-6.012000000000000455e+01 -6.285000000000000142e+01 -1.289779999999999973e+03
-6.003000000000000114e+01 -6.285000000000000142e+01 -1.288259999999999991e+03
-5.996000000000000085e+01 -6.285000000000000142e+01 -1.286839999999999918e+03
-5.987000000000000455e+01 -6.284000000000000341e+01 -1.285759999999999991e+03
-5.981000000000000227e+01 -6.284000000000000341e+01 -1.284289999999999964e+03
-5.971999999999999886e+01 -6.285000000000000142e+01 -1.283350000000000136e+03
-5.962000000000000455e+01 -6.285000000000000142e+01 -1.281839999999999918e+03
-5.950000000000000000e+01 -6.285000000000000142e+01 -1.280309999999999945e+03
-5.941000000000000369e+01 -6.285999999999999943e+01 -1.279319999999999936e+03
-5.934000000000000341e+01 -6.285999999999999943e+01 -1.277819999999999936e+03
-5.920000000000000284e+01 -6.285999999999999943e+01 -1.276339999999999918e+03
-5.909000000000000341e+01 -6.285999999999999943e+01 -1.275319999999999936e+03
-5.902000000000000313e+01 -6.285999999999999943e+01 -1.273779999999999973e+03
-5.891000000000000369e+01 -6.285999999999999943e+01 -1.272309999999999945e+03
-5.882999999999999829e+01 -6.285999999999999943e+01 -1.271319999999999936e+03
-5.873000000000000398e+01 -6.285999999999999943e+01 -1.269819999999999936e+03
-5.859000000000000341e+01 -6.285999999999999943e+01 -1.268279999999999973e+03
-5.853999999999999915e+01 -6.285999999999999943e+01 -1.267309999999999945e+03
-5.846000000000000085e+01 -6.285999999999999943e+01 -1.265839999999999918e+03
-5.837000000000000455e+01 -6.285999999999999943e+01 -1.264940000000000055e+03
-5.842999999999999972e+01 -6.285999999999999943e+01 -1.265809999999999945e+03
-5.849000000000000199e+01 -6.287000000000000455e+01 -1.267269999999999982e+03
-5.859000000000000341e+01 -6.287000000000000455e+01 -1.268750000000000000e+03
-5.870000000000000284e+01 -6.287000000000000455e+01 -1.269769999999999982e+03
-5.882999999999999829e+01 -6.287000000000000455e+01 -1.271309999999999945e+03
-5.893999999999999773e+01 -6.285999999999999943e+01 -1.272789999999999964e+03
-5.898000000000000398e+01 -6.287000000000000455e+01 -1.273779999999999973e+03
-5.909000000000000341e+01 -6.287000000000000455e+01 -1.275250000000000000e+03
-5.928000000000000114e+01 -6.287000000000000455e+01 -1.276799999999999955e+03
-5.931000000000000227e+01 -6.287000000000000455e+01 -1.277779999999999973e+03
-5.938000000000000256e+01 -6.287000000000000455e+01 -1.279259999999999991e+03
-5.952000000000000313e+01 -6.287000000000000455e+01 -1.280779999999999973e+03
-5.959000000000000341e+01 -6.285999999999999943e+01 -1.281799999999999955e+03
-5.971000000000000085e+01 -6.285999999999999943e+01 -1.283319999999999936e+03
-5.978000000000000114e+01 -6.285000000000000142e+01 -1.284750000000000000e+03
-5.981000000000000227e+01 -6.285000000000000142e+01 -1.285779999999999973e+03
-5.995000000000000284e+01 -6.285000000000000142e+01 -1.287269999999999982e+03
-6.003999999999999915e+01 -6.285000000000000142e+01 -1.288240000000000009e+03
-6.006000000000000227e+01 -6.285999999999999943e+01 -1.289750000000000000e+03
-6.014999999999999858e+01 -6.285999999999999943e+01 -1.290750000000000000e+03
-6.031000000000000227e+01 -6.285999999999999943e+01 -1.292259999999999991e+03
-6.035999999999999943e+01 -6.285999999999999943e+01 -1.293730000000000018e+03
-6.041000000000000369e+01 -6.285999999999999943e+01 -1.294750000000000000e+03
-6.049000000000000199e+01 -6.285999999999999943e+01 -1.296220000000000027e+03
-6.059000000000000341e+01 -6.285999999999999943e+01 -1.297710000000000036e+03
-6.067999999999999972e+01 -6.285999999999999943e+01 -1.299200000000000045e+03
-6.075000000000000000e+01 -6.285999999999999943e+01 -1.300190000000000055e+03
-6.085999999999999943e+01 -6.285999999999999943e+01 -1.301720000000000027e+03
-6.099000000000000199e+01 -6.285999999999999943e+01 -1.303210000000000036e+03
-6.106000000000000227e+01 -6.285999999999999943e+01 -1.304210000000000036e+03
-6.113000000000000256e+01 -6.285999999999999943e+01 -1.305680000000000064e+03
-6.128000000000000114e+01 -6.285000000000000142e+01 -1.307200000000000045e+03
-6.135000000000000142e+01 -6.285000000000000142e+01 -1.308180000000000064e+03
-6.141000000000000369e+01 -6.285000000000000142e+01 -1.309640000000000100e+03
-6.150000000000000000e+01 -6.284000000000000341e+01 -1.311170000000000073e+03
-6.166000000000000369e+01 -6.284000000000000341e+01 -1.312650000000000091e+03
-6.170000000000000284e+01 -6.284000000000000341e+01 -1.313710000000000036e+03
-6.177000000000000313e+01 -6.282999999999999829e+01 -1.313750000000000000e+03
-6.167999999999999972e+01 -6.284000000000000341e+01 -1.312269999999999982e+03
-6.153000000000000114e+01 -6.284000000000000341e+01 -1.311210000000000036e+03
-6.142000000000000171e+01 -6.285000000000000142e+01 -1.309730000000000018e+03
-6.139000000000000057e+01 -6.284000000000000341e+01 -1.308220000000000027e+03
-6.128000000000000114e+01 -6.285000000000000142e+01 -1.307259999999999991e+03
-6.114000000000000057e+01 -6.285000000000000142e+01 -1.305769999999999982e+03
-6.112000000000000455e+01 -6.285000000000000142e+01 -1.304740000000000009e+03
-6.102000000000000313e+01 -6.285000000000000142e+01 -1.303259999999999991e+03
-6.092999999999999972e+01 -6.285000000000000142e+01 -1.302259999999999991e+03
-6.082999999999999829e+01 -6.285000000000000142e+01 -1.300720000000000027e+03
-6.071999999999999886e+01 -6.285000000000000142e+01 -1.299259999999999991e+03
-6.063000000000000256e+01 -6.285000000000000142e+01 -1.298230000000000018e+03
-6.053000000000000114e+01 -6.285999999999999943e+01 -1.296740000000000009e+03
-6.042999999999999972e+01 -6.285000000000000142e+01 -1.295250000000000000e+03
-6.038000000000000256e+01 -6.285999999999999943e+01 -1.294279999999999973e+03
-6.035999999999999943e+01 -6.285000000000000142e+01 -1.292809999999999945e+03
-6.021000000000000085e+01 -6.285000000000000142e+01 -1.291279999999999973e+03
-6.012000000000000455e+01 -6.285999999999999943e+01 -1.290289999999999964e+03
-6.009000000000000341e+01 -6.285000000000000142e+01 -1.288789999999999964e+03
-5.996000000000000085e+01 -6.285000000000000142e+01 -1.287319999999999936e+03
-5.987000000000000455e+01 -6.285000000000000142e+01 -1.286269999999999982e+03
-5.985000000000000142e+01 -6.285000000000000142e+01 -1.284829999999999927e+03
-5.974000000000000199e+01 -6.285000000000000142e+01 -1.283829999999999927e+03
-5.967000000000000171e+01 -6.285000000000000142e+01 -1.282339999999999918e+03
-5.953000000000000114e+01 -6.285999999999999943e+01 -1.280829999999999927e+03
-5.943999999999999773e+01 -6.285999999999999943e+01 -1.279819999999999936e+03
-5.938000000000000256e+01 -6.285999999999999943e+01 -1.278339999999999918e+03
-5.927000000000000313e+01 -6.285999999999999943e+01 -1.276819999999999936e+03
-5.914000000000000057e+01 -6.285999999999999943e+01 -1.275839999999999918e+03
-5.905000000000000426e+01 -6.285999999999999943e+01 -1.274329999999999927e+03
-5.898000000000000398e+01 -6.287000000000000455e+01 -1.273339999999999918e+03
-5.888000000000000256e+01 -6.285999999999999943e+01 -1.271799999999999955e+03
-5.880000000000000426e+01 -6.285999999999999943e+01 -1.270789999999999964e+03
-5.870000000000000284e+01 -6.285999999999999943e+01 -1.269289999999999964e+03
-5.853000000000000114e+01 -6.287000000000000455e+01 -1.267819999999999936e+03
-5.850000000000000000e+01 -6.285999999999999943e+01 -1.266809999999999945e+03
-5.839999999999999858e+01 -6.285999999999999943e+01 -1.265339999999999918e+03
-5.830000000000000426e+01 -6.285999999999999943e+01 -1.265240000000000009e+03
-5.842999999999999972e+01 -6.285999999999999943e+01 -1.266250000000000000e+03
-5.853999999999999915e+01 -6.285999999999999943e+01 -1.267759999999999991e+03
-5.867000000000000171e+01 -6.287000000000000455e+01 -1.269279999999999973e+03
-5.877000000000000313e+01 -6.287000000000000455e+01 -1.270269999999999982e+03
-5.881000000000000227e+01 -6.287000000000000455e+01 -1.271759999999999991e+03
-5.896999999999999886e+01 -6.287000000000000455e+01 -1.273259999999999991e+03
-5.899000000000000199e+01 -6.287000000000000455e+01 -1.274250000000000000e+03
-5.916000000000000369e+01 -6.287000000000000455e+01 -1.275769999999999982e+03
-5.928000000000000114e+01 -6.285999999999999943e+01 -1.276779999999999973e+03
-5.932000000000000028e+01 -6.287000000000000455e+01 -1.278279999999999973e+03
-5.941000000000000369e+01 -6.287000000000000455e+01 -1.279750000000000000e+03
-5.955000000000000426e+01 -6.285999999999999943e+01 -1.281259999999999991e+03
-5.964000000000000057e+01 -6.285999999999999943e+01 -1.282299999999999955e+03
-5.971000000000000085e+01 -6.285000000000000142e+01 -1.283759999999999991e+03
-5.980000000000000426e+01 -6.285000000000000142e+01 -1.285250000000000000e+03
-5.991000000000000369e+01 -6.285000000000000142e+01 -1.286789999999999964e+03
-5.996999999999999886e+01 -6.285000000000000142e+01 -1.287740000000000009e+03
-6.006000000000000227e+01 -6.285000000000000142e+01 -1.289250000000000000e+03
-6.013000000000000256e+01 -6.285999999999999943e+01 -1.290750000000000000e+03
-6.025999999999999801e+01 -6.285000000000000142e+01 -1.291720000000000027e+03
-6.032000000000000028e+01 -6.285000000000000142e+01 -1.293250000000000000e+03
-6.039999999999999858e+01 -6.285999999999999943e+01 -1.294740000000000009e+03
-6.046000000000000085e+01 -6.285999999999999943e+01 -1.295720000000000027e+03
-6.056000000000000227e+01 -6.285999999999999943e+01 -1.297220000000000027e+03
-6.059000000000000341e+01 -6.285999999999999943e+01 -1.298190000000000055e+03
-6.075000000000000000e+01 -6.285999999999999943e+01 -1.299700000000000045e+03
-6.082000000000000028e+01 -6.285999999999999943e+01 -1.301200000000000045e+03
-6.092000000000000171e+01 -6.285999999999999943e+01 -1.302259999999999991e+03
-6.103000000000000114e+01 -6.285999999999999943e+01 -1.303700000000000045e+03
-6.107999999999999829e+01 -6.285000000000000142e+01 -1.305200000000000045e+03
-6.114000000000000057e+01 -6.285999999999999943e+01 -1.306200000000000045e+03
-6.134000000000000341e+01 -6.285000000000000142e+01 -1.307720000000000027e+03
-6.138000000000000256e+01 -6.284000000000000341e+01 -1.309180000000000064e+03
-6.141000000000000369e+01 -6.285000000000000142e+01 -1.310160000000000082e+03
-6.160999999999999943e+01 -6.284000000000000341e+01 -1.311700000000000045e+03
-6.167000000000000171e+01 -6.284000000000000341e+01 -1.312750000000000000e+03
-6.171000000000000085e+01 -6.284000000000000341e+01 -1.314069999999999936e+03
-6.171000000000000085e+01 -6.282999999999999829e+01 -1.313259999999999991e+03
-6.167000000000000171e+01 -6.284000000000000341e+01 -1.312250000000000000e+03
-6.149000000000000199e+01 -6.284000000000000341e+01 -1.310730000000000018e+03
-6.141000000000000369e+01 -6.284000000000000341e+01 -1.309230000000000018e+03
-6.139000000000000057e+01 -6.284000000000000341e+01 -1.308240000000000009e+03
-6.123000000000000398e+01 -6.285000000000000142e+01 -1.306779999999999973e+03
-6.113000000000000256e+01 -6.285000000000000142e+01 -1.305259999999999991e+03
-6.110999999999999943e+01 -6.285000000000000142e+01 -1.304250000000000000e+03
-6.096000000000000085e+01 -6.285000000000000142e+01 -1.302769999999999982e+03
-6.085000000000000142e+01 -6.285999999999999943e+01 -1.301240000000000009e+03
-6.081000000000000227e+01 -6.285000000000000142e+01 -1.300240000000000009e+03
-6.067000000000000171e+01 -6.285000000000000142e+01 -1.298769999999999982e+03
-6.057000000000000028e+01 -6.285999999999999943e+01 -1.297279999999999973e+03
-6.053999999999999915e+01 -6.285999999999999943e+01 -1.296279999999999973e+03
-6.041000000000000369e+01 -6.285999999999999943e+01 -1.294799999999999955e+03
-6.035000000000000142e+01 -6.285999999999999943e+01 -1.293269999999999982e+03
-6.031000000000000227e+01 -6.285000000000000142e+01 -1.292259999999999991e+03
-6.016000000000000369e+01 -6.285999999999999943e+01 -1.290779999999999973e+03
-6.009000000000000341e+01 -6.285000000000000142e+01 -1.289289999999999964e+03
-6.003000000000000114e+01 -6.285000000000000142e+01 -1.288279999999999973e+03
-5.993999999999999773e+01 -6.285000000000000142e+01 -1.286809999999999945e+03
-5.988000000000000256e+01 -6.285000000000000142e+01 -1.285799999999999955e+03
-5.980000000000000426e+01 -6.285000000000000142e+01 -1.284329999999999927e+03
-5.968999999999999773e+01 -6.285000000000000142e+01 -1.282850000000000136e+03
-5.963000000000000256e+01 -6.285000000000000142e+01 -1.281839999999999918e+03
-5.950999999999999801e+01 -6.285999999999999943e+01 -1.280329999999999927e+03
-5.935999999999999943e+01 -6.285999999999999943e+01 -1.278829999999999927e+03
-5.934000000000000341e+01 -6.285999999999999943e+01 -1.277839999999999918e+03
-5.921000000000000085e+01 -6.285999999999999943e+01 -1.276360000000000127e+03
-5.909000000000000341e+01 -6.285999999999999943e+01 -1.274829999999999927e+03
-5.903000000000000114e+01 -6.287000000000000455e+01 -1.273839999999999918e+03
-5.889999999999999858e+01 -6.285999999999999943e+01 -1.272319999999999936e+03
-5.880000000000000426e+01 -6.287000000000000455e+01 -1.270819999999999936e+03
-5.873000000000000398e+01 -6.287000000000000455e+01 -1.269789999999999964e+03
-5.859000000000000341e+01 -6.285999999999999943e+01 -1.268309999999999945e+03
-5.852000000000000313e+01 -6.285999999999999943e+01 -1.266860000000000127e+03
-5.846999999999999886e+01 -6.285000000000000142e+01 -1.265860000000000127e+03
-5.837000000000000455e+01 -6.285999999999999943e+01 -1.264920000000000073e+03
-5.845000000000000284e+01 -6.285999999999999943e+01 -1.266240000000000009e+03
-5.848000000000000398e+01 -6.285999999999999943e+01 -1.267269999999999982e+03
-5.860000000000000142e+01 -6.285999999999999943e+01 -1.268759999999999991e+03
-5.875999999999999801e+01 -6.287000000000000455e+01 -1.270269999999999982e+03
-5.882999999999999829e+01 -6.287000000000000455e+01 -1.271279999999999973e+03
-5.892000000000000171e+01 -6.287000000000000455e+01 -1.272759999999999991e+03
-5.899000000000000199e+01 -6.287000000000000455e+01 -1.274269999999999982e+03
-5.907000000000000028e+01 -6.287000000000000455e+01 -1.275279999999999973e+03
-5.928999999999999915e+01 -6.287000000000000455e+01 -1.276799999999999955e+03
-5.934000000000000341e+01 -6.285999999999999943e+01 -1.278279999999999973e+03
-5.938000000000000256e+01 -6.287000000000000455e+01 -1.279259999999999991e+03
-5.953999999999999915e+01 -6.285999999999999943e+01 -1.280779999999999973e+03
-5.963000000000000256e+01 -6.285999999999999943e+01 -1.282289999999999964e+03
-5.971000000000000085e+01 -6.285999999999999943e+01 -1.283299999999999955e+03
-5.978999999999999915e+01 -6.285999999999999943e+01 -1.284759999999999991e+03
-5.987000000000000455e+01 -6.285000000000000142e+01 -1.286250000000000000e+03
-5.995000000000000284e+01 -6.285000000000000142e+01 -1.287240000000000009e+03
-6.003000000000000114e+01 -6.285000000000000142e+01 -1.288740000000000009e+03
-6.010000000000000142e+01 -6.285999999999999943e+01 -1.290259999999999991e+03
-6.017999999999999972e+01 -6.285000000000000142e+01 -1.291220000000000027e+03
-6.032999999999999829e+01 -6.285999999999999943e+01 -1.292710000000000036e+03
-6.035999999999999943e+01 -6.285999999999999943e+01 -1.294230000000000018e+03
-6.038000000000000256e+01 -6.285999999999999943e+01 -1.295200000000000045e+03
-6.053000000000000114e+01 -6.285999999999999943e+01 -1.296720000000000027e+03
-6.059000000000000341e+01 -6.287000000000000455e+01 -1.298220000000000027e+03
-6.067000000000000171e+01 -6.285999999999999943e+01 -1.299160000000000082e+03
-6.081000000000000227e+01 -6.285999999999999943e+01 -1.300710000000000036e+03
-6.085999999999999943e+01 -6.285999999999999943e+01 -1.301700000000000045e+03
-6.098000000000000398e+01 -6.285999999999999943e+01 -1.303190000000000055e+03
-6.109000000000000341e+01 -6.285000000000000142e+01 -1.304720000000000027e+03
-6.113000000000000256e+01 -6.285999999999999943e+01 -1.305710000000000036e+03
-6.127000000000000313e+01 -6.285000000000000142e+01 -1.307230000000000018e+03
-6.138000000000000256e+01 -6.285000000000000142e+01 -1.308700000000000045e+03
-6.142000000000000171e+01 -6.285000000000000142e+01 -1.310150000000000091e+03
-6.150000000000000000e+01 -6.285000000000000142e+01 -1.311150000000000091e+03
-6.166000000000000369e+01 -6.284000000000000341e+01 -1.312680000000000064e+03
-6.170000000000000284e+01 -6.284000000000000341e+01 -1.314089999999999918e+03
-6.175999999999999801e+01 -6.284000000000000341e+01 -1.313789999999999964e+03
-6.167000000000000171e+01 -6.284000000000000341e+01 -1.312250000000000000e+03
-6.149000000000000199e+01 -6.284000000000000341e+01 -1.310750000000000000e+03
-6.142999999999999972e+01 -6.284000000000000341e+01 -1.309740000000000009e+03
-6.139999999999999858e+01 -6.284000000000000341e+01 -1.308259999999999991e+03
-6.123000000000000398e+01 -6.285000000000000142e+01 -1.306789999999999964e+03
-6.114000000000000057e+01 -6.285000000000000142e+01 -1.305740000000000009e+03
-6.110999999999999943e+01 -6.285000000000000142e+01 -1.304289999999999964e+03
-6.100999999999999801e+01 -6.285000000000000142e+01 -1.303289999999999964e+03
-6.085999999999999943e+01 -6.285000000000000142e+01 -1.301740000000000009e+03
-6.080000000000000426e+01 -6.285999999999999943e+01 -1.300279999999999973e+03
-6.071999999999999886e+01 -6.285000000000000142e+01 -1.299269999999999982e+03
-6.060000000000000142e+01 -6.285999999999999943e+01 -1.297799999999999955e+03
-6.053000000000000114e+01 -6.285999999999999943e+01 -1.296259999999999991e+03
-6.043999999999999773e+01 -6.285999999999999943e+01 -1.295289999999999964e+03
-6.038000000000000256e+01 -6.285000000000000142e+01 -1.293789999999999964e+03
-6.032000000000000028e+01 -6.285000000000000142e+01 -1.292279999999999973e+03
-6.020000000000000284e+01 -6.285999999999999943e+01 -1.291269999999999982e+03
-6.010999999999999943e+01 -6.285000000000000142e+01 -1.289769999999999982e+03
-6.009000000000000341e+01 -6.285000000000000142e+01 -1.288819999999999936e+03
-5.996000000000000085e+01 -6.285000000000000142e+01 -1.287329999999999927e+03
-5.988000000000000256e+01 -6.285000000000000142e+01 -1.285850000000000136e+03
-5.985000000000000142e+01 -6.284000000000000341e+01 -1.284829999999999927e+03
-5.971999999999999886e+01 -6.285000000000000142e+01 -1.283370000000000118e+03
-5.962000000000000455e+01 -6.285000000000000142e+01 -1.281829999999999927e+03
-5.953000000000000114e+01 -6.285999999999999943e+01 -1.280829999999999927e+03
-5.941000000000000369e+01 -6.285999999999999943e+01 -1.279339999999999918e+03
-5.934000000000000341e+01 -6.285999999999999943e+01 -1.277829999999999927e+03
-5.927000000000000313e+01 -6.285000000000000142e+01 -1.276809999999999945e+03
-5.910000000000000142e+01 -6.285999999999999943e+01 -1.275299999999999955e+03
-5.902000000000000313e+01 -6.285999999999999943e+01 -1.273850000000000136e+03
-5.896999999999999886e+01 -6.285999999999999943e+01 -1.272839999999999918e+03
-5.882000000000000028e+01 -6.287000000000000455e+01 -1.271329999999999927e+03
-5.877000000000000313e+01 -6.285999999999999943e+01 -1.270289999999999964e+03
-5.860999999999999943e+01 -6.285999999999999943e+01 -1.268779999999999973e+03
-5.855000000000000426e+01 -6.285999999999999943e+01 -1.267339999999999918e+03
-5.850999999999999801e+01 -6.285000000000000142e+01 -1.266319999999999936e+03
-5.838000000000000256e+01 -6.285000000000000142e+01 -1.264980000000000018e+03
-5.842999999999999972e+01 -6.285000000000000142e+01 -1.265740000000000009e+03
-5.846999999999999886e+01 -6.285999999999999943e+01 -1.266720000000000027e+03
-5.852000000000000313e+01 -6.287000000000000455e+01 -1.268230000000000018e+03
-5.867999999999999972e+01 -6.285999999999999943e+01 -1.269230000000000018e+03
-5.878000000000000114e+01 -6.287000000000000455e+01 -1.270759999999999991e+03
-5.888000000000000256e+01 -6.285999999999999943e+01 -1.272259999999999991e+03
-5.896000000000000085e+01 -6.287000000000000455e+01 -1.273259999999999991e+03
-5.903000000000000114e+01 -6.287000000000000455e+01 -1.274750000000000000e+03
-5.920000000000000284e+01 -6.287000000000000455e+01 -1.276269999999999982e+03
-5.928000000000000114e+01 -6.287000000000000455e+01 -1.277279999999999973e+03
-5.935999999999999943e+01 -6.287000000000000455e+01 -1.278759999999999991e+03
-5.948000000000000398e+01 -6.287000000000000455e+01 -1.280269999999999982e+03
-5.957000000000000028e+01 -6.287000000000000455e+01 -1.281269999999999982e+03
-5.964000000000000057e+01 -6.285999999999999943e+01 -1.282779999999999973e+03
-5.977000000000000313e+01 -6.285000000000000142e+01 -1.284279999999999973e+03
-5.981000000000000227e+01 -6.285000000000000142e+01 -1.285240000000000009e+03
-5.991000000000000369e+01 -6.285000000000000142e+01 -1.286750000000000000e+03
-5.998000000000000398e+01 -6.285000000000000142e+01 -1.287769999999999982e+03
-6.005000000000000426e+01 -6.285000000000000142e+01 -1.289220000000000027e+03
-6.014999999999999858e+01 -6.285999999999999943e+01 -1.290730000000000018e+03
-6.025000000000000000e+01 -6.285000000000000142e+01 -1.291730000000000018e+03
-6.031000000000000227e+01 -6.285999999999999943e+01 -1.293240000000000009e+03
-6.041000000000000369e+01 -6.285999999999999943e+01 -1.294710000000000036e+03
-6.045000000000000284e+01 -6.285999999999999943e+01 -1.295690000000000055e+03
-6.053999999999999915e+01 -6.285999999999999943e+01 -1.297190000000000055e+03
-6.064999999999999858e+01 -6.285999999999999943e+01 -1.298680000000000064e+03
-6.075999999999999801e+01 -6.285999999999999943e+01 -1.299680000000000064e+03
-6.081000000000000227e+01 -6.285999999999999943e+01 -1.301180000000000064e+03
-6.098000000000000398e+01 -6.285000000000000142e+01 -1.302720000000000027e+03
-6.103999999999999915e+01 -6.285999999999999943e+01 -1.303710000000000036e+03
-6.106000000000000227e+01 -6.285999999999999943e+01 -1.305140000000000100e+03
-6.124000000000000199e+01 -6.285000000000000142e+01 -1.306690000000000055e+03
-6.134000000000000341e+01 -6.285000000000000142e+01 -1.307640000000000100e+03
-6.137000000000000455e+01 -6.284000000000000341e+01 -1.309140000000000100e+03
-6.149000000000000199e+01 -6.285000000000000142e+01 -1.310650000000000091e+03
-6.160999999999999943e+01 -6.284000000000000341e+01 -1.311690000000000055e+03
-6.167000000000000171e+01 -6.282999999999999829e+01 -1.313170000000000073e+03
-6.173000000000000398e+01 -6.284000000000000341e+01 -1.314430000000000064e+03
