0.000000000000000000e+00 8.997050818733281341e-312 2.600000000000000000e+01
2.971000000000000085e+01 -7.373000000000000398e+01 -1.172360000000000127e+03
-4.491000000000000369e+01 -7.301999999999999602e+01 -1.179589999999999918e+03
-1.185400000000000063e+02 -7.185000000000000853e+01 -1.194789999999999964e+03
-1.902199999999999989e+02 -7.054999999999999716e+01 -1.217120000000000118e+03
-2.592200000000000273e+02 -6.898000000000000398e+01 -1.246740000000000009e+03
2.971000000000000085e+01 -7.371999999999999886e+01 -1.172350000000000136e+03
-4.493999999999999773e+01 -7.303000000000000114e+01 -1.179589999999999918e+03
-1.185400000000000063e+02 -7.184000000000000341e+01 -1.194799999999999955e+03
-1.902100000000000080e+02 -7.054000000000000625e+01 -1.217089999999999918e+03
-2.592099999999999795e+02 -6.898000000000000398e+01 -1.246710000000000036e+03
2.971000000000000085e+01 -7.371999999999999886e+01 -1.172360000000000127e+03
-4.493999999999999773e+01 -7.303000000000000114e+01 -1.179529999999999973e+03
-1.185300000000000011e+02 -7.182999999999999829e+01 -1.194769999999999982e+03
-1.902199999999999989e+02 -7.054000000000000625e+01 -1.217089999999999918e+03
-2.592099999999999795e+02 -6.896999999999999886e+01 -1.246700000000000045e+03
2.971000000000000085e+01 -7.371999999999999886e+01 -1.172319999999999936e+03
-4.493999999999999773e+01 -7.301999999999999602e+01 -1.179559999999999945e+03
-1.185499999999999972e+02 -7.182999999999999829e+01 -1.194769999999999982e+03
-1.902100000000000080e+02 -7.054000000000000625e+01 -1.217069999999999936e+03
-2.592200000000000273e+02 -6.896000000000000796e+01 -1.246710000000000036e+03
2.971000000000000085e+01 -7.371999999999999886e+01 -1.172319999999999936e+03
-4.492999999999999972e+01 -7.301999999999999602e+01 -1.179549999999999955e+03
-1.185499999999999972e+02 -7.182000000000000739e+01 -1.194789999999999964e+03
-1.902199999999999989e+02 -7.053000000000000114e+01 -1.217089999999999918e+03
-2.592099999999999795e+02 -6.896999999999999886e+01 -1.246690000000000055e+03
2.971000000000000085e+01 -7.371000000000000796e+01 -1.172329999999999927e+03
-4.493999999999999773e+01 -7.301999999999999602e+01 -1.179559999999999945e+03
-1.185400000000000063e+02 -7.182000000000000739e+01 -1.194769999999999982e+03
-1.902199999999999989e+02 -7.054000000000000625e+01 -1.217059999999999945e+03
-2.592200000000000273e+02 -6.896999999999999886e+01 -1.246710000000000036e+03
2.971000000000000085e+01 -7.371000000000000796e+01 -1.172329999999999927e+03
-4.493999999999999773e+01 -7.301999999999999602e+01 -1.179559999999999945e+03
-1.185499999999999972e+02 -7.184000000000000341e+01 -1.194789999999999964e+03
-1.902199999999999989e+02 -7.054000000000000625e+01 -1.217079999999999927e+03
-2.592300000000000182e+02 -6.896000000000000796e+01 -1.246720000000000027e+03
2.969999999999999929e+01 -7.371000000000000796e+01 -1.172329999999999927e+03
-4.493999999999999773e+01 -7.301999999999999602e+01 -1.179539999999999964e+03
-1.185499999999999972e+02 -7.182000000000000739e+01 -1.194730000000000018e+03
-1.902199999999999989e+02 -7.053000000000000114e+01 -1.217110000000000127e+03
-2.592200000000000273e+02 -6.896000000000000796e+01 -1.246710000000000036e+03
2.969999999999999929e+01 -7.371999999999999886e+01 -1.172339999999999918e+03
-4.493999999999999773e+01 -7.301999999999999602e+01 -1.179539999999999964e+03
-1.185499999999999972e+02 -7.182000000000000739e+01 -1.194759999999999991e+03
-1.902299999999999898e+02 -7.053000000000000114e+01 -1.217089999999999918e+03
-2.592200000000000273e+02 -6.896999999999999886e+01 -1.246710000000000036e+03
2.969999999999999929e+01 -7.371000000000000796e+01 -1.172329999999999927e+03
-4.489999999999999858e+01 -7.298999999999999488e+01 -1.179539999999999964e+03
-1.185499999999999972e+02 -7.182000000000000739e+01 -1.194769999999999982e+03
-1.902299999999999898e+02 -7.053000000000000114e+01 -1.217069999999999936e+03
-2.592200000000000273e+02 -6.896000000000000796e+01 -1.246660000000000082e+03
