9.970000000000000000e+02
1.372000000000000000e+03
1.642000000000000000e+03
1.936000000000000000e+03
2.362000000000000000e+03
3.304000000000000000e+03
3.676000000000000000e+03
3.949000000000000000e+03
4.243000000000000000e+03
4.669000000000000000e+03
5.611000000000000000e+03
5.983000000000000000e+03
6.256000000000000000e+03
6.550000000000000000e+03
6.973000000000000000e+03
7.915000000000000000e+03
8.290000000000000000e+03
8.560000000000000000e+03
8.854000000000000000e+03
9.280000000000000000e+03
1.022200000000000000e+04
1.059700000000000000e+04
1.086700000000000000e+04
1.116100000000000000e+04
1.158700000000000000e+04
1.252900000000000000e+04
1.290100000000000000e+04
1.317400000000000000e+04
1.346800000000000000e+04
1.389400000000000000e+04
1.483600000000000000e+04
1.520800000000000000e+04
1.548100000000000000e+04
1.577500000000000000e+04
1.619800000000000000e+04
1.714000000000000000e+04
1.751500000000000000e+04
1.778500000000000000e+04
1.807900000000000000e+04
1.850500000000000000e+04
1.944700000000000000e+04
1.981900000000000000e+04
2.009200000000000000e+04
2.038600000000000000e+04
2.081200000000000000e+04
2.175400000000000000e+04
2.212600000000000000e+04
2.239900000000000000e+04
2.269300000000000000e+04
2.311900000000000000e+04
