4.110000000000000000e+02
4.200000000000000000e+02
4.290000000000000000e+02
4.350000000000000000e+02
4.440000000000000000e+02
4.530000000000000000e+02
4.590000000000000000e+02
4.680000000000000000e+02
4.770000000000000000e+02
4.830000000000000000e+02
4.920000000000000000e+02
4.980000000000000000e+02
5.070000000000000000e+02
5.160000000000000000e+02
5.220000000000000000e+02
5.310000000000000000e+02
5.400000000000000000e+02
5.460000000000000000e+02
5.550000000000000000e+02
5.640000000000000000e+02
5.700000000000000000e+02
5.790000000000000000e+02
5.880000000000000000e+02
5.940000000000000000e+02
6.030000000000000000e+02
6.120000000000000000e+02
6.180000000000000000e+02
6.270000000000000000e+02
6.360000000000000000e+02
6.420000000000000000e+02
6.510000000000000000e+02
6.600000000000000000e+02
6.660000000000000000e+02
6.750000000000000000e+02
6.840000000000000000e+02
6.900000000000000000e+02
6.990000000000000000e+02
7.080000000000000000e+02
7.140000000000000000e+02
7.230000000000000000e+02
7.320000000000000000e+02
7.380000000000000000e+02
7.470000000000000000e+02
7.560000000000000000e+02
7.620000000000000000e+02
7.710000000000000000e+02
7.800000000000000000e+02
7.860000000000000000e+02
7.950000000000000000e+02
8.010000000000000000e+02
8.100000000000000000e+02
8.160000000000000000e+02
8.250000000000000000e+02
