3.400000000000000000e+02
3.490000000000000000e+02
3.580000000000000000e+02
3.670000000000000000e+02
3.730000000000000000e+02
3.820000000000000000e+02
3.910000000000000000e+02
3.970000000000000000e+02
4.060000000000000000e+02
4.150000000000000000e+02
4.210000000000000000e+02
4.300000000000000000e+02
4.390000000000000000e+02
4.450000000000000000e+02
4.540000000000000000e+02
4.630000000000000000e+02
4.690000000000000000e+02
4.780000000000000000e+02
4.870000000000000000e+02
4.930000000000000000e+02
5.020000000000000000e+02
5.110000000000000000e+02
5.170000000000000000e+02
5.260000000000000000e+02
5.350000000000000000e+02
5.410000000000000000e+02
5.500000000000000000e+02
5.590000000000000000e+02
5.650000000000000000e+02
5.740000000000000000e+02
5.830000000000000000e+02
5.890000000000000000e+02
5.980000000000000000e+02
6.070000000000000000e+02
6.130000000000000000e+02
6.220000000000000000e+02
6.310000000000000000e+02
6.370000000000000000e+02
6.460000000000000000e+02
6.550000000000000000e+02
6.610000000000000000e+02
6.700000000000000000e+02
6.790000000000000000e+02
6.850000000000000000e+02
6.940000000000000000e+02
7.030000000000000000e+02
7.090000000000000000e+02
7.180000000000000000e+02
7.240000000000000000e+02
7.330000000000000000e+02
7.420000000000000000e+02
7.510000000000000000e+02
7.570000000000000000e+02
7.660000000000000000e+02
7.750000000000000000e+02
7.810000000000000000e+02
7.900000000000000000e+02
7.960000000000000000e+02
8.050000000000000000e+02
8.140000000000000000e+02
8.200000000000000000e+02
8.290000000000000000e+02
8.380000000000000000e+02
8.440000000000000000e+02
8.530000000000000000e+02
8.620000000000000000e+02
8.680000000000000000e+02
8.770000000000000000e+02
8.830000000000000000e+02
8.920000000000000000e+02
9.010000000000000000e+02
9.070000000000000000e+02
9.160000000000000000e+02
9.250000000000000000e+02
9.310000000000000000e+02
9.400000000000000000e+02
9.460000000000000000e+02
9.550000000000000000e+02
9.640000000000000000e+02
9.700000000000000000e+02
9.790000000000000000e+02
9.880000000000000000e+02
9.940000000000000000e+02
1.003000000000000000e+03
1.012000000000000000e+03
1.018000000000000000e+03
1.027000000000000000e+03
1.036000000000000000e+03
1.042000000000000000e+03
1.051000000000000000e+03
1.057000000000000000e+03
1.066000000000000000e+03
1.075000000000000000e+03
1.081000000000000000e+03
1.090000000000000000e+03
1.099000000000000000e+03
1.105000000000000000e+03
1.114000000000000000e+03
1.123000000000000000e+03
1.129000000000000000e+03
1.138000000000000000e+03
1.147000000000000000e+03
1.153000000000000000e+03
1.162000000000000000e+03
1.171000000000000000e+03
1.177000000000000000e+03
1.186000000000000000e+03
1.195000000000000000e+03
1.201000000000000000e+03
1.210000000000000000e+03
1.219000000000000000e+03
1.228000000000000000e+03
1.234000000000000000e+03
1.243000000000000000e+03
1.252000000000000000e+03
1.258000000000000000e+03
1.267000000000000000e+03
1.276000000000000000e+03
1.282000000000000000e+03
1.291000000000000000e+03
1.297000000000000000e+03
1.306000000000000000e+03
1.315000000000000000e+03
1.321000000000000000e+03
1.330000000000000000e+03
1.339000000000000000e+03
1.345000000000000000e+03
1.354000000000000000e+03
1.363000000000000000e+03
1.369000000000000000e+03
1.378000000000000000e+03
1.387000000000000000e+03
1.393000000000000000e+03
1.402000000000000000e+03
1.411000000000000000e+03
1.417000000000000000e+03
1.426000000000000000e+03
1.435000000000000000e+03
1.441000000000000000e+03
1.450000000000000000e+03
1.459000000000000000e+03
1.465000000000000000e+03
1.474000000000000000e+03
1.480000000000000000e+03
1.489000000000000000e+03
1.498000000000000000e+03
1.504000000000000000e+03
1.513000000000000000e+03
1.522000000000000000e+03
1.528000000000000000e+03
1.537000000000000000e+03
1.546000000000000000e+03
1.552000000000000000e+03
1.561000000000000000e+03
1.570000000000000000e+03
1.576000000000000000e+03
1.585000000000000000e+03
1.594000000000000000e+03
1.600000000000000000e+03
1.609000000000000000e+03
1.618000000000000000e+03
1.624000000000000000e+03
1.633000000000000000e+03
1.642000000000000000e+03
1.648000000000000000e+03
1.657000000000000000e+03
1.666000000000000000e+03
1.672000000000000000e+03
1.681000000000000000e+03
1.687000000000000000e+03
1.696000000000000000e+03
1.705000000000000000e+03
1.711000000000000000e+03
1.720000000000000000e+03
1.729000000000000000e+03
1.735000000000000000e+03
1.744000000000000000e+03
1.750000000000000000e+03
1.759000000000000000e+03
1.768000000000000000e+03
1.774000000000000000e+03
1.783000000000000000e+03
1.792000000000000000e+03
1.798000000000000000e+03
1.807000000000000000e+03
1.813000000000000000e+03
1.822000000000000000e+03
1.831000000000000000e+03
1.837000000000000000e+03
1.846000000000000000e+03
1.855000000000000000e+03
1.861000000000000000e+03
1.870000000000000000e+03
1.876000000000000000e+03
1.885000000000000000e+03
1.894000000000000000e+03
1.900000000000000000e+03
1.909000000000000000e+03
1.915000000000000000e+03
1.924000000000000000e+03
1.933000000000000000e+03
1.939000000000000000e+03
1.948000000000000000e+03
1.954000000000000000e+03
1.963000000000000000e+03
1.972000000000000000e+03
1.978000000000000000e+03
1.987000000000000000e+03
1.993000000000000000e+03
2.002000000000000000e+03
2.011000000000000000e+03
2.017000000000000000e+03
2.026000000000000000e+03
2.032000000000000000e+03
2.041000000000000000e+03
2.050000000000000000e+03
2.056000000000000000e+03
2.065000000000000000e+03
2.074000000000000000e+03
2.080000000000000000e+03
2.089000000000000000e+03
2.095000000000000000e+03
2.104000000000000000e+03
2.113000000000000000e+03
2.119000000000000000e+03
2.128000000000000000e+03
2.134000000000000000e+03
2.143000000000000000e+03
2.152000000000000000e+03
2.158000000000000000e+03
2.167000000000000000e+03
2.176000000000000000e+03
2.182000000000000000e+03
2.191000000000000000e+03
2.200000000000000000e+03
2.206000000000000000e+03
2.215000000000000000e+03
2.221000000000000000e+03
2.230000000000000000e+03
2.239000000000000000e+03
2.245000000000000000e+03
2.254000000000000000e+03
2.263000000000000000e+03
2.269000000000000000e+03
2.278000000000000000e+03
2.287000000000000000e+03
2.293000000000000000e+03
2.302000000000000000e+03
2.308000000000000000e+03
2.317000000000000000e+03
2.326000000000000000e+03
2.332000000000000000e+03
2.341000000000000000e+03
2.350000000000000000e+03
2.356000000000000000e+03
2.365000000000000000e+03
2.371000000000000000e+03
2.380000000000000000e+03
2.389000000000000000e+03
2.395000000000000000e+03
2.404000000000000000e+03
2.413000000000000000e+03
2.419000000000000000e+03
2.428000000000000000e+03
2.437000000000000000e+03
2.443000000000000000e+03
2.452000000000000000e+03
2.461000000000000000e+03
2.467000000000000000e+03
2.476000000000000000e+03
2.485000000000000000e+03
2.491000000000000000e+03
2.500000000000000000e+03
2.509000000000000000e+03
2.515000000000000000e+03
2.524000000000000000e+03
2.533000000000000000e+03
2.539000000000000000e+03
2.548000000000000000e+03
2.557000000000000000e+03
2.563000000000000000e+03
2.572000000000000000e+03
2.581000000000000000e+03
2.587000000000000000e+03
2.596000000000000000e+03
2.602000000000000000e+03
2.611000000000000000e+03
2.620000000000000000e+03
2.626000000000000000e+03
2.635000000000000000e+03
2.644000000000000000e+03
2.650000000000000000e+03
2.659000000000000000e+03
2.668000000000000000e+03
2.674000000000000000e+03
2.683000000000000000e+03
2.692000000000000000e+03
2.698000000000000000e+03
2.707000000000000000e+03
2.716000000000000000e+03
2.722000000000000000e+03
2.731000000000000000e+03
2.740000000000000000e+03
2.746000000000000000e+03
2.755000000000000000e+03
2.764000000000000000e+03
2.770000000000000000e+03
2.779000000000000000e+03
2.788000000000000000e+03
2.794000000000000000e+03
2.803000000000000000e+03
2.809000000000000000e+03
2.818000000000000000e+03
2.827000000000000000e+03
2.833000000000000000e+03
2.842000000000000000e+03
2.851000000000000000e+03
2.857000000000000000e+03
2.866000000000000000e+03
2.875000000000000000e+03
2.881000000000000000e+03
2.890000000000000000e+03
2.899000000000000000e+03
2.905000000000000000e+03
2.914000000000000000e+03
2.923000000000000000e+03
2.929000000000000000e+03
2.938000000000000000e+03
2.944000000000000000e+03
2.953000000000000000e+03
2.962000000000000000e+03
2.968000000000000000e+03
2.977000000000000000e+03
2.986000000000000000e+03
2.992000000000000000e+03
3.001000000000000000e+03
3.010000000000000000e+03
3.016000000000000000e+03
3.025000000000000000e+03
3.034000000000000000e+03
3.040000000000000000e+03
3.049000000000000000e+03
3.058000000000000000e+03
3.064000000000000000e+03
3.073000000000000000e+03
3.082000000000000000e+03
3.088000000000000000e+03
3.097000000000000000e+03
3.103000000000000000e+03
3.112000000000000000e+03
3.121000000000000000e+03
3.127000000000000000e+03
3.136000000000000000e+03
3.145000000000000000e+03
3.151000000000000000e+03
3.160000000000000000e+03
3.169000000000000000e+03
3.175000000000000000e+03
3.184000000000000000e+03
3.190000000000000000e+03
3.199000000000000000e+03
3.205000000000000000e+03
3.214000000000000000e+03
3.223000000000000000e+03
3.229000000000000000e+03
3.238000000000000000e+03
3.247000000000000000e+03
3.253000000000000000e+03
3.262000000000000000e+03
3.271000000000000000e+03
3.277000000000000000e+03
3.286000000000000000e+03
3.295000000000000000e+03
3.301000000000000000e+03
3.310000000000000000e+03
3.316000000000000000e+03
3.325000000000000000e+03
3.334000000000000000e+03
3.340000000000000000e+03
3.349000000000000000e+03
3.355000000000000000e+03
3.364000000000000000e+03
3.373000000000000000e+03
3.379000000000000000e+03
3.388000000000000000e+03
3.397000000000000000e+03
3.403000000000000000e+03
3.412000000000000000e+03
3.421000000000000000e+03
3.427000000000000000e+03
3.436000000000000000e+03
3.445000000000000000e+03
3.451000000000000000e+03
3.460000000000000000e+03
3.469000000000000000e+03
3.475000000000000000e+03
3.484000000000000000e+03
3.490000000000000000e+03
3.499000000000000000e+03
3.508000000000000000e+03
3.514000000000000000e+03
3.523000000000000000e+03
3.532000000000000000e+03
3.538000000000000000e+03
3.547000000000000000e+03
3.556000000000000000e+03
3.562000000000000000e+03
3.571000000000000000e+03
3.580000000000000000e+03
3.586000000000000000e+03
3.595000000000000000e+03
3.604000000000000000e+03
3.610000000000000000e+03
3.619000000000000000e+03
3.628000000000000000e+03
3.634000000000000000e+03
3.643000000000000000e+03
3.649000000000000000e+03
3.658000000000000000e+03
3.664000000000000000e+03
3.673000000000000000e+03
3.682000000000000000e+03
3.688000000000000000e+03
3.697000000000000000e+03
3.706000000000000000e+03
3.712000000000000000e+03
3.721000000000000000e+03
3.730000000000000000e+03
3.736000000000000000e+03
3.745000000000000000e+03
3.754000000000000000e+03
3.760000000000000000e+03
3.769000000000000000e+03
3.775000000000000000e+03
3.784000000000000000e+03
3.793000000000000000e+03
3.799000000000000000e+03
3.808000000000000000e+03
3.817000000000000000e+03
3.823000000000000000e+03
3.832000000000000000e+03
3.841000000000000000e+03
3.847000000000000000e+03
3.856000000000000000e+03
3.865000000000000000e+03
3.871000000000000000e+03
3.880000000000000000e+03
3.889000000000000000e+03
3.895000000000000000e+03
3.904000000000000000e+03
3.910000000000000000e+03
3.919000000000000000e+03
3.928000000000000000e+03
3.934000000000000000e+03
3.943000000000000000e+03
3.949000000000000000e+03
3.958000000000000000e+03
3.964000000000000000e+03
3.973000000000000000e+03
3.982000000000000000e+03
3.988000000000000000e+03
3.997000000000000000e+03
4.003000000000000000e+03
4.012000000000000000e+03
4.018000000000000000e+03
4.027000000000000000e+03
4.036000000000000000e+03
4.042000000000000000e+03
4.051000000000000000e+03
4.060000000000000000e+03
4.066000000000000000e+03
4.075000000000000000e+03
4.084000000000000000e+03
4.090000000000000000e+03
4.099000000000000000e+03
4.105000000000000000e+03
4.114000000000000000e+03
4.123000000000000000e+03
4.129000000000000000e+03
4.138000000000000000e+03
4.147000000000000000e+03
4.153000000000000000e+03
4.162000000000000000e+03
4.171000000000000000e+03
4.177000000000000000e+03
4.186000000000000000e+03
4.192000000000000000e+03
4.201000000000000000e+03
4.210000000000000000e+03
4.216000000000000000e+03
4.225000000000000000e+03
4.234000000000000000e+03
4.240000000000000000e+03
4.249000000000000000e+03
4.255000000000000000e+03
4.264000000000000000e+03
4.273000000000000000e+03
4.279000000000000000e+03
4.288000000000000000e+03
4.297000000000000000e+03
4.303000000000000000e+03
4.312000000000000000e+03
4.318000000000000000e+03
4.327000000000000000e+03
4.336000000000000000e+03
4.342000000000000000e+03
4.351000000000000000e+03
4.360000000000000000e+03
4.366000000000000000e+03
4.375000000000000000e+03
4.384000000000000000e+03
4.390000000000000000e+03
4.399000000000000000e+03
4.408000000000000000e+03
4.414000000000000000e+03
4.423000000000000000e+03
4.432000000000000000e+03
4.438000000000000000e+03
4.447000000000000000e+03
4.456000000000000000e+03
4.462000000000000000e+03
4.471000000000000000e+03
4.480000000000000000e+03
4.486000000000000000e+03
4.495000000000000000e+03
4.501000000000000000e+03
4.510000000000000000e+03
4.519000000000000000e+03
4.525000000000000000e+03
4.534000000000000000e+03
4.540000000000000000e+03
4.549000000000000000e+03
4.555000000000000000e+03
4.564000000000000000e+03
4.573000000000000000e+03
4.579000000000000000e+03
4.588000000000000000e+03
4.594000000000000000e+03
4.603000000000000000e+03
4.609000000000000000e+03
4.618000000000000000e+03
4.624000000000000000e+03
4.633000000000000000e+03
4.642000000000000000e+03
4.648000000000000000e+03
4.657000000000000000e+03
4.663000000000000000e+03
4.672000000000000000e+03
4.681000000000000000e+03
4.687000000000000000e+03
4.696000000000000000e+03
4.702000000000000000e+03
4.711000000000000000e+03
4.720000000000000000e+03
4.726000000000000000e+03
4.735000000000000000e+03
4.744000000000000000e+03
4.750000000000000000e+03
4.759000000000000000e+03
4.765000000000000000e+03
4.774000000000000000e+03
4.783000000000000000e+03
4.789000000000000000e+03
4.798000000000000000e+03
4.807000000000000000e+03
4.813000000000000000e+03
4.822000000000000000e+03
4.831000000000000000e+03
4.837000000000000000e+03
4.846000000000000000e+03
4.855000000000000000e+03
4.861000000000000000e+03
4.870000000000000000e+03
4.879000000000000000e+03
4.885000000000000000e+03
4.894000000000000000e+03
4.903000000000000000e+03
4.909000000000000000e+03
4.918000000000000000e+03
4.927000000000000000e+03
4.933000000000000000e+03
4.942000000000000000e+03
4.948000000000000000e+03
4.957000000000000000e+03
4.966000000000000000e+03
4.972000000000000000e+03
4.981000000000000000e+03
4.990000000000000000e+03
4.996000000000000000e+03
5.005000000000000000e+03
5.014000000000000000e+03
5.020000000000000000e+03
5.029000000000000000e+03
5.038000000000000000e+03
5.044000000000000000e+03
5.053000000000000000e+03
5.062000000000000000e+03
5.068000000000000000e+03
5.077000000000000000e+03
5.083000000000000000e+03
5.092000000000000000e+03
5.101000000000000000e+03
5.107000000000000000e+03
5.116000000000000000e+03
5.125000000000000000e+03
5.131000000000000000e+03
5.140000000000000000e+03
5.149000000000000000e+03
5.155000000000000000e+03
5.164000000000000000e+03
5.170000000000000000e+03
5.179000000000000000e+03
5.188000000000000000e+03
5.194000000000000000e+03
5.203000000000000000e+03
5.209000000000000000e+03
5.218000000000000000e+03
5.227000000000000000e+03
5.233000000000000000e+03
5.242000000000000000e+03
5.251000000000000000e+03
5.257000000000000000e+03
5.266000000000000000e+03
5.275000000000000000e+03
5.281000000000000000e+03
5.290000000000000000e+03
5.296000000000000000e+03
5.305000000000000000e+03
5.314000000000000000e+03
5.320000000000000000e+03
5.329000000000000000e+03
5.338000000000000000e+03
5.344000000000000000e+03
5.353000000000000000e+03
5.359000000000000000e+03
5.368000000000000000e+03
5.377000000000000000e+03
5.383000000000000000e+03
5.392000000000000000e+03
5.398000000000000000e+03
5.407000000000000000e+03
5.413000000000000000e+03
5.422000000000000000e+03
5.431000000000000000e+03
5.437000000000000000e+03
5.446000000000000000e+03
5.452000000000000000e+03
5.461000000000000000e+03
5.470000000000000000e+03
5.476000000000000000e+03
5.485000000000000000e+03
5.494000000000000000e+03
5.500000000000000000e+03
5.509000000000000000e+03
5.515000000000000000e+03
5.524000000000000000e+03
5.530000000000000000e+03
5.539000000000000000e+03
5.545000000000000000e+03
5.554000000000000000e+03
5.563000000000000000e+03
5.569000000000000000e+03
5.578000000000000000e+03
5.587000000000000000e+03
5.593000000000000000e+03
5.602000000000000000e+03
5.608000000000000000e+03
5.617000000000000000e+03
5.623000000000000000e+03
5.632000000000000000e+03
5.638000000000000000e+03
5.647000000000000000e+03
5.656000000000000000e+03
5.662000000000000000e+03
5.671000000000000000e+03
5.677000000000000000e+03
5.686000000000000000e+03
5.695000000000000000e+03
5.701000000000000000e+03
5.710000000000000000e+03
5.716000000000000000e+03
5.725000000000000000e+03
5.731000000000000000e+03
5.740000000000000000e+03
5.749000000000000000e+03
5.755000000000000000e+03
5.764000000000000000e+03
5.770000000000000000e+03
5.779000000000000000e+03
5.785000000000000000e+03
5.794000000000000000e+03
5.803000000000000000e+03
5.809000000000000000e+03
5.818000000000000000e+03
5.824000000000000000e+03
5.833000000000000000e+03
5.842000000000000000e+03
5.848000000000000000e+03
5.857000000000000000e+03
5.866000000000000000e+03
5.872000000000000000e+03
5.881000000000000000e+03
5.890000000000000000e+03
5.896000000000000000e+03
5.905000000000000000e+03
5.911000000000000000e+03
5.920000000000000000e+03
5.929000000000000000e+03
5.935000000000000000e+03
5.944000000000000000e+03
5.953000000000000000e+03
5.959000000000000000e+03
5.968000000000000000e+03
5.974000000000000000e+03
5.983000000000000000e+03
5.992000000000000000e+03
5.998000000000000000e+03
6.007000000000000000e+03
6.016000000000000000e+03
6.022000000000000000e+03
6.031000000000000000e+03
6.037000000000000000e+03
6.046000000000000000e+03
6.055000000000000000e+03
6.061000000000000000e+03
6.070000000000000000e+03
6.079000000000000000e+03
6.085000000000000000e+03
6.094000000000000000e+03
6.103000000000000000e+03
6.109000000000000000e+03
6.118000000000000000e+03
6.127000000000000000e+03
6.133000000000000000e+03
6.142000000000000000e+03
6.148000000000000000e+03
6.157000000000000000e+03
6.166000000000000000e+03
6.172000000000000000e+03
6.181000000000000000e+03
6.190000000000000000e+03
6.196000000000000000e+03
6.205000000000000000e+03
6.214000000000000000e+03
6.220000000000000000e+03
6.229000000000000000e+03
6.238000000000000000e+03
6.244000000000000000e+03
6.253000000000000000e+03
6.262000000000000000e+03
6.268000000000000000e+03
6.277000000000000000e+03
6.283000000000000000e+03
6.292000000000000000e+03
6.301000000000000000e+03
6.307000000000000000e+03
6.316000000000000000e+03
6.325000000000000000e+03
6.331000000000000000e+03
6.340000000000000000e+03
6.349000000000000000e+03
6.355000000000000000e+03
6.364000000000000000e+03
6.373000000000000000e+03
6.379000000000000000e+03
6.388000000000000000e+03
6.394000000000000000e+03
6.403000000000000000e+03
6.412000000000000000e+03
6.418000000000000000e+03
6.427000000000000000e+03
6.433000000000000000e+03
6.442000000000000000e+03
6.451000000000000000e+03
6.457000000000000000e+03
6.466000000000000000e+03
6.475000000000000000e+03
6.481000000000000000e+03
6.490000000000000000e+03
6.499000000000000000e+03
6.505000000000000000e+03
6.514000000000000000e+03
6.520000000000000000e+03
6.529000000000000000e+03
6.535000000000000000e+03
6.544000000000000000e+03
6.553000000000000000e+03
6.559000000000000000e+03
6.568000000000000000e+03
6.577000000000000000e+03
6.583000000000000000e+03
