0.000000000000000000e+00 9.721409751404830252e-312 0.000000000000000000e+00
1.619600000000000080e+02 -1.411500000000000057e+02 -1.423610000000000127e+03
1.619600000000000080e+02 -1.411500000000000057e+02 -1.423610000000000127e+03
1.589099999999999966e+02 -1.362299999999999898e+02 -1.423839999999999918e+03
1.589099999999999966e+02 -1.362299999999999898e+02 -1.423839999999999918e+03
1.589099999999999966e+02 -1.362299999999999898e+02 -1.423839999999999918e+03
1.561800000000000068e+02 -1.312100000000000080e+02 -1.424170000000000073e+03
1.561800000000000068e+02 -1.312100000000000080e+02 -1.424170000000000073e+03
1.561800000000000068e+02 -1.312100000000000080e+02 -1.424170000000000073e+03
1.537299999999999898e+02 -1.261700000000000017e+02 -1.424390000000000100e+03
1.537299999999999898e+02 -1.261700000000000017e+02 -1.424390000000000100e+03
1.537299999999999898e+02 -1.261700000000000017e+02 -1.424390000000000100e+03
1.514099999999999966e+02 -1.207000000000000028e+02 -1.424640000000000100e+03
1.514099999999999966e+02 -1.207000000000000028e+02 -1.424640000000000100e+03
1.514099999999999966e+02 -1.207000000000000028e+02 -1.424640000000000100e+03
1.494600000000000080e+02 -1.152600000000000051e+02 -1.424870000000000118e+03
1.494600000000000080e+02 -1.152600000000000051e+02 -1.424870000000000118e+03
1.494600000000000080e+02 -1.152600000000000051e+02 -1.424870000000000118e+03
1.477500000000000000e+02 -1.096099999999999994e+02 -1.425049999999999955e+03
1.477500000000000000e+02 -1.096099999999999994e+02 -1.425049999999999955e+03
1.477500000000000000e+02 -1.096099999999999994e+02 -1.425049999999999955e+03
1.464699999999999989e+02 -1.040700000000000074e+02 -1.425049999999999955e+03
1.464699999999999989e+02 -1.040700000000000074e+02 -1.425049999999999955e+03
1.464699999999999989e+02 -1.040700000000000074e+02 -1.425049999999999955e+03
1.454200000000000159e+02 -9.834000000000000341e+01 -1.425049999999999955e+03
1.454200000000000159e+02 -9.834000000000000341e+01 -1.425049999999999955e+03
1.454200000000000159e+02 -9.834000000000000341e+01 -1.425049999999999955e+03
1.447100000000000080e+02 -9.268000000000000682e+01 -1.425140000000000100e+03
1.447100000000000080e+02 -9.268000000000000682e+01 -1.425140000000000100e+03
1.447100000000000080e+02 -9.268000000000000682e+01 -1.425140000000000100e+03
1.442700000000000102e+02 -8.679000000000000625e+01 -1.425079999999999927e+03
1.442700000000000102e+02 -8.679000000000000625e+01 -1.425079999999999927e+03
1.442700000000000102e+02 -8.679000000000000625e+01 -1.425079999999999927e+03
1.441599999999999966e+02 -8.093999999999999773e+01 -1.424980000000000018e+03
1.441599999999999966e+02 -8.093999999999999773e+01 -1.424980000000000018e+03
1.442400000000000091e+02 -7.845000000000000284e+01 -1.425019999999999982e+03
1.442100000000000080e+02 -8.229000000000000625e+01 -1.425000000000000000e+03
1.442100000000000080e+02 -8.229000000000000625e+01 -1.425000000000000000e+03
1.444000000000000057e+02 -8.817000000000000171e+01 -1.425120000000000118e+03
1.444000000000000057e+02 -8.817000000000000171e+01 -1.425120000000000118e+03
1.449200000000000159e+02 -9.407999999999999829e+01 -1.425180000000000064e+03
1.449200000000000159e+02 -9.407999999999999829e+01 -1.425180000000000064e+03
1.457400000000000091e+02 -9.992000000000000171e+01 -1.425140000000000100e+03
1.457400000000000091e+02 -9.992000000000000171e+01 -1.425140000000000100e+03
1.468000000000000114e+02 -1.055499999999999972e+02 -1.425000000000000000e+03
1.468000000000000114e+02 -1.055499999999999972e+02 -1.425000000000000000e+03
1.482400000000000091e+02 -1.112300000000000040e+02 -1.425019999999999982e+03
1.499699999999999989e+02 -1.167199999999999989e+02 -1.424920000000000073e+03
1.499699999999999989e+02 -1.167199999999999989e+02 -1.424920000000000073e+03
1.520500000000000114e+02 -1.222500000000000000e+02 -1.424680000000000064e+03
1.520500000000000114e+02 -1.222500000000000000e+02 -1.424680000000000064e+03
1.520500000000000114e+02 -1.222500000000000000e+02 -1.424680000000000064e+03
1.543199999999999932e+02 -1.274200000000000017e+02 -1.424410000000000082e+03
1.543199999999999932e+02 -1.274200000000000017e+02 -1.424410000000000082e+03
1.543199999999999932e+02 -1.274200000000000017e+02 -1.424410000000000082e+03
1.568900000000000148e+02 -1.325200000000000102e+02 -1.424240000000000009e+03
1.568900000000000148e+02 -1.325200000000000102e+02 -1.424240000000000009e+03
1.568900000000000148e+02 -1.325200000000000102e+02 -1.424240000000000009e+03
1.597599999999999909e+02 -1.376200000000000045e+02 -1.423920000000000073e+03
1.597599999999999909e+02 -1.376200000000000045e+02 -1.423920000000000073e+03
1.629699999999999989e+02 -1.425999999999999943e+02 -1.423730000000000018e+03
1.637299999999999898e+02 -1.437000000000000171e+02 -1.423660000000000082e+03
1.637299999999999898e+02 -1.437000000000000171e+02 -1.423660000000000082e+03
1.607199999999999989e+02 -1.391700000000000159e+02 -1.423819999999999936e+03
1.607199999999999989e+02 -1.391700000000000159e+02 -1.423819999999999936e+03
1.607199999999999989e+02 -1.391700000000000159e+02 -1.423819999999999936e+03
1.577800000000000011e+02 -1.341800000000000068e+02 -1.424049999999999955e+03
1.577800000000000011e+02 -1.341800000000000068e+02 -1.424049999999999955e+03
1.577800000000000011e+02 -1.341800000000000068e+02 -1.424049999999999955e+03
1.551299999999999955e+02 -1.291200000000000045e+02 -1.424269999999999982e+03
1.551299999999999955e+02 -1.291200000000000045e+02 -1.424269999999999982e+03
1.551299999999999955e+02 -1.291200000000000045e+02 -1.424269999999999982e+03
1.527800000000000011e+02 -1.240000000000000000e+02 -1.424529999999999973e+03
1.527800000000000011e+02 -1.240000000000000000e+02 -1.424529999999999973e+03
1.527800000000000011e+02 -1.240000000000000000e+02 -1.424529999999999973e+03
1.505999999999999943e+02 -1.185199999999999960e+02 -1.424819999999999936e+03
1.487400000000000091e+02 -1.130300000000000011e+02 -1.424960000000000036e+03
1.487400000000000091e+02 -1.130300000000000011e+02 -1.424960000000000036e+03
1.472000000000000171e+02 -1.073500000000000085e+02 -1.425000000000000000e+03
1.460200000000000102e+02 -1.018700000000000045e+02 -1.425029999999999973e+03
1.460200000000000102e+02 -1.018700000000000045e+02 -1.425029999999999973e+03
1.450999999999999943e+02 -9.606000000000000227e+01 -1.425140000000000100e+03
1.445099999999999909e+02 -9.032000000000000739e+01 -1.425160000000000082e+03
1.445099999999999909e+02 -9.032000000000000739e+01 -1.425160000000000082e+03
1.441700000000000159e+02 -8.443000000000000682e+01 -1.424980000000000018e+03
1.442100000000000080e+02 -7.912000000000000455e+01 -1.425000000000000000e+03
1.442100000000000080e+02 -7.912000000000000455e+01 -1.425000000000000000e+03
1.442100000000000080e+02 -7.921000000000000796e+01 -1.425000000000000000e+03
1.442500000000000000e+02 -8.457000000000000739e+01 -1.425049999999999955e+03
1.442500000000000000e+02 -8.457000000000000739e+01 -1.425049999999999955e+03
1.445999999999999943e+02 -9.059000000000000341e+01 -1.425140000000000100e+03
1.445999999999999943e+02 -9.059000000000000341e+01 -1.425140000000000100e+03
1.451899999999999977e+02 -9.635000000000000853e+01 -1.425210000000000036e+03
1.451899999999999977e+02 -9.635000000000000853e+01 -1.425210000000000036e+03
1.451899999999999977e+02 -9.635000000000000853e+01 -1.425210000000000036e+03
1.461299999999999955e+02 -1.021700000000000017e+02 -1.425039999999999964e+03
1.461299999999999955e+02 -1.021700000000000017e+02 -1.425039999999999964e+03
1.473600000000000136e+02 -1.078200000000000074e+02 -1.425059999999999945e+03
1.489000000000000057e+02 -1.134500000000000028e+02 -1.424960000000000036e+03
1.489000000000000057e+02 -1.134500000000000028e+02 -1.424960000000000036e+03
1.507700000000000102e+02 -1.189699999999999989e+02 -1.424799999999999955e+03
1.507700000000000102e+02 -1.189699999999999989e+02 -1.424799999999999955e+03
1.507700000000000102e+02 -1.189699999999999989e+02 -1.424799999999999955e+03
1.529200000000000159e+02 -1.243200000000000074e+02 -1.424519999999999982e+03
1.529200000000000159e+02 -1.243200000000000074e+02 -1.424519999999999982e+03
1.529200000000000159e+02 -1.243200000000000074e+02 -1.424519999999999982e+03
1.552700000000000102e+02 -1.294000000000000057e+02 -1.424350000000000136e+03
1.552700000000000102e+02 -1.294000000000000057e+02 -1.424350000000000136e+03
1.552700000000000102e+02 -1.294000000000000057e+02 -1.424350000000000136e+03
1.580000000000000000e+02 -1.345800000000000125e+02 -1.424160000000000082e+03
1.580000000000000000e+02 -1.345800000000000125e+02 -1.424160000000000082e+03
1.580000000000000000e+02 -1.345800000000000125e+02 -1.424160000000000082e+03
1.610200000000000102e+02 -1.396400000000000148e+02 -1.423839999999999918e+03
1.610200000000000102e+02 -1.396400000000000148e+02 -1.423839999999999918e+03
1.610200000000000102e+02 -1.396400000000000148e+02 -1.423839999999999918e+03
1.637599999999999909e+02 -1.437599999999999909e+02 -1.423640000000000100e+03
1.637599999999999909e+02 -1.437599999999999909e+02 -1.423640000000000100e+03
1.637599999999999909e+02 -1.437599999999999909e+02 -1.423640000000000100e+03
1.626899999999999977e+02 -1.422000000000000171e+02 -1.423620000000000118e+03
1.626899999999999977e+02 -1.422000000000000171e+02 -1.423620000000000118e+03
1.626899999999999977e+02 -1.422000000000000171e+02 -1.423620000000000118e+03
1.594799999999999898e+02 -1.371599999999999966e+02 -1.423900000000000091e+03
1.594799999999999898e+02 -1.371599999999999966e+02 -1.423900000000000091e+03
1.594799999999999898e+02 -1.371599999999999966e+02 -1.423900000000000091e+03
1.567000000000000171e+02 -1.321999999999999886e+02 -1.424089999999999918e+03
1.567000000000000171e+02 -1.321999999999999886e+02 -1.424089999999999918e+03
1.567000000000000171e+02 -1.321999999999999886e+02 -1.424089999999999918e+03
1.541700000000000159e+02 -1.271300000000000097e+02 -1.424380000000000109e+03
1.541700000000000159e+02 -1.271300000000000097e+02 -1.424380000000000109e+03
1.541700000000000159e+02 -1.271300000000000097e+02 -1.424380000000000109e+03
1.518799999999999955e+02 -1.218700000000000045e+02 -1.424519999999999982e+03
1.518799999999999955e+02 -1.218700000000000045e+02 -1.424519999999999982e+03
1.518799999999999955e+02 -1.218700000000000045e+02 -1.424519999999999982e+03
1.498100000000000023e+02 -1.162999999999999972e+02 -1.424880000000000109e+03
1.498100000000000023e+02 -1.162999999999999972e+02 -1.424880000000000109e+03
1.498100000000000023e+02 -1.162999999999999972e+02 -1.424880000000000109e+03
1.480900000000000034e+02 -1.108299999999999983e+02 -1.425000000000000000e+03
1.480900000000000034e+02 -1.108299999999999983e+02 -1.425000000000000000e+03
1.466899999999999977e+02 -1.051400000000000006e+02 -1.425009999999999991e+03
1.456299999999999955e+02 -9.960999999999999943e+01 -1.425049999999999955e+03
1.456299999999999955e+02 -9.960999999999999943e+01 -1.425049999999999955e+03
1.448100000000000023e+02 -9.373000000000000398e+01 -1.425100000000000136e+03
1.443300000000000125e+02 -8.803000000000000114e+01 -1.425039999999999964e+03
1.443300000000000125e+02 -8.803000000000000114e+01 -1.425039999999999964e+03
1.443300000000000125e+02 -8.803000000000000114e+01 -1.425039999999999964e+03
1.441500000000000057e+02 -8.207999999999999829e+01 -1.424910000000000082e+03
1.441500000000000057e+02 -8.207999999999999829e+01 -1.424910000000000082e+03
1.441500000000000057e+02 -8.207999999999999829e+01 -1.424910000000000082e+03
1.442299999999999898e+02 -7.842000000000000171e+01 -1.424920000000000073e+03
1.442299999999999898e+02 -7.842000000000000171e+01 -1.424920000000000073e+03
1.442199999999999989e+02 -8.110000000000000853e+01 -1.425000000000000000e+03
1.443300000000000125e+02 -8.690000000000000568e+01 -1.425110000000000127e+03
1.443300000000000125e+02 -8.690000000000000568e+01 -1.425110000000000127e+03
1.443300000000000125e+02 -8.690000000000000568e+01 -1.425110000000000127e+03
1.447899999999999920e+02 -9.292000000000000171e+01 -1.425150000000000091e+03
1.447899999999999920e+02 -9.292000000000000171e+01 -1.425150000000000091e+03
1.455200000000000102e+02 -9.862999999999999545e+01 -1.425100000000000136e+03
1.455200000000000102e+02 -9.862999999999999545e+01 -1.425100000000000136e+03
1.465800000000000125e+02 -1.044399999999999977e+02 -1.424990000000000009e+03
1.465800000000000125e+02 -1.044399999999999977e+02 -1.424990000000000009e+03
1.479099999999999966e+02 -1.100499999999999972e+02 -1.425100000000000136e+03
1.479099999999999966e+02 -1.100499999999999972e+02 -1.425100000000000136e+03
1.479099999999999966e+02 -1.100499999999999972e+02 -1.425100000000000136e+03
1.495999999999999943e+02 -1.156400000000000006e+02 -1.424890000000000100e+03
1.495999999999999943e+02 -1.156400000000000006e+02 -1.424890000000000100e+03
1.515999999999999943e+02 -1.211000000000000085e+02 -1.424740000000000009e+03
1.515999999999999943e+02 -1.211000000000000085e+02 -1.424740000000000009e+03
1.538499999999999943e+02 -1.264000000000000057e+02 -1.424410000000000082e+03
1.538499999999999943e+02 -1.264000000000000057e+02 -1.424410000000000082e+03
1.563199999999999932e+02 -1.314600000000000080e+02 -1.424269999999999982e+03
1.591800000000000068e+02 -1.366500000000000057e+02 -1.424000000000000000e+03
1.591800000000000068e+02 -1.366500000000000057e+02 -1.424000000000000000e+03
1.623100000000000023e+02 -1.416400000000000148e+02 -1.423789999999999964e+03
1.623100000000000023e+02 -1.416400000000000148e+02 -1.423789999999999964e+03
1.638300000000000125e+02 -1.438600000000000136e+02 -1.423630000000000109e+03
1.638300000000000125e+02 -1.438600000000000136e+02 -1.423630000000000109e+03
1.638300000000000125e+02 -1.438600000000000136e+02 -1.423630000000000109e+03
1.613700000000000045e+02 -1.401899999999999977e+02 -1.423750000000000000e+03
1.613700000000000045e+02 -1.401899999999999977e+02 -1.423750000000000000e+03
1.613700000000000045e+02 -1.401899999999999977e+02 -1.423750000000000000e+03
1.583300000000000125e+02 -1.351800000000000068e+02 -1.424029999999999973e+03
1.583300000000000125e+02 -1.351800000000000068e+02 -1.424029999999999973e+03
1.583300000000000125e+02 -1.351800000000000068e+02 -1.424029999999999973e+03
1.556800000000000068e+02 -1.302199999999999989e+02 -1.424240000000000009e+03
1.556800000000000068e+02 -1.302199999999999989e+02 -1.424240000000000009e+03
1.556800000000000068e+02 -1.302199999999999989e+02 -1.424240000000000009e+03
1.532100000000000080e+02 -1.250199999999999960e+02 -1.424430000000000064e+03
1.532100000000000080e+02 -1.250199999999999960e+02 -1.424430000000000064e+03
1.532100000000000080e+02 -1.250199999999999960e+02 -1.424430000000000064e+03
1.510399999999999920e+02 -1.197000000000000028e+02 -1.424759999999999991e+03
1.510399999999999920e+02 -1.197000000000000028e+02 -1.424759999999999991e+03
1.510399999999999920e+02 -1.197000000000000028e+02 -1.424759999999999991e+03
1.490900000000000034e+02 -1.141200000000000045e+02 -1.424890000000000100e+03
1.490900000000000034e+02 -1.141200000000000045e+02 -1.424890000000000100e+03
1.490900000000000034e+02 -1.141200000000000045e+02 -1.424890000000000100e+03
1.475000000000000000e+02 -1.085499999999999972e+02 -1.424960000000000036e+03
1.475000000000000000e+02 -1.085499999999999972e+02 -1.424960000000000036e+03
1.462199999999999989e+02 -1.028500000000000085e+02 -1.424990000000000009e+03
1.462199999999999989e+02 -1.028500000000000085e+02 -1.424990000000000009e+03
1.462199999999999989e+02 -1.028500000000000085e+02 -1.424990000000000009e+03
1.452800000000000011e+02 -9.729999999999999716e+01 -1.425059999999999945e+03
1.452800000000000011e+02 -9.729999999999999716e+01 -1.425059999999999945e+03
1.446100000000000136e+02 -9.142000000000000171e+01 -1.425029999999999973e+03
1.442400000000000091e+02 -8.573000000000000398e+01 -1.425009999999999991e+03
1.442400000000000091e+02 -8.573000000000000398e+01 -1.425009999999999991e+03
1.442400000000000091e+02 -8.573000000000000398e+01 -1.425009999999999991e+03
1.442000000000000171e+02 -7.990000000000000568e+01 -1.424950000000000045e+03
1.442000000000000171e+02 -7.990000000000000568e+01 -1.424950000000000045e+03
1.442000000000000171e+02 -7.990000000000000568e+01 -1.424950000000000045e+03
1.442500000000000000e+02 -7.854999999999999716e+01 -1.424980000000000018e+03
1.442500000000000000e+02 -7.854999999999999716e+01 -1.424980000000000018e+03
1.442500000000000000e+02 -7.854999999999999716e+01 -1.424980000000000018e+03
1.442100000000000080e+02 -8.346999999999999886e+01 -1.425019999999999982e+03
1.442100000000000080e+02 -8.346999999999999886e+01 -1.425019999999999982e+03
1.442100000000000080e+02 -8.346999999999999886e+01 -1.425019999999999982e+03
1.444900000000000091e+02 -8.926999999999999602e+01 -1.425089999999999918e+03
1.444900000000000091e+02 -8.926999999999999602e+01 -1.425089999999999918e+03
1.450600000000000023e+02 -9.525000000000000000e+01 -1.425110000000000127e+03
1.450600000000000023e+02 -9.525000000000000000e+01 -1.425110000000000127e+03
1.459000000000000057e+02 -1.009300000000000068e+02 -1.425009999999999991e+03
1.459000000000000057e+02 -1.009300000000000068e+02 -1.425009999999999991e+03
1.459000000000000057e+02 -1.009300000000000068e+02 -1.425009999999999991e+03
1.470800000000000125e+02 -1.066700000000000017e+02 -1.424990000000000009e+03
1.470800000000000125e+02 -1.066700000000000017e+02 -1.424990000000000009e+03
1.470800000000000125e+02 -1.066700000000000017e+02 -1.424990000000000009e+03
1.485300000000000011e+02 -1.122199999999999989e+02 -1.425049999999999955e+03
1.485300000000000011e+02 -1.122199999999999989e+02 -1.425049999999999955e+03
1.485300000000000011e+02 -1.122199999999999989e+02 -1.425049999999999955e+03
1.503900000000000148e+02 -1.178900000000000006e+02 -1.424870000000000118e+03
1.503900000000000148e+02 -1.178900000000000006e+02 -1.424870000000000118e+03
1.503900000000000148e+02 -1.178900000000000006e+02 -1.424870000000000118e+03
1.524500000000000171e+02 -1.232000000000000028e+02 -1.424640000000000100e+03
1.524500000000000171e+02 -1.232000000000000028e+02 -1.424640000000000100e+03
1.524500000000000171e+02 -1.232000000000000028e+02 -1.424640000000000100e+03
1.548100000000000023e+02 -1.284200000000000159e+02 -1.424339999999999918e+03
1.548100000000000023e+02 -1.284200000000000159e+02 -1.424339999999999918e+03
1.548100000000000023e+02 -1.284200000000000159e+02 -1.424339999999999918e+03
1.574099999999999966e+02 -1.335000000000000000e+02 -1.424110000000000127e+03
1.574099999999999966e+02 -1.335000000000000000e+02 -1.424110000000000127e+03
1.574099999999999966e+02 -1.335000000000000000e+02 -1.424110000000000127e+03
1.604099999999999966e+02 -1.386800000000000068e+02 -1.423890000000000100e+03
1.604099999999999966e+02 -1.386800000000000068e+02 -1.423890000000000100e+03
1.604099999999999966e+02 -1.386800000000000068e+02 -1.423890000000000100e+03
1.634200000000000159e+02 -1.432500000000000000e+02 -1.423710000000000036e+03
1.632400000000000091e+02 -1.430000000000000000e+02 -1.423670000000000073e+03
1.632400000000000091e+02 -1.430000000000000000e+02 -1.423670000000000073e+03
1.601299999999999955e+02 -1.382299999999999898e+02 -1.423799999999999955e+03
1.601299999999999955e+02 -1.382299999999999898e+02 -1.423799999999999955e+03
1.601299999999999955e+02 -1.382299999999999898e+02 -1.423799999999999955e+03
1.572400000000000091e+02 -1.331899999999999977e+02 -1.424140000000000100e+03
1.572400000000000091e+02 -1.331899999999999977e+02 -1.424140000000000100e+03
1.572400000000000091e+02 -1.331899999999999977e+02 -1.424140000000000100e+03
1.547000000000000171e+02 -1.282299999999999898e+02 -1.424279999999999973e+03
1.547000000000000171e+02 -1.282299999999999898e+02 -1.424279999999999973e+03
1.523000000000000114e+02 -1.228700000000000045e+02 -1.424509999999999991e+03
1.523000000000000114e+02 -1.228700000000000045e+02 -1.424509999999999991e+03
1.523000000000000114e+02 -1.228700000000000045e+02 -1.424509999999999991e+03
1.502199999999999989e+02 -1.174800000000000040e+02 -1.424750000000000000e+03
1.502199999999999989e+02 -1.174800000000000040e+02 -1.424750000000000000e+03
1.502199999999999989e+02 -1.174800000000000040e+02 -1.424750000000000000e+03
1.484000000000000057e+02 -1.118700000000000045e+02 -1.424930000000000064e+03
1.484000000000000057e+02 -1.118700000000000045e+02 -1.424930000000000064e+03
1.484000000000000057e+02 -1.118700000000000045e+02 -1.424930000000000064e+03
1.469799999999999898e+02 -1.063599999999999994e+02 -1.425009999999999991e+03
1.469799999999999898e+02 -1.063599999999999994e+02 -1.425009999999999991e+03
1.469799999999999898e+02 -1.063599999999999994e+02 -1.425009999999999991e+03
1.458100000000000023e+02 -1.006500000000000057e+02 -1.425009999999999991e+03
1.458100000000000023e+02 -1.006500000000000057e+02 -1.425009999999999991e+03
1.458100000000000023e+02 -1.006500000000000057e+02 -1.425009999999999991e+03
1.450000000000000000e+02 -9.504000000000000625e+01 -1.425130000000000109e+03
1.450000000000000000e+02 -9.504000000000000625e+01 -1.425130000000000109e+03
1.450000000000000000e+02 -9.504000000000000625e+01 -1.425130000000000109e+03
1.444300000000000068e+02 -8.907000000000000739e+01 -1.425079999999999927e+03
1.444300000000000068e+02 -8.907000000000000739e+01 -1.425079999999999927e+03
1.444300000000000068e+02 -8.907000000000000739e+01 -1.425079999999999927e+03
1.441700000000000159e+02 -8.337000000000000455e+01 -1.424960000000000036e+03
1.441700000000000159e+02 -8.337000000000000455e+01 -1.424960000000000036e+03
1.441700000000000159e+02 -8.337000000000000455e+01 -1.424960000000000036e+03
1.442299999999999898e+02 -7.851999999999999602e+01 -1.424980000000000018e+03
1.442299999999999898e+02 -7.851999999999999602e+01 -1.424980000000000018e+03
1.442299999999999898e+02 -7.851999999999999602e+01 -1.424980000000000018e+03
1.442299999999999898e+02 -8.007000000000000739e+01 -1.425069999999999936e+03
1.442299999999999898e+02 -8.007000000000000739e+01 -1.425069999999999936e+03
1.442299999999999898e+02 -8.007000000000000739e+01 -1.425069999999999936e+03
1.442899999999999920e+02 -8.576999999999999602e+01 -1.425089999999999918e+03
1.442899999999999920e+02 -8.576999999999999602e+01 -1.425089999999999918e+03
1.442899999999999920e+02 -8.576999999999999602e+01 -1.425089999999999918e+03
1.446899999999999977e+02 -9.168999999999999773e+01 -1.425130000000000109e+03
1.446899999999999977e+02 -9.168999999999999773e+01 -1.425130000000000109e+03
1.446899999999999977e+02 -9.168999999999999773e+01 -1.425130000000000109e+03
1.453600000000000136e+02 -9.751999999999999602e+01 -1.425160000000000082e+03
1.453600000000000136e+02 -9.751999999999999602e+01 -1.425160000000000082e+03
1.453600000000000136e+02 -9.751999999999999602e+01 -1.425160000000000082e+03
1.463300000000000125e+02 -1.031800000000000068e+02 -1.425069999999999936e+03
1.463300000000000125e+02 -1.031800000000000068e+02 -1.425069999999999936e+03
1.463300000000000125e+02 -1.031800000000000068e+02 -1.425069999999999936e+03
1.476200000000000045e+02 -1.089399999999999977e+02 -1.425029999999999973e+03
1.476200000000000045e+02 -1.089399999999999977e+02 -1.425029999999999973e+03
1.476200000000000045e+02 -1.089399999999999977e+02 -1.425029999999999973e+03
1.492100000000000080e+02 -1.144500000000000028e+02 -1.424910000000000082e+03
1.492100000000000080e+02 -1.144500000000000028e+02 -1.424910000000000082e+03
1.492100000000000080e+02 -1.144500000000000028e+02 -1.424910000000000082e+03
1.511800000000000068e+02 -1.200400000000000063e+02 -1.424750000000000000e+03
1.511800000000000068e+02 -1.200400000000000063e+02 -1.424750000000000000e+03
1.511800000000000068e+02 -1.200400000000000063e+02 -1.424750000000000000e+03
1.533499999999999943e+02 -1.252999999999999972e+02 -1.424539999999999964e+03
1.533499999999999943e+02 -1.252999999999999972e+02 -1.424539999999999964e+03
1.533499999999999943e+02 -1.252999999999999972e+02 -1.424539999999999964e+03
1.558100000000000023e+02 -1.304699999999999989e+02 -1.424269999999999982e+03
1.558100000000000023e+02 -1.304699999999999989e+02 -1.424269999999999982e+03
1.558100000000000023e+02 -1.304699999999999989e+02 -1.424269999999999982e+03
1.585699999999999932e+02 -1.355699999999999932e+02 -1.424039999999999964e+03
1.585699999999999932e+02 -1.355699999999999932e+02 -1.424039999999999964e+03
1.585699999999999932e+02 -1.355699999999999932e+02 -1.424039999999999964e+03
1.616599999999999966e+02 -1.406400000000000148e+02 -1.423850000000000136e+03
1.616599999999999966e+02 -1.406400000000000148e+02 -1.423850000000000136e+03
1.638700000000000045e+02 -1.439099999999999966e+02 -1.423640000000000100e+03
1.638700000000000045e+02 -1.439099999999999966e+02 -1.423640000000000100e+03
1.620099999999999909e+02 -1.411800000000000068e+02 -1.423630000000000109e+03
1.620099999999999909e+02 -1.411800000000000068e+02 -1.423630000000000109e+03
1.620099999999999909e+02 -1.411800000000000068e+02 -1.423630000000000109e+03
1.589399999999999977e+02 -1.362199999999999989e+02 -1.423960000000000036e+03
1.589399999999999977e+02 -1.362199999999999989e+02 -1.423960000000000036e+03
1.589399999999999977e+02 -1.362199999999999989e+02 -1.423960000000000036e+03
1.561800000000000068e+02 -1.311999999999999886e+02 -1.424230000000000018e+03
1.561800000000000068e+02 -1.311999999999999886e+02 -1.424230000000000018e+03
1.561800000000000068e+02 -1.311999999999999886e+02 -1.424230000000000018e+03
1.537400000000000091e+02 -1.261800000000000068e+02 -1.424420000000000073e+03
1.537400000000000091e+02 -1.261800000000000068e+02 -1.424420000000000073e+03
1.514099999999999966e+02 -1.207000000000000028e+02 -1.424650000000000091e+03
1.514099999999999966e+02 -1.207000000000000028e+02 -1.424650000000000091e+03
1.494699999999999989e+02 -1.152699999999999960e+02 -1.424920000000000073e+03
1.494699999999999989e+02 -1.152699999999999960e+02 -1.424920000000000073e+03
1.477800000000000011e+02 -1.096700000000000017e+02 -1.425019999999999982e+03
1.464799999999999898e+02 -1.041099999999999994e+02 -1.424980000000000018e+03
1.464799999999999898e+02 -1.041099999999999994e+02 -1.424980000000000018e+03
1.464799999999999898e+02 -1.041099999999999994e+02 -1.424980000000000018e+03
1.454300000000000068e+02 -9.839000000000000057e+01 -1.425049999999999955e+03
1.454300000000000068e+02 -9.839000000000000057e+01 -1.425049999999999955e+03
1.447100000000000080e+02 -9.271000000000000796e+01 -1.425069999999999936e+03
1.442800000000000011e+02 -8.685000000000000853e+01 -1.425120000000000118e+03
1.442800000000000011e+02 -8.685000000000000853e+01 -1.425120000000000118e+03
1.441700000000000159e+02 -8.098999999999999488e+01 -1.424990000000000009e+03
1.442400000000000091e+02 -7.843000000000000682e+01 -1.425000000000000000e+03
1.442400000000000091e+02 -7.843000000000000682e+01 -1.425000000000000000e+03
1.442199999999999989e+02 -8.221000000000000796e+01 -1.424950000000000045e+03
1.444099999999999966e+02 -8.809000000000000341e+01 -1.425160000000000082e+03
1.444099999999999966e+02 -8.809000000000000341e+01 -1.425160000000000082e+03
1.449000000000000057e+02 -9.401999999999999602e+01 -1.425120000000000118e+03
1.449000000000000057e+02 -9.401999999999999602e+01 -1.425120000000000118e+03
1.457299999999999898e+02 -9.985999999999999943e+01 -1.425089999999999918e+03
1.468100000000000023e+02 -1.054900000000000091e+02 -1.424980000000000018e+03
1.468100000000000023e+02 -1.054900000000000091e+02 -1.424980000000000018e+03
1.482299999999999898e+02 -1.111800000000000068e+02 -1.425059999999999945e+03
1.482299999999999898e+02 -1.111800000000000068e+02 -1.425059999999999945e+03
1.499500000000000171e+02 -1.166700000000000017e+02 -1.424910000000000082e+03
1.499500000000000171e+02 -1.166700000000000017e+02 -1.424910000000000082e+03
1.499500000000000171e+02 -1.166700000000000017e+02 -1.424910000000000082e+03
1.520300000000000011e+02 -1.221800000000000068e+02 -1.424650000000000091e+03
1.520300000000000011e+02 -1.221800000000000068e+02 -1.424650000000000091e+03
1.520300000000000011e+02 -1.221800000000000068e+02 -1.424650000000000091e+03
1.543100000000000023e+02 -1.273800000000000097e+02 -1.424420000000000073e+03
1.543100000000000023e+02 -1.273800000000000097e+02 -1.424420000000000073e+03
1.543100000000000023e+02 -1.273800000000000097e+02 -1.424420000000000073e+03
1.568499999999999943e+02 -1.324600000000000080e+02 -1.424200000000000045e+03
1.568499999999999943e+02 -1.324600000000000080e+02 -1.424200000000000045e+03
1.597400000000000091e+02 -1.375800000000000125e+02 -1.423930000000000064e+03
1.597400000000000091e+02 -1.375800000000000125e+02 -1.423930000000000064e+03
1.629399999999999977e+02 -1.425699999999999932e+02 -1.423730000000000018e+03
1.629399999999999977e+02 -1.425699999999999932e+02 -1.423730000000000018e+03
1.637599999999999909e+02 -1.437400000000000091e+02 -1.423650000000000091e+03
1.637599999999999909e+02 -1.437400000000000091e+02 -1.423650000000000091e+03
1.637599999999999909e+02 -1.437400000000000091e+02 -1.423650000000000091e+03
1.607500000000000000e+02 -1.392100000000000080e+02 -1.423779999999999973e+03
1.607500000000000000e+02 -1.392100000000000080e+02 -1.423779999999999973e+03
1.607500000000000000e+02 -1.392100000000000080e+02 -1.423779999999999973e+03
1.578000000000000114e+02 -1.342299999999999898e+02 -1.424029999999999973e+03
1.578000000000000114e+02 -1.342299999999999898e+02 -1.424029999999999973e+03
1.578000000000000114e+02 -1.342299999999999898e+02 -1.424029999999999973e+03
1.551599999999999966e+02 -1.291800000000000068e+02 -1.424269999999999982e+03
1.551599999999999966e+02 -1.291800000000000068e+02 -1.424269999999999982e+03
1.551599999999999966e+02 -1.291800000000000068e+02 -1.424269999999999982e+03
1.528000000000000114e+02 -1.240400000000000063e+02 -1.424569999999999936e+03
1.528000000000000114e+02 -1.240400000000000063e+02 -1.424569999999999936e+03
1.528000000000000114e+02 -1.240400000000000063e+02 -1.424569999999999936e+03
1.505999999999999943e+02 -1.185600000000000023e+02 -1.424710000000000036e+03
1.505999999999999943e+02 -1.185600000000000023e+02 -1.424710000000000036e+03
1.505999999999999943e+02 -1.185600000000000023e+02 -1.424710000000000036e+03
1.487599999999999909e+02 -1.130799999999999983e+02 -1.424900000000000091e+03
1.487599999999999909e+02 -1.130799999999999983e+02 -1.424900000000000091e+03
1.487599999999999909e+02 -1.130799999999999983e+02 -1.424900000000000091e+03
1.472100000000000080e+02 -1.074099999999999966e+02 -1.424970000000000027e+03
1.472100000000000080e+02 -1.074099999999999966e+02 -1.424970000000000027e+03
1.472100000000000080e+02 -1.074099999999999966e+02 -1.424970000000000027e+03
1.460300000000000011e+02 -1.018900000000000006e+02 -1.425029999999999973e+03
1.460300000000000011e+02 -1.018900000000000006e+02 -1.425029999999999973e+03
1.460300000000000011e+02 -1.018900000000000006e+02 -1.425029999999999973e+03
1.451100000000000136e+02 -9.610999999999999943e+01 -1.425200000000000045e+03
1.451100000000000136e+02 -9.610999999999999943e+01 -1.425200000000000045e+03
1.451100000000000136e+02 -9.610999999999999943e+01 -1.425200000000000045e+03
1.445099999999999909e+02 -9.035999999999999943e+01 -1.425130000000000109e+03
1.445099999999999909e+02 -9.035999999999999943e+01 -1.425130000000000109e+03
1.441899999999999977e+02 -8.448999999999999488e+01 -1.425039999999999964e+03
1.441899999999999977e+02 -8.448999999999999488e+01 -1.425039999999999964e+03
1.442000000000000171e+02 -7.910999999999999943e+01 -1.424990000000000009e+03
1.442000000000000171e+02 -7.910999999999999943e+01 -1.424990000000000009e+03
1.442199999999999989e+02 -7.910999999999999943e+01 -1.425049999999999955e+03
1.442199999999999989e+02 -7.910999999999999943e+01 -1.425049999999999955e+03
1.442199999999999989e+02 -7.910999999999999943e+01 -1.425049999999999955e+03
1.442400000000000091e+02 -8.450000000000000000e+01 -1.425039999999999964e+03
1.442400000000000091e+02 -8.450000000000000000e+01 -1.425039999999999964e+03
1.442400000000000091e+02 -8.450000000000000000e+01 -1.425039999999999964e+03
1.445900000000000034e+02 -9.051000000000000512e+01 -1.425170000000000073e+03
1.445900000000000034e+02 -9.051000000000000512e+01 -1.425170000000000073e+03
1.445900000000000034e+02 -9.051000000000000512e+01 -1.425170000000000073e+03
1.451899999999999977e+02 -9.629999999999999716e+01 -1.425259999999999991e+03
1.451899999999999977e+02 -9.629999999999999716e+01 -1.425259999999999991e+03
1.461200000000000045e+02 -1.020900000000000034e+02 -1.425059999999999945e+03
1.473300000000000125e+02 -1.077699999999999960e+02 -1.425029999999999973e+03
1.473300000000000125e+02 -1.077699999999999960e+02 -1.425029999999999973e+03
1.488900000000000148e+02 -1.134000000000000057e+02 -1.424980000000000018e+03
1.507599999999999909e+02 -1.189300000000000068e+02 -1.424809999999999945e+03
1.507599999999999909e+02 -1.189300000000000068e+02 -1.424809999999999945e+03
1.528900000000000148e+02 -1.242500000000000000e+02 -1.424509999999999991e+03
1.528900000000000148e+02 -1.242500000000000000e+02 -1.424509999999999991e+03
1.552500000000000000e+02 -1.293499999999999943e+02 -1.424299999999999955e+03
1.579699999999999989e+02 -1.345300000000000011e+02 -1.424130000000000109e+03
1.579699999999999989e+02 -1.345300000000000011e+02 -1.424130000000000109e+03
1.610000000000000000e+02 -1.396100000000000136e+02 -1.423839999999999918e+03
1.610000000000000000e+02 -1.396100000000000136e+02 -1.423839999999999918e+03
1.637700000000000102e+02 -1.437500000000000000e+02 -1.423700000000000045e+03
1.627500000000000000e+02 -1.422700000000000102e+02 -1.423680000000000064e+03
1.627500000000000000e+02 -1.422700000000000102e+02 -1.423680000000000064e+03
1.595099999999999909e+02 -1.371800000000000068e+02 -1.423910000000000082e+03
1.567299999999999898e+02 -1.322500000000000000e+02 -1.424089999999999918e+03
1.567299999999999898e+02 -1.322500000000000000e+02 -1.424089999999999918e+03
1.542000000000000171e+02 -1.271700000000000017e+02 -1.424360000000000127e+03
1.542000000000000171e+02 -1.271700000000000017e+02 -1.424360000000000127e+03
1.519099999999999966e+02 -1.219300000000000068e+02 -1.424549999999999955e+03
1.519099999999999966e+02 -1.219300000000000068e+02 -1.424549999999999955e+03
1.498199999999999932e+02 -1.163400000000000034e+02 -1.424819999999999936e+03
1.498199999999999932e+02 -1.163400000000000034e+02 -1.424819999999999936e+03
1.480999999999999943e+02 -1.108599999999999994e+02 -1.424970000000000027e+03
1.480999999999999943e+02 -1.108599999999999994e+02 -1.424970000000000027e+03
1.480999999999999943e+02 -1.108599999999999994e+02 -1.424970000000000027e+03
1.467000000000000171e+02 -1.051800000000000068e+02 -1.424990000000000009e+03
1.467000000000000171e+02 -1.051800000000000068e+02 -1.424990000000000009e+03
1.467000000000000171e+02 -1.051800000000000068e+02 -1.424990000000000009e+03
1.456400000000000148e+02 -9.965999999999999659e+01 -1.425100000000000136e+03
1.456400000000000148e+02 -9.965999999999999659e+01 -1.425100000000000136e+03
1.456400000000000148e+02 -9.965999999999999659e+01 -1.425100000000000136e+03
1.448300000000000125e+02 -9.379999999999999716e+01 -1.425110000000000127e+03
1.448300000000000125e+02 -9.379999999999999716e+01 -1.425110000000000127e+03
1.448300000000000125e+02 -9.379999999999999716e+01 -1.425110000000000127e+03
1.443300000000000125e+02 -8.804000000000000625e+01 -1.425049999999999955e+03
1.443300000000000125e+02 -8.804000000000000625e+01 -1.425049999999999955e+03
1.443300000000000125e+02 -8.804000000000000625e+01 -1.425049999999999955e+03
1.441299999999999955e+02 -8.212999999999999545e+01 -1.424940000000000055e+03
1.441299999999999955e+02 -8.212999999999999545e+01 -1.424940000000000055e+03
1.442400000000000091e+02 -7.839000000000000057e+01 -1.425009999999999991e+03
1.442400000000000091e+02 -7.839000000000000057e+01 -1.425009999999999991e+03
1.442400000000000091e+02 -7.839000000000000057e+01 -1.425009999999999991e+03
1.442199999999999989e+02 -8.107000000000000739e+01 -1.425019999999999982e+03
1.442199999999999989e+02 -8.107000000000000739e+01 -1.425019999999999982e+03
1.443300000000000125e+02 -8.685000000000000853e+01 -1.425059999999999945e+03
1.447700000000000102e+02 -9.285000000000000853e+01 -1.425069999999999936e+03
1.447700000000000102e+02 -9.285000000000000853e+01 -1.425069999999999936e+03
1.455300000000000011e+02 -9.860000000000000853e+01 -1.425170000000000073e+03
1.465600000000000023e+02 -1.043700000000000045e+02 -1.425029999999999973e+03
1.465600000000000023e+02 -1.043700000000000045e+02 -1.425029999999999973e+03
1.478900000000000148e+02 -1.099900000000000091e+02 -1.425069999999999936e+03
1.495900000000000034e+02 -1.155799999999999983e+02 -1.424910000000000082e+03
1.495900000000000034e+02 -1.155799999999999983e+02 -1.424910000000000082e+03
1.515800000000000125e+02 -1.210600000000000023e+02 -1.424740000000000009e+03
1.538400000000000034e+02 -1.263500000000000085e+02 -1.424450000000000045e+03
1.538400000000000034e+02 -1.263500000000000085e+02 -1.424450000000000045e+03
1.562899999999999920e+02 -1.314099999999999966e+02 -1.424230000000000018e+03
1.562899999999999920e+02 -1.314099999999999966e+02 -1.424230000000000018e+03
1.591599999999999966e+02 -1.365999999999999943e+02 -1.423990000000000009e+03
1.591599999999999966e+02 -1.365999999999999943e+02 -1.423990000000000009e+03
1.623000000000000114e+02 -1.415999999999999943e+02 -1.423779999999999973e+03
1.638499999999999943e+02 -1.438700000000000045e+02 -1.423620000000000118e+03
1.638499999999999943e+02 -1.438700000000000045e+02 -1.423620000000000118e+03
1.614000000000000057e+02 -1.402400000000000091e+02 -1.423750000000000000e+03
1.583700000000000045e+02 -1.352400000000000091e+02 -1.424059999999999945e+03
1.583700000000000045e+02 -1.352400000000000091e+02 -1.424059999999999945e+03
1.557100000000000080e+02 -1.302800000000000011e+02 -1.424190000000000055e+03
1.532500000000000000e+02 -1.250700000000000074e+02 -1.424500000000000000e+03
1.532500000000000000e+02 -1.250700000000000074e+02 -1.424500000000000000e+03
1.510600000000000023e+02 -1.197400000000000091e+02 -1.424710000000000036e+03
1.510600000000000023e+02 -1.197400000000000091e+02 -1.424710000000000036e+03
1.490999999999999943e+02 -1.141700000000000017e+02 -1.424839999999999918e+03
1.490999999999999943e+02 -1.141700000000000017e+02 -1.424839999999999918e+03
1.490999999999999943e+02 -1.141700000000000017e+02 -1.424839999999999918e+03
1.475200000000000102e+02 -1.085900000000000034e+02 -1.424920000000000073e+03
1.475200000000000102e+02 -1.085900000000000034e+02 -1.424920000000000073e+03
1.475200000000000102e+02 -1.085900000000000034e+02 -1.424920000000000073e+03
1.462400000000000091e+02 -1.029200000000000017e+02 -1.425000000000000000e+03
1.462400000000000091e+02 -1.029200000000000017e+02 -1.425000000000000000e+03
1.462400000000000091e+02 -1.029200000000000017e+02 -1.425000000000000000e+03
1.453000000000000114e+02 -9.735000000000000853e+01 -1.425110000000000127e+03
1.453000000000000114e+02 -9.735000000000000853e+01 -1.425110000000000127e+03
1.453000000000000114e+02 -9.735000000000000853e+01 -1.425110000000000127e+03
1.446200000000000045e+02 -9.148000000000000398e+01 -1.425089999999999918e+03
1.446200000000000045e+02 -9.148000000000000398e+01 -1.425089999999999918e+03
1.446200000000000045e+02 -9.148000000000000398e+01 -1.425089999999999918e+03
1.442400000000000091e+02 -8.576999999999999602e+01 -1.425009999999999991e+03
1.442400000000000091e+02 -8.576999999999999602e+01 -1.425009999999999991e+03
1.442400000000000091e+02 -8.576999999999999602e+01 -1.425009999999999991e+03
1.442000000000000171e+02 -7.993000000000000682e+01 -1.424940000000000055e+03
1.442000000000000171e+02 -7.993000000000000682e+01 -1.424940000000000055e+03
1.442000000000000171e+02 -7.993000000000000682e+01 -1.424940000000000055e+03
1.442400000000000091e+02 -7.853000000000000114e+01 -1.424930000000000064e+03
1.442400000000000091e+02 -7.853000000000000114e+01 -1.424930000000000064e+03
1.442400000000000091e+02 -7.853000000000000114e+01 -1.424930000000000064e+03
1.442199999999999989e+02 -8.340000000000000568e+01 -1.425059999999999945e+03
1.442199999999999989e+02 -8.340000000000000568e+01 -1.425059999999999945e+03
1.442199999999999989e+02 -8.340000000000000568e+01 -1.425059999999999945e+03
1.444799999999999898e+02 -8.921999999999999886e+01 -1.425150000000000091e+03
1.444799999999999898e+02 -8.921999999999999886e+01 -1.425150000000000091e+03
1.444799999999999898e+02 -8.921999999999999886e+01 -1.425150000000000091e+03
1.450500000000000114e+02 -9.518999999999999773e+01 -1.425140000000000100e+03
1.450500000000000114e+02 -9.518999999999999773e+01 -1.425140000000000100e+03
1.450500000000000114e+02 -9.518999999999999773e+01 -1.425140000000000100e+03
1.458900000000000148e+02 -1.008799999999999955e+02 -1.425059999999999945e+03
1.458900000000000148e+02 -1.008799999999999955e+02 -1.425059999999999945e+03
1.458900000000000148e+02 -1.008799999999999955e+02 -1.425059999999999945e+03
1.470600000000000023e+02 -1.066200000000000045e+02 -1.425039999999999964e+03
1.470600000000000023e+02 -1.066200000000000045e+02 -1.425039999999999964e+03
1.485200000000000102e+02 -1.121599999999999966e+02 -1.425059999999999945e+03
1.503600000000000136e+02 -1.178299999999999983e+02 -1.424880000000000109e+03
1.503600000000000136e+02 -1.178299999999999983e+02 -1.424880000000000109e+03
1.503600000000000136e+02 -1.178299999999999983e+02 -1.424880000000000109e+03
1.524300000000000068e+02 -1.231599999999999966e+02 -1.424569999999999936e+03
1.524300000000000068e+02 -1.231599999999999966e+02 -1.424569999999999936e+03
1.547800000000000011e+02 -1.283700000000000045e+02 -1.424350000000000136e+03
1.547800000000000011e+02 -1.283700000000000045e+02 -1.424350000000000136e+03
1.574000000000000057e+02 -1.334699999999999989e+02 -1.424120000000000118e+03
1.574000000000000057e+02 -1.334699999999999989e+02 -1.424120000000000118e+03
1.604000000000000057e+02 -1.386299999999999955e+02 -1.423930000000000064e+03
1.604000000000000057e+02 -1.386299999999999955e+02 -1.423930000000000064e+03
1.604000000000000057e+02 -1.386299999999999955e+02 -1.423930000000000064e+03
1.634200000000000159e+02 -1.432599999999999909e+02 -1.423700000000000045e+03
1.634200000000000159e+02 -1.432599999999999909e+02 -1.423700000000000045e+03
1.632899999999999920e+02 -1.430500000000000114e+02 -1.423620000000000118e+03
1.601500000000000057e+02 -1.382500000000000000e+02 -1.423789999999999964e+03
1.601500000000000057e+02 -1.382500000000000000e+02 -1.423789999999999964e+03
1.572500000000000000e+02 -1.332199999999999989e+02 -1.424100000000000136e+03
1.547199999999999989e+02 -1.282700000000000102e+02 -1.424289999999999964e+03
1.547199999999999989e+02 -1.282700000000000102e+02 -1.424289999999999964e+03
1.547199999999999989e+02 -1.282700000000000102e+02 -1.424289999999999964e+03
1.523300000000000125e+02 -1.229399999999999977e+02 -1.424559999999999945e+03
1.523300000000000125e+02 -1.229399999999999977e+02 -1.424559999999999945e+03
1.502199999999999989e+02 -1.175300000000000011e+02 -1.424740000000000009e+03
1.502199999999999989e+02 -1.175300000000000011e+02 -1.424740000000000009e+03
1.502199999999999989e+02 -1.175300000000000011e+02 -1.424740000000000009e+03
1.484099999999999966e+02 -1.119200000000000017e+02 -1.424950000000000045e+03
1.484099999999999966e+02 -1.119200000000000017e+02 -1.424950000000000045e+03
1.469500000000000171e+02 -1.063799999999999955e+02 -1.424950000000000045e+03
1.469500000000000171e+02 -1.063799999999999955e+02 -1.424950000000000045e+03
1.469500000000000171e+02 -1.063799999999999955e+02 -1.424950000000000045e+03
1.458199999999999932e+02 -1.007199999999999989e+02 -1.425069999999999936e+03
1.458199999999999932e+02 -1.007199999999999989e+02 -1.425069999999999936e+03
1.449699999999999989e+02 -9.507999999999999829e+01 -1.425150000000000091e+03
1.444200000000000159e+02 -8.914000000000000057e+01 -1.425120000000000118e+03
1.444200000000000159e+02 -8.914000000000000057e+01 -1.425120000000000118e+03
1.441599999999999966e+02 -8.340999999999999659e+01 -1.424960000000000036e+03
1.441599999999999966e+02 -8.340999999999999659e+01 -1.424960000000000036e+03
1.442299999999999898e+02 -7.851000000000000512e+01 -1.424970000000000027e+03
1.442199999999999989e+02 -8.004999999999999716e+01 -1.424990000000000009e+03
1.442199999999999989e+02 -8.004999999999999716e+01 -1.424990000000000009e+03
1.442800000000000011e+02 -8.571999999999999886e+01 -1.425079999999999927e+03
1.446899999999999977e+02 -9.164000000000000057e+01 -1.425190000000000055e+03
1.446899999999999977e+02 -9.164000000000000057e+01 -1.425190000000000055e+03
1.453499999999999943e+02 -9.746999999999999886e+01 -1.425140000000000100e+03
1.463199999999999932e+02 -1.031500000000000057e+02 -1.425039999999999964e+03
1.463199999999999932e+02 -1.031500000000000057e+02 -1.425039999999999964e+03
1.476200000000000045e+02 -1.088799999999999955e+02 -1.424990000000000009e+03
1.476200000000000045e+02 -1.088799999999999955e+02 -1.424990000000000009e+03
1.492000000000000171e+02 -1.143799999999999955e+02 -1.424900000000000091e+03
1.511599999999999966e+02 -1.199900000000000091e+02 -1.424730000000000018e+03
1.511599999999999966e+02 -1.199900000000000091e+02 -1.424730000000000018e+03
1.511599999999999966e+02 -1.199900000000000091e+02 -1.424730000000000018e+03
1.533400000000000034e+02 -1.252600000000000051e+02 -1.424569999999999936e+03
1.533400000000000034e+02 -1.252600000000000051e+02 -1.424569999999999936e+03
1.533400000000000034e+02 -1.252600000000000051e+02 -1.424569999999999936e+03
1.557899999999999920e+02 -1.304200000000000159e+02 -1.424250000000000000e+03
1.557899999999999920e+02 -1.304200000000000159e+02 -1.424250000000000000e+03
1.557899999999999920e+02 -1.304200000000000159e+02 -1.424250000000000000e+03
1.585200000000000102e+02 -1.354900000000000091e+02 -1.424009999999999991e+03
1.585200000000000102e+02 -1.354900000000000091e+02 -1.424009999999999991e+03
1.585200000000000102e+02 -1.354900000000000091e+02 -1.424009999999999991e+03
1.616299999999999955e+02 -1.405900000000000034e+02 -1.423769999999999982e+03
1.616299999999999955e+02 -1.405900000000000034e+02 -1.423769999999999982e+03
1.616299999999999955e+02 -1.405900000000000034e+02 -1.423769999999999982e+03
1.644300000000000068e+02 -1.446800000000000068e+02 -1.423620000000000118e+03
1.644300000000000068e+02 -1.446800000000000068e+02 -1.423620000000000118e+03
1.644300000000000068e+02 -1.446800000000000068e+02 -1.423620000000000118e+03
1.649600000000000080e+02 -1.454200000000000159e+02 -1.423600000000000136e+03
