4.220000000000000000e+02
4.310000000000000000e+02
4.400000000000000000e+02
4.460000000000000000e+02
4.550000000000000000e+02
4.640000000000000000e+02
4.700000000000000000e+02
4.790000000000000000e+02
4.850000000000000000e+02
4.940000000000000000e+02
5.030000000000000000e+02
5.090000000000000000e+02
5.180000000000000000e+02
5.270000000000000000e+02
5.330000000000000000e+02
5.420000000000000000e+02
5.480000000000000000e+02
5.570000000000000000e+02
5.660000000000000000e+02
5.720000000000000000e+02
5.810000000000000000e+02
5.900000000000000000e+02
5.960000000000000000e+02
6.050000000000000000e+02
6.140000000000000000e+02
6.200000000000000000e+02
6.290000000000000000e+02
6.380000000000000000e+02
6.440000000000000000e+02
6.530000000000000000e+02
6.620000000000000000e+02
6.680000000000000000e+02
6.770000000000000000e+02
6.860000000000000000e+02
6.920000000000000000e+02
7.010000000000000000e+02
7.100000000000000000e+02
7.160000000000000000e+02
7.250000000000000000e+02
7.310000000000000000e+02
7.400000000000000000e+02
7.490000000000000000e+02
7.550000000000000000e+02
7.640000000000000000e+02
7.700000000000000000e+02
7.790000000000000000e+02
7.880000000000000000e+02
7.940000000000000000e+02
8.030000000000000000e+02
8.090000000000000000e+02
8.180000000000000000e+02
8.240000000000000000e+02
8.330000000000000000e+02
8.420000000000000000e+02
8.480000000000000000e+02
8.570000000000000000e+02
8.630000000000000000e+02
8.720000000000000000e+02
8.780000000000000000e+02
8.870000000000000000e+02
8.930000000000000000e+02
9.020000000000000000e+02
9.080000000000000000e+02
9.170000000000000000e+02
9.230000000000000000e+02
9.320000000000000000e+02
9.380000000000000000e+02
9.470000000000000000e+02
9.560000000000000000e+02
9.620000000000000000e+02
9.710000000000000000e+02
9.770000000000000000e+02
9.860000000000000000e+02
9.920000000000000000e+02
1.001000000000000000e+03
1.010000000000000000e+03
1.016000000000000000e+03
1.025000000000000000e+03
1.031000000000000000e+03
1.040000000000000000e+03
1.049000000000000000e+03
1.055000000000000000e+03
1.064000000000000000e+03
1.073000000000000000e+03
1.079000000000000000e+03
1.088000000000000000e+03
1.094000000000000000e+03
1.103000000000000000e+03
1.112000000000000000e+03
1.118000000000000000e+03
1.127000000000000000e+03
1.133000000000000000e+03
1.142000000000000000e+03
1.148000000000000000e+03
1.157000000000000000e+03
1.166000000000000000e+03
1.172000000000000000e+03
1.181000000000000000e+03
1.187000000000000000e+03
1.196000000000000000e+03
1.202000000000000000e+03
1.211000000000000000e+03
1.217000000000000000e+03
1.226000000000000000e+03
1.235000000000000000e+03
1.241000000000000000e+03
1.250000000000000000e+03
1.256000000000000000e+03
1.265000000000000000e+03
1.274000000000000000e+03
1.280000000000000000e+03
1.289000000000000000e+03
1.298000000000000000e+03
1.304000000000000000e+03
1.313000000000000000e+03
1.319000000000000000e+03
1.328000000000000000e+03
1.337000000000000000e+03
1.343000000000000000e+03
1.352000000000000000e+03
1.361000000000000000e+03
1.367000000000000000e+03
1.376000000000000000e+03
1.382000000000000000e+03
1.391000000000000000e+03
1.397000000000000000e+03
1.406000000000000000e+03
1.412000000000000000e+03
1.421000000000000000e+03
1.430000000000000000e+03
1.436000000000000000e+03
1.445000000000000000e+03
1.454000000000000000e+03
1.460000000000000000e+03
1.469000000000000000e+03
1.475000000000000000e+03
1.484000000000000000e+03
1.493000000000000000e+03
1.499000000000000000e+03
1.508000000000000000e+03
1.517000000000000000e+03
1.523000000000000000e+03
1.532000000000000000e+03
1.538000000000000000e+03
1.547000000000000000e+03
1.556000000000000000e+03
1.562000000000000000e+03
1.571000000000000000e+03
1.580000000000000000e+03
1.586000000000000000e+03
1.595000000000000000e+03
1.604000000000000000e+03
1.610000000000000000e+03
1.619000000000000000e+03
1.628000000000000000e+03
1.634000000000000000e+03
1.643000000000000000e+03
1.649000000000000000e+03
1.658000000000000000e+03
1.667000000000000000e+03
1.673000000000000000e+03
1.682000000000000000e+03
1.691000000000000000e+03
1.697000000000000000e+03
1.706000000000000000e+03
1.715000000000000000e+03
1.721000000000000000e+03
1.730000000000000000e+03
1.739000000000000000e+03
1.745000000000000000e+03
1.754000000000000000e+03
1.763000000000000000e+03
1.769000000000000000e+03
1.778000000000000000e+03
1.784000000000000000e+03
1.793000000000000000e+03
1.799000000000000000e+03
1.808000000000000000e+03
1.814000000000000000e+03
1.823000000000000000e+03
1.829000000000000000e+03
1.838000000000000000e+03
1.847000000000000000e+03
1.853000000000000000e+03
1.862000000000000000e+03
1.868000000000000000e+03
1.877000000000000000e+03
1.886000000000000000e+03
1.892000000000000000e+03
1.901000000000000000e+03
1.910000000000000000e+03
1.916000000000000000e+03
1.925000000000000000e+03
1.934000000000000000e+03
1.940000000000000000e+03
1.949000000000000000e+03
1.958000000000000000e+03
1.964000000000000000e+03
1.973000000000000000e+03
1.979000000000000000e+03
1.988000000000000000e+03
1.994000000000000000e+03
2.003000000000000000e+03
2.012000000000000000e+03
2.018000000000000000e+03
2.027000000000000000e+03
2.036000000000000000e+03
2.042000000000000000e+03
2.051000000000000000e+03
2.060000000000000000e+03
2.066000000000000000e+03
2.075000000000000000e+03
2.084000000000000000e+03
2.090000000000000000e+03
2.099000000000000000e+03
2.108000000000000000e+03
2.114000000000000000e+03
2.123000000000000000e+03
2.129000000000000000e+03
2.138000000000000000e+03
2.147000000000000000e+03
2.153000000000000000e+03
2.162000000000000000e+03
2.171000000000000000e+03
2.177000000000000000e+03
2.186000000000000000e+03
2.195000000000000000e+03
2.201000000000000000e+03
2.210000000000000000e+03
2.216000000000000000e+03
2.225000000000000000e+03
2.234000000000000000e+03
2.240000000000000000e+03
2.249000000000000000e+03
2.258000000000000000e+03
2.264000000000000000e+03
2.273000000000000000e+03
2.282000000000000000e+03
2.288000000000000000e+03
2.297000000000000000e+03
2.306000000000000000e+03
2.312000000000000000e+03
2.321000000000000000e+03
2.330000000000000000e+03
2.336000000000000000e+03
2.345000000000000000e+03
2.354000000000000000e+03
2.360000000000000000e+03
2.369000000000000000e+03
2.375000000000000000e+03
2.384000000000000000e+03
2.393000000000000000e+03
2.399000000000000000e+03
2.408000000000000000e+03
2.417000000000000000e+03
2.423000000000000000e+03
2.432000000000000000e+03
2.438000000000000000e+03
2.447000000000000000e+03
2.456000000000000000e+03
2.462000000000000000e+03
2.471000000000000000e+03
2.480000000000000000e+03
2.486000000000000000e+03
2.495000000000000000e+03
2.501000000000000000e+03
2.510000000000000000e+03
2.519000000000000000e+03
2.525000000000000000e+03
2.534000000000000000e+03
2.543000000000000000e+03
2.549000000000000000e+03
2.558000000000000000e+03
2.567000000000000000e+03
2.573000000000000000e+03
2.582000000000000000e+03
2.591000000000000000e+03
2.597000000000000000e+03
2.606000000000000000e+03
2.612000000000000000e+03
2.621000000000000000e+03
2.627000000000000000e+03
2.636000000000000000e+03
2.642000000000000000e+03
2.651000000000000000e+03
2.660000000000000000e+03
2.666000000000000000e+03
2.675000000000000000e+03
2.684000000000000000e+03
2.690000000000000000e+03
2.699000000000000000e+03
2.705000000000000000e+03
2.714000000000000000e+03
2.723000000000000000e+03
2.729000000000000000e+03
2.738000000000000000e+03
2.744000000000000000e+03
2.753000000000000000e+03
2.762000000000000000e+03
2.768000000000000000e+03
2.777000000000000000e+03
2.783000000000000000e+03
2.792000000000000000e+03
2.801000000000000000e+03
2.807000000000000000e+03
2.816000000000000000e+03
2.822000000000000000e+03
2.831000000000000000e+03
2.840000000000000000e+03
2.846000000000000000e+03
2.855000000000000000e+03
2.864000000000000000e+03
2.870000000000000000e+03
2.879000000000000000e+03
2.885000000000000000e+03
2.894000000000000000e+03
2.903000000000000000e+03
2.909000000000000000e+03
2.918000000000000000e+03
2.927000000000000000e+03
2.933000000000000000e+03
2.942000000000000000e+03
2.948000000000000000e+03
2.957000000000000000e+03
2.966000000000000000e+03
2.972000000000000000e+03
2.981000000000000000e+03
2.990000000000000000e+03
2.996000000000000000e+03
3.005000000000000000e+03
3.011000000000000000e+03
3.020000000000000000e+03
3.026000000000000000e+03
3.035000000000000000e+03
3.044000000000000000e+03
3.050000000000000000e+03
3.059000000000000000e+03
3.065000000000000000e+03
3.074000000000000000e+03
3.080000000000000000e+03
3.089000000000000000e+03
3.098000000000000000e+03
3.104000000000000000e+03
3.113000000000000000e+03
3.119000000000000000e+03
3.128000000000000000e+03
3.134000000000000000e+03
3.143000000000000000e+03
3.149000000000000000e+03
3.158000000000000000e+03
3.164000000000000000e+03
3.173000000000000000e+03
3.182000000000000000e+03
3.188000000000000000e+03
3.197000000000000000e+03
3.206000000000000000e+03
3.212000000000000000e+03
3.221000000000000000e+03
3.227000000000000000e+03
3.236000000000000000e+03
3.245000000000000000e+03
3.251000000000000000e+03
3.260000000000000000e+03
3.269000000000000000e+03
3.275000000000000000e+03
3.284000000000000000e+03
3.293000000000000000e+03
3.299000000000000000e+03
3.308000000000000000e+03
3.317000000000000000e+03
3.323000000000000000e+03
3.332000000000000000e+03
3.341000000000000000e+03
3.347000000000000000e+03
3.356000000000000000e+03
3.362000000000000000e+03
3.371000000000000000e+03
3.377000000000000000e+03
3.386000000000000000e+03
3.395000000000000000e+03
3.401000000000000000e+03
3.410000000000000000e+03
3.416000000000000000e+03
3.425000000000000000e+03
3.431000000000000000e+03
3.440000000000000000e+03
3.449000000000000000e+03
3.455000000000000000e+03
3.464000000000000000e+03
3.470000000000000000e+03
3.479000000000000000e+03
3.488000000000000000e+03
3.494000000000000000e+03
3.503000000000000000e+03
3.512000000000000000e+03
3.518000000000000000e+03
3.527000000000000000e+03
3.536000000000000000e+03
3.542000000000000000e+03
3.551000000000000000e+03
3.557000000000000000e+03
3.566000000000000000e+03
3.572000000000000000e+03
3.581000000000000000e+03
3.590000000000000000e+03
3.596000000000000000e+03
3.605000000000000000e+03
3.614000000000000000e+03
3.620000000000000000e+03
3.629000000000000000e+03
3.638000000000000000e+03
3.644000000000000000e+03
3.653000000000000000e+03
3.662000000000000000e+03
3.668000000000000000e+03
3.677000000000000000e+03
3.683000000000000000e+03
3.692000000000000000e+03
3.698000000000000000e+03
3.707000000000000000e+03
3.713000000000000000e+03
3.722000000000000000e+03
3.731000000000000000e+03
3.737000000000000000e+03
3.746000000000000000e+03
3.752000000000000000e+03
3.761000000000000000e+03
3.770000000000000000e+03
3.776000000000000000e+03
3.785000000000000000e+03
3.794000000000000000e+03
3.800000000000000000e+03
3.809000000000000000e+03
3.818000000000000000e+03
3.824000000000000000e+03
3.833000000000000000e+03
3.839000000000000000e+03
3.848000000000000000e+03
3.854000000000000000e+03
3.863000000000000000e+03
3.872000000000000000e+03
3.878000000000000000e+03
3.887000000000000000e+03
3.896000000000000000e+03
3.902000000000000000e+03
3.911000000000000000e+03
3.917000000000000000e+03
3.926000000000000000e+03
3.932000000000000000e+03
3.941000000000000000e+03
3.950000000000000000e+03
3.956000000000000000e+03
3.965000000000000000e+03
3.974000000000000000e+03
3.980000000000000000e+03
3.989000000000000000e+03
3.998000000000000000e+03
4.004000000000000000e+03
4.013000000000000000e+03
4.022000000000000000e+03
4.028000000000000000e+03
4.037000000000000000e+03
4.043000000000000000e+03
4.052000000000000000e+03
4.058000000000000000e+03
4.067000000000000000e+03
4.076000000000000000e+03
4.082000000000000000e+03
4.091000000000000000e+03
