1.800300000000000011e+02 -1.610399999999999920e+02 -1.422420000000000073e+03
1.683100000000000023e+02 -1.488700000000000045e+02 -1.423220000000000027e+03
1.683100000000000023e+02 -1.488700000000000045e+02 -1.423220000000000027e+03
1.459799999999999898e+02 -1.023100000000000023e+02 -1.425190000000000055e+03
1.464399999999999977e+02 -5.739999999999999858e+01 -1.425059999999999945e+03
1.440099999999999909e+02 -8.654000000000000625e+01 -1.425329999999999927e+03
1.592700000000000102e+02 -1.360500000000000114e+02 -1.424200000000000045e+03
1.670999999999999943e+02 -1.473799999999999955e+02 -1.423380000000000109e+03
1.502000000000000171e+02 -1.171500000000000057e+02 -1.424850000000000136e+03
1.448900000000000148e+02 -6.564000000000000057e+01 -1.424990000000000009e+03
1.441700000000000159e+02 -8.867000000000000171e+01 -1.425440000000000055e+03
1.523600000000000136e+02 -1.224800000000000040e+02 -1.424839999999999918e+03
1.755600000000000023e+02 -1.570300000000000011e+02 -1.422819999999999936e+03
1.564300000000000068e+02 -1.310600000000000023e+02 -1.424259999999999991e+03
1.437700000000000102e+02 -8.082000000000000739e+01 -1.425079999999999927e+03
1.441500000000000057e+02 -7.326999999999999602e+01 -1.425329999999999927e+03
1.473400000000000034e+02 -1.079900000000000091e+02 -1.425339999999999918e+03
1.721899999999999977e+02 -1.533600000000000136e+02 -1.423150000000000091e+03
1.554900000000000091e+02 -1.292700000000000102e+02 -1.424240000000000009e+03
1.449799999999999898e+02 -9.646000000000000796e+01 -1.425259999999999991e+03
1.461200000000000045e+02 -5.912000000000000455e+01 -1.425079999999999927e+03
1.478900000000000148e+02 -1.099600000000000080e+02 -1.425309999999999945e+03
1.627100000000000080e+02 -1.414000000000000057e+02 -1.423920000000000073e+03
1.634000000000000057e+02 -1.424099999999999966e+02 -1.423640000000000100e+03
1.447000000000000171e+02 -9.437999999999999545e+01 -1.425220000000000027e+03
1.458100000000000023e+02 -6.046000000000000085e+01 -1.425029999999999973e+03
1.448199999999999932e+02 -9.495000000000000284e+01 -1.425460000000000036e+03
1.639600000000000080e+02 -1.431899999999999977e+02 -1.423860000000000127e+03
1.730000000000000000e+02 -1.542599999999999909e+02 -1.422880000000000109e+03
1.476599999999999966e+02 -1.092800000000000011e+02 -1.425049999999999955e+03
1.460600000000000023e+02 -5.913000000000000256e+01 -1.424990000000000009e+03
1.438499999999999943e+02 -7.948000000000000398e+01 -1.425279999999999973e+03
1.557800000000000011e+02 -1.297800000000000011e+02 -1.424480000000000018e+03
1.717000000000000171e+02 -1.528199999999999932e+02 -1.422950000000000045e+03
1.528900000000000148e+02 -1.237900000000000063e+02 -1.424559999999999945e+03
1.440999999999999943e+02 -7.273999999999999488e+01 -1.425160000000000082e+03
1.438400000000000034e+02 -8.157999999999999829e+01 -1.425299999999999955e+03
1.497800000000000011e+02 -1.159300000000000068e+02 -1.425079999999999927e+03
1.754600000000000080e+02 -1.569500000000000171e+02 -1.422900000000000091e+03
1.520500000000000114e+02 -1.218400000000000034e+02 -1.424660000000000082e+03
1.440600000000000023e+02 -8.818999999999999773e+01 -1.425150000000000091e+03
1.448600000000000136e+02 -6.642000000000000171e+01 -1.425269999999999982e+03
1.505200000000000102e+02 -1.179300000000000068e+02 -1.425049999999999955e+03
1.677800000000000011e+02 -1.482000000000000171e+02 -1.423529999999999973e+03
1.588199999999999932e+02 -1.353400000000000034e+02 -1.423960000000000036e+03
1.439399999999999977e+02 -8.612000000000000455e+01 -1.425180000000000064e+03
1.463799999999999955e+02 -5.763000000000000256e+01 -1.424980000000000018e+03
1.462100000000000080e+02 -1.031099999999999994e+02 -1.425360000000000127e+03
1.690900000000000034e+02 -1.498100000000000023e+02 -1.423430000000000064e+03
1.676400000000000148e+02 -1.480399999999999920e+02 -1.423380000000000109e+03
1.458000000000000114e+02 -1.013299999999999983e+02 -1.425059999999999945e+03
1.447599999999999909e+02 -6.654000000000000625e+01 -1.424990000000000009e+03
1.441100000000000136e+02 -8.782999999999999829e+01 -1.425390000000000100e+03
1.520500000000000114e+02 -1.217600000000000051e+02 -1.424930000000000064e+03
1.789099999999999966e+02 -1.600399999999999920e+02 -1.422490000000000009e+03
