6.951845935406775966e-310 1.372416807984552139e-311 1.372416692617753507e-311
1.478000000000000114e+02 -1.297599999999999909e+02 -1.360240000000000009e+03
1.478000000000000114e+02 -1.297599999999999909e+02 -1.360240000000000009e+03
1.426100000000000136e+02 -1.130400000000000063e+02 -1.360470000000000027e+03
1.426100000000000136e+02 -1.130400000000000063e+02 -1.360470000000000027e+03
1.402400000000000091e+02 -9.610999999999999943e+01 -1.360390000000000100e+03
1.402400000000000091e+02 -9.610999999999999943e+01 -1.360390000000000100e+03
1.402400000000000091e+02 -9.610999999999999943e+01 -1.360390000000000100e+03
1.406100000000000136e+02 -7.882000000000000739e+01 -1.360170000000000073e+03
1.406100000000000136e+02 -7.882000000000000739e+01 -1.360170000000000073e+03
1.437700000000000102e+02 -6.177000000000000313e+01 -1.359680000000000064e+03
1.437700000000000102e+02 -6.177000000000000313e+01 -1.359680000000000064e+03
1.496899999999999977e+02 -4.542000000000000171e+01 -1.358940000000000055e+03
1.496899999999999977e+02 -4.542000000000000171e+01 -1.358940000000000055e+03
1.532700000000000102e+02 -3.828999999999999915e+01 -1.358640000000000100e+03
1.532700000000000102e+02 -3.828999999999999915e+01 -1.358640000000000100e+03
1.475200000000000102e+02 -5.060000000000000142e+01 -1.359370000000000118e+03
1.475200000000000102e+02 -5.060000000000000142e+01 -1.359370000000000118e+03
1.475200000000000102e+02 -5.060000000000000142e+01 -1.359370000000000118e+03
1.425099999999999909e+02 -6.709000000000000341e+01 -1.360009999999999991e+03
1.425099999999999909e+02 -6.709000000000000341e+01 -1.360009999999999991e+03
1.402000000000000171e+02 -8.439000000000000057e+01 -1.360440000000000055e+03
1.402000000000000171e+02 -8.439000000000000057e+01 -1.360440000000000055e+03
1.402000000000000171e+02 -8.439000000000000057e+01 -1.360440000000000055e+03
1.407400000000000091e+02 -1.017100000000000080e+02 -1.360589999999999918e+03
1.407400000000000091e+02 -1.017100000000000080e+02 -1.360589999999999918e+03
1.407400000000000091e+02 -1.017100000000000080e+02 -1.360589999999999918e+03
1.440300000000000011e+02 -1.186299999999999955e+02 -1.360559999999999945e+03
1.440300000000000011e+02 -1.186299999999999955e+02 -1.360559999999999945e+03
1.440300000000000011e+02 -1.186299999999999955e+02 -1.360559999999999945e+03
1.501200000000000045e+02 -1.350800000000000125e+02 -1.360200000000000045e+03
1.501200000000000045e+02 -1.350800000000000125e+02 -1.360200000000000045e+03
1.531800000000000068e+02 -1.412800000000000011e+02 -1.360009999999999991e+03
1.472500000000000000e+02 -1.283400000000000034e+02 -1.360240000000000009e+03
1.472500000000000000e+02 -1.283400000000000034e+02 -1.360240000000000009e+03
1.472500000000000000e+02 -1.283400000000000034e+02 -1.360240000000000009e+03
1.423000000000000114e+02 -1.115600000000000023e+02 -1.360440000000000055e+03
1.423000000000000114e+02 -1.115600000000000023e+02 -1.360440000000000055e+03
1.423000000000000114e+02 -1.115600000000000023e+02 -1.360440000000000055e+03
1.401500000000000057e+02 -9.448999999999999488e+01 -1.360350000000000136e+03
1.401500000000000057e+02 -9.448999999999999488e+01 -1.360350000000000136e+03
1.401500000000000057e+02 -9.448999999999999488e+01 -1.360350000000000136e+03
1.407700000000000102e+02 -7.729999999999999716e+01 -1.360069999999999936e+03
1.407700000000000102e+02 -7.729999999999999716e+01 -1.360069999999999936e+03
1.441800000000000068e+02 -6.035000000000000142e+01 -1.359650000000000091e+03
1.441800000000000068e+02 -6.035000000000000142e+01 -1.359650000000000091e+03
1.441800000000000068e+02 -6.035000000000000142e+01 -1.359650000000000091e+03
1.502899999999999920e+02 -4.414000000000000057e+01 -1.358890000000000100e+03
1.502899999999999920e+02 -4.414000000000000057e+01 -1.358890000000000100e+03
1.529300000000000068e+02 -3.896999999999999886e+01 -1.358720000000000027e+03
1.529300000000000068e+02 -3.896999999999999886e+01 -1.358720000000000027e+03
1.468300000000000125e+02 -5.241000000000000369e+01 -1.359519999999999982e+03
1.468300000000000125e+02 -5.241000000000000369e+01 -1.359519999999999982e+03
1.468300000000000125e+02 -5.241000000000000369e+01 -1.359519999999999982e+03
1.420999999999999943e+02 -6.907999999999999829e+01 -1.360079999999999927e+03
1.420999999999999943e+02 -6.907999999999999829e+01 -1.360079999999999927e+03
1.420999999999999943e+02 -6.907999999999999829e+01 -1.360079999999999927e+03
1.401100000000000136e+02 -8.629999999999999716e+01 -1.360420000000000073e+03
1.401100000000000136e+02 -8.629999999999999716e+01 -1.360420000000000073e+03
1.409600000000000080e+02 -1.036000000000000085e+02 -1.360589999999999918e+03
1.409600000000000080e+02 -1.036000000000000085e+02 -1.360589999999999918e+03
1.445999999999999943e+02 -1.205700000000000074e+02 -1.360539999999999964e+03
1.445999999999999943e+02 -1.205700000000000074e+02 -1.360539999999999964e+03
1.508799999999999955e+02 -1.366800000000000068e+02 -1.360200000000000045e+03
1.529500000000000171e+02 -1.408300000000000125e+02 -1.359960000000000036e+03
1.529500000000000171e+02 -1.408300000000000125e+02 -1.359960000000000036e+03
1.529500000000000171e+02 -1.408300000000000125e+02 -1.359960000000000036e+03
1.465200000000000102e+02 -1.263700000000000045e+02 -1.360279999999999973e+03
1.465200000000000102e+02 -1.263700000000000045e+02 -1.360279999999999973e+03
1.419000000000000057e+02 -1.095499999999999972e+02 -1.360460000000000036e+03
1.419000000000000057e+02 -1.095499999999999972e+02 -1.360460000000000036e+03
1.400600000000000023e+02 -9.232000000000000739e+01 -1.360380000000000109e+03
1.400600000000000023e+02 -9.232000000000000739e+01 -1.360380000000000109e+03
1.410000000000000000e+02 -7.526000000000000512e+01 -1.360120000000000118e+03
1.410000000000000000e+02 -7.526000000000000512e+01 -1.360120000000000118e+03
1.447599999999999909e+02 -5.824000000000000199e+01 -1.359600000000000136e+03
1.510399999999999920e+02 -4.248000000000000398e+01 -1.358930000000000064e+03
1.510399999999999920e+02 -4.248000000000000398e+01 -1.358930000000000064e+03
1.510399999999999920e+02 -4.248000000000000398e+01 -1.358930000000000064e+03
1.525800000000000125e+02 -3.959000000000000341e+01 -1.358819999999999936e+03
1.525800000000000125e+02 -3.959000000000000341e+01 -1.358819999999999936e+03
1.525800000000000125e+02 -3.959000000000000341e+01 -1.358819999999999936e+03
1.460900000000000034e+02 -5.449000000000000199e+01 -1.359589999999999918e+03
1.460900000000000034e+02 -5.449000000000000199e+01 -1.359589999999999918e+03
1.460900000000000034e+02 -5.449000000000000199e+01 -1.359589999999999918e+03
1.416500000000000057e+02 -7.137999999999999545e+01 -1.360110000000000127e+03
1.416500000000000057e+02 -7.137999999999999545e+01 -1.360110000000000127e+03
1.400699999999999932e+02 -8.862999999999999545e+01 -1.360549999999999955e+03
1.412800000000000011e+02 -1.058599999999999994e+02 -1.360620000000000118e+03
1.412800000000000011e+02 -1.058599999999999994e+02 -1.360620000000000118e+03
1.453000000000000114e+02 -1.228400000000000034e+02 -1.360509999999999991e+03
1.453000000000000114e+02 -1.228400000000000034e+02 -1.360509999999999991e+03
1.453000000000000114e+02 -1.228400000000000034e+02 -1.360509999999999991e+03
1.517500000000000000e+02 -1.384600000000000080e+02 -1.360170000000000073e+03
1.517500000000000000e+02 -1.384600000000000080e+02 -1.360170000000000073e+03
1.525999999999999943e+02 -1.401400000000000148e+02 -1.359980000000000018e+03
1.458400000000000034e+02 -1.244500000000000028e+02 -1.360309999999999945e+03
1.458400000000000034e+02 -1.244500000000000028e+02 -1.360309999999999945e+03
1.415500000000000114e+02 -1.076500000000000057e+02 -1.360430000000000064e+03
1.415500000000000114e+02 -1.076500000000000057e+02 -1.360430000000000064e+03
1.400500000000000114e+02 -9.035999999999999943e+01 -1.360339999999999918e+03
1.400500000000000114e+02 -9.035999999999999943e+01 -1.360339999999999918e+03
1.400500000000000114e+02 -9.035999999999999943e+01 -1.360339999999999918e+03
1.413199999999999932e+02 -7.326999999999999602e+01 -1.359990000000000009e+03
1.454000000000000057e+02 -5.625000000000000000e+01 -1.359509999999999991e+03
1.454000000000000057e+02 -5.625000000000000000e+01 -1.359509999999999991e+03
1.454000000000000057e+02 -5.625000000000000000e+01 -1.359509999999999991e+03
1.517199999999999989e+02 -4.110000000000000142e+01 -1.358829999999999927e+03
1.517199999999999989e+02 -4.110000000000000142e+01 -1.358829999999999927e+03
1.519300000000000068e+02 -4.085000000000000142e+01 -1.358870000000000118e+03
1.519300000000000068e+02 -4.085000000000000142e+01 -1.358870000000000118e+03
1.454000000000000057e+02 -5.650999999999999801e+01 -1.359670000000000073e+03
1.454000000000000057e+02 -5.650999999999999801e+01 -1.359670000000000073e+03
1.413100000000000023e+02 -7.346000000000000796e+01 -1.360200000000000045e+03
1.413100000000000023e+02 -7.346000000000000796e+01 -1.360200000000000045e+03
1.400800000000000125e+02 -9.075000000000000000e+01 -1.360569999999999936e+03
1.416100000000000136e+02 -1.079000000000000057e+02 -1.360610000000000127e+03
1.416100000000000136e+02 -1.079000000000000057e+02 -1.360610000000000127e+03
1.416100000000000136e+02 -1.079000000000000057e+02 -1.360610000000000127e+03
1.459900000000000091e+02 -1.249200000000000017e+02 -1.360470000000000027e+03
1.459900000000000091e+02 -1.249200000000000017e+02 -1.360470000000000027e+03
1.459900000000000091e+02 -1.249200000000000017e+02 -1.360470000000000027e+03
1.524000000000000057e+02 -1.397500000000000000e+02 -1.360110000000000127e+03
1.524000000000000057e+02 -1.397500000000000000e+02 -1.360110000000000127e+03
1.524000000000000057e+02 -1.397500000000000000e+02 -1.360110000000000127e+03
1.518199999999999932e+02 -1.385600000000000023e+02 -1.359990000000000009e+03
1.518199999999999932e+02 -1.385600000000000023e+02 -1.359990000000000009e+03
1.451700000000000159e+02 -1.224399999999999977e+02 -1.360350000000000136e+03
1.412299999999999898e+02 -1.057000000000000028e+02 -1.360440000000000055e+03
1.412299999999999898e+02 -1.057000000000000028e+02 -1.360440000000000055e+03
1.400600000000000023e+02 -8.837000000000000455e+01 -1.360390000000000100e+03
1.400600000000000023e+02 -8.837000000000000455e+01 -1.360390000000000100e+03
1.416500000000000057e+02 -7.123000000000000398e+01 -1.359940000000000055e+03
1.416500000000000057e+02 -7.123000000000000398e+01 -1.359940000000000055e+03
1.416500000000000057e+02 -7.123000000000000398e+01 -1.359940000000000055e+03
1.460399999999999920e+02 -5.435000000000000142e+01 -1.359490000000000009e+03
1.460399999999999920e+02 -5.435000000000000142e+01 -1.359490000000000009e+03
1.523300000000000125e+02 -3.996000000000000085e+01 -1.358750000000000000e+03
1.523300000000000125e+02 -3.996000000000000085e+01 -1.358750000000000000e+03
1.511500000000000057e+02 -4.242000000000000171e+01 -1.358960000000000036e+03
1.511500000000000057e+02 -4.242000000000000171e+01 -1.358960000000000036e+03
1.447500000000000000e+02 -5.852000000000000313e+01 -1.359759999999999991e+03
1.447500000000000000e+02 -5.852000000000000313e+01 -1.359759999999999991e+03
1.410099999999999909e+02 -7.554999999999999716e+01 -1.360240000000000009e+03
1.410099999999999909e+02 -7.554999999999999716e+01 -1.360240000000000009e+03
1.401299999999999955e+02 -9.284000000000000341e+01 -1.360559999999999945e+03
1.401299999999999955e+02 -9.284000000000000341e+01 -1.360559999999999945e+03
1.419600000000000080e+02 -1.098700000000000045e+02 -1.360640000000000100e+03
1.419600000000000080e+02 -1.098700000000000045e+02 -1.360640000000000100e+03
1.419600000000000080e+02 -1.098700000000000045e+02 -1.360640000000000100e+03
1.467199999999999989e+02 -1.269099999999999966e+02 -1.360440000000000055e+03
1.467199999999999989e+02 -1.269099999999999966e+02 -1.360440000000000055e+03
1.528799999999999955e+02 -1.407299999999999898e+02 -1.359990000000000009e+03
1.509099999999999966e+02 -1.367199999999999989e+02 -1.360019999999999982e+03
1.509099999999999966e+02 -1.367199999999999989e+02 -1.360019999999999982e+03
1.445500000000000114e+02 -1.204300000000000068e+02 -1.360279999999999973e+03
1.445500000000000114e+02 -1.204300000000000068e+02 -1.360279999999999973e+03
1.445500000000000114e+02 -1.204300000000000068e+02 -1.360279999999999973e+03
1.409600000000000080e+02 -1.036599999999999966e+02 -1.360400000000000091e+03
1.409600000000000080e+02 -1.036599999999999966e+02 -1.360400000000000091e+03
1.409600000000000080e+02 -1.036599999999999966e+02 -1.360400000000000091e+03
1.400900000000000034e+02 -8.631000000000000227e+01 -1.360309999999999945e+03
1.400900000000000034e+02 -8.631000000000000227e+01 -1.360309999999999945e+03
1.419900000000000091e+02 -6.920000000000000284e+01 -1.359980000000000018e+03
1.419900000000000091e+02 -6.920000000000000284e+01 -1.359980000000000018e+03
1.467199999999999989e+02 -5.246000000000000085e+01 -1.359410000000000082e+03
1.527899999999999920e+02 -3.910000000000000142e+01 -1.358750000000000000e+03
1.527899999999999920e+02 -3.910000000000000142e+01 -1.358750000000000000e+03
1.502700000000000102e+02 -4.427000000000000313e+01 -1.359039999999999964e+03
1.502700000000000102e+02 -4.427000000000000313e+01 -1.359039999999999964e+03
1.441500000000000057e+02 -6.053000000000000114e+01 -1.359809999999999945e+03
1.441500000000000057e+02 -6.053000000000000114e+01 -1.359809999999999945e+03
1.407700000000000102e+02 -7.764000000000000057e+01 -1.360269999999999982e+03
1.407700000000000102e+02 -7.764000000000000057e+01 -1.360269999999999982e+03
1.407700000000000102e+02 -7.764000000000000057e+01 -1.360269999999999982e+03
1.402000000000000171e+02 -9.490000000000000568e+01 -1.360569999999999936e+03
1.402000000000000171e+02 -9.490000000000000568e+01 -1.360569999999999936e+03
1.402000000000000171e+02 -9.490000000000000568e+01 -1.360569999999999936e+03
1.423700000000000045e+02 -1.119099999999999966e+02 -1.360670000000000073e+03
1.423700000000000045e+02 -1.119099999999999966e+02 -1.360670000000000073e+03
1.423700000000000045e+02 -1.119099999999999966e+02 -1.360670000000000073e+03
1.474600000000000080e+02 -1.288799999999999955e+02 -1.360460000000000036e+03
1.474600000000000080e+02 -1.288799999999999955e+02 -1.360460000000000036e+03
1.474600000000000080e+02 -1.288799999999999955e+02 -1.360460000000000036e+03
1.532199999999999989e+02 -1.413900000000000148e+02 -1.360000000000000000e+03
1.532199999999999989e+02 -1.413900000000000148e+02 -1.360000000000000000e+03
1.532199999999999989e+02 -1.413900000000000148e+02 -1.360000000000000000e+03
1.500399999999999920e+02 -1.349099999999999966e+02 -1.360100000000000136e+03
1.500399999999999920e+02 -1.349099999999999966e+02 -1.360100000000000136e+03
1.500399999999999920e+02 -1.349099999999999966e+02 -1.360100000000000136e+03
1.439500000000000171e+02 -1.183900000000000006e+02 -1.360380000000000109e+03
1.439500000000000171e+02 -1.183900000000000006e+02 -1.360380000000000109e+03
1.439500000000000171e+02 -1.183900000000000006e+02 -1.360380000000000109e+03
1.407299999999999898e+02 -1.016200000000000045e+02 -1.360400000000000091e+03
1.407299999999999898e+02 -1.016200000000000045e+02 -1.360400000000000091e+03
1.407299999999999898e+02 -1.016200000000000045e+02 -1.360400000000000091e+03
1.401700000000000159e+02 -8.423999999999999488e+01 -1.360240000000000009e+03
1.401700000000000159e+02 -8.423999999999999488e+01 -1.360240000000000009e+03
1.401700000000000159e+02 -8.423999999999999488e+01 -1.360240000000000009e+03
1.424600000000000080e+02 -6.721000000000000796e+01 -1.359860000000000127e+03
1.424600000000000080e+02 -6.721000000000000796e+01 -1.359860000000000127e+03
1.474799999999999898e+02 -5.050000000000000000e+01 -1.359259999999999991e+03
1.474799999999999898e+02 -5.050000000000000000e+01 -1.359259999999999991e+03
1.530399999999999920e+02 -3.863000000000000256e+01 -1.358730000000000018e+03
1.530399999999999920e+02 -3.863000000000000256e+01 -1.358730000000000018e+03
1.493700000000000045e+02 -4.620000000000000284e+01 -1.359140000000000100e+03
1.493700000000000045e+02 -4.620000000000000284e+01 -1.359140000000000100e+03
1.436100000000000136e+02 -6.246000000000000085e+01 -1.359880000000000109e+03
1.436100000000000136e+02 -6.246000000000000085e+01 -1.359880000000000109e+03
1.405600000000000023e+02 -7.968999999999999773e+01 -1.360339999999999918e+03
1.405600000000000023e+02 -7.968999999999999773e+01 -1.360339999999999918e+03
1.403199999999999932e+02 -9.701000000000000512e+01 -1.360569999999999936e+03
1.403199999999999932e+02 -9.701000000000000512e+01 -1.360569999999999936e+03
1.428300000000000125e+02 -1.139399999999999977e+02 -1.360620000000000118e+03
1.428300000000000125e+02 -1.139399999999999977e+02 -1.360620000000000118e+03
1.482400000000000091e+02 -1.308000000000000114e+02 -1.360370000000000118e+03
1.482400000000000091e+02 -1.308000000000000114e+02 -1.360370000000000118e+03
1.482400000000000091e+02 -1.308000000000000114e+02 -1.360370000000000118e+03
1.533700000000000045e+02 -1.417000000000000171e+02 -1.359940000000000055e+03
1.533700000000000045e+02 -1.417000000000000171e+02 -1.359940000000000055e+03
1.491599999999999966e+02 -1.329900000000000091e+02 -1.360130000000000109e+03
1.491599999999999966e+02 -1.329900000000000091e+02 -1.360130000000000109e+03
1.491599999999999966e+02 -1.329900000000000091e+02 -1.360130000000000109e+03
1.434300000000000068e+02 -1.164099999999999966e+02 -1.360370000000000118e+03
1.434300000000000068e+02 -1.164099999999999966e+02 -1.360370000000000118e+03
1.405200000000000102e+02 -9.957000000000000739e+01 -1.360400000000000091e+03
1.405200000000000102e+02 -9.957000000000000739e+01 -1.360400000000000091e+03
1.403100000000000023e+02 -8.221000000000000796e+01 -1.360230000000000018e+03
1.403100000000000023e+02 -8.221000000000000796e+01 -1.360230000000000018e+03
1.429200000000000159e+02 -6.509999999999999432e+01 -1.359829999999999927e+03
1.429200000000000159e+02 -6.509999999999999432e+01 -1.359829999999999927e+03
1.429200000000000159e+02 -6.509999999999999432e+01 -1.359829999999999927e+03
1.482599999999999909e+02 -4.860000000000000142e+01 -1.359230000000000018e+03
1.482599999999999909e+02 -4.860000000000000142e+01 -1.359230000000000018e+03
1.482599999999999909e+02 -4.860000000000000142e+01 -1.359230000000000018e+03
1.530999999999999943e+02 -3.853000000000000114e+01 -1.358769999999999982e+03
1.530999999999999943e+02 -3.853000000000000114e+01 -1.358769999999999982e+03
1.530999999999999943e+02 -3.853000000000000114e+01 -1.358769999999999982e+03
1.485500000000000114e+02 -4.813000000000000256e+01 -1.359319999999999936e+03
1.485500000000000114e+02 -4.813000000000000256e+01 -1.359319999999999936e+03
1.485500000000000114e+02 -4.813000000000000256e+01 -1.359319999999999936e+03
1.431200000000000045e+02 -6.446999999999999886e+01 -1.359950000000000045e+03
1.431200000000000045e+02 -6.446999999999999886e+01 -1.359950000000000045e+03
1.431200000000000045e+02 -6.446999999999999886e+01 -1.359950000000000045e+03
1.403900000000000148e+02 -8.171999999999999886e+01 -1.360390000000000100e+03
1.403900000000000148e+02 -8.171999999999999886e+01 -1.360390000000000100e+03
1.403900000000000148e+02 -8.171999999999999886e+01 -1.360390000000000100e+03
1.404799999999999898e+02 -9.912999999999999545e+01 -1.360579999999999927e+03
1.404799999999999898e+02 -9.912999999999999545e+01 -1.360579999999999927e+03
1.404799999999999898e+02 -9.912999999999999545e+01 -1.360579999999999927e+03
1.433400000000000034e+02 -1.160199999999999960e+02 -1.360589999999999918e+03
1.433400000000000034e+02 -1.160199999999999960e+02 -1.360589999999999918e+03
1.490500000000000114e+02 -1.327100000000000080e+02 -1.360319999999999936e+03
1.490500000000000114e+02 -1.327100000000000080e+02 -1.360319999999999936e+03
1.490500000000000114e+02 -1.327100000000000080e+02 -1.360319999999999936e+03
1.533400000000000034e+02 -1.416299999999999955e+02 -1.359970000000000027e+03
1.533400000000000034e+02 -1.416299999999999955e+02 -1.359970000000000027e+03
1.483400000000000034e+02 -1.310699999999999932e+02 -1.360210000000000036e+03
1.429500000000000171e+02 -1.144399999999999977e+02 -1.360420000000000073e+03
1.429500000000000171e+02 -1.144399999999999977e+02 -1.360420000000000073e+03
1.403400000000000034e+02 -9.754999999999999716e+01 -1.360380000000000109e+03
1.403400000000000034e+02 -9.754999999999999716e+01 -1.360380000000000109e+03
1.404799999999999898e+02 -8.021000000000000796e+01 -1.360180000000000064e+03
1.404799999999999898e+02 -8.021000000000000796e+01 -1.360180000000000064e+03
1.434300000000000068e+02 -6.312000000000000455e+01 -1.359759999999999991e+03
1.434300000000000068e+02 -6.312000000000000455e+01 -1.359759999999999991e+03
1.490699999999999932e+02 -4.670000000000000284e+01 -1.359069999999999936e+03
1.490699999999999932e+02 -4.670000000000000284e+01 -1.359069999999999936e+03
1.530099999999999909e+02 -3.867999999999999972e+01 -1.358789999999999964e+03
1.530099999999999909e+02 -3.867999999999999972e+01 -1.358789999999999964e+03
1.477500000000000000e+02 -5.000999999999999801e+01 -1.359430000000000064e+03
1.477500000000000000e+02 -5.000999999999999801e+01 -1.359430000000000064e+03
1.477500000000000000e+02 -5.000999999999999801e+01 -1.359430000000000064e+03
1.426500000000000057e+02 -6.650000000000000000e+01 -1.360019999999999982e+03
1.426500000000000057e+02 -6.650000000000000000e+01 -1.360019999999999982e+03
1.426500000000000057e+02 -6.650000000000000000e+01 -1.360019999999999982e+03
1.402400000000000091e+02 -8.378000000000000114e+01 -1.360460000000000036e+03
1.402400000000000091e+02 -8.378000000000000114e+01 -1.360460000000000036e+03
1.406800000000000068e+02 -1.011500000000000057e+02 -1.360620000000000118e+03
1.406800000000000068e+02 -1.011500000000000057e+02 -1.360620000000000118e+03
1.438600000000000136e+02 -1.180499999999999972e+02 -1.360579999999999927e+03
1.438600000000000136e+02 -1.180499999999999972e+02 -1.360579999999999927e+03
1.438600000000000136e+02 -1.180499999999999972e+02 -1.360579999999999927e+03
1.498900000000000148e+02 -1.345900000000000034e+02 -1.360299999999999955e+03
1.498900000000000148e+02 -1.345900000000000034e+02 -1.360299999999999955e+03
1.533199999999999932e+02 -1.415800000000000125e+02 -1.359960000000000036e+03
1.533199999999999932e+02 -1.415800000000000125e+02 -1.359960000000000036e+03
1.475800000000000125e+02 -1.291899999999999977e+02 -1.360220000000000027e+03
1.475800000000000125e+02 -1.291899999999999977e+02 -1.360220000000000027e+03
1.424900000000000091e+02 -1.124300000000000068e+02 -1.360430000000000064e+03
1.424900000000000091e+02 -1.124300000000000068e+02 -1.360430000000000064e+03
1.401899999999999977e+02 -9.543000000000000682e+01 -1.360360000000000127e+03
1.401899999999999977e+02 -9.543000000000000682e+01 -1.360360000000000127e+03
1.406700000000000159e+02 -7.818999999999999773e+01 -1.360120000000000118e+03
1.406700000000000159e+02 -7.818999999999999773e+01 -1.360120000000000118e+03
1.406700000000000159e+02 -7.818999999999999773e+01 -1.360120000000000118e+03
1.439099999999999966e+02 -6.114000000000000057e+01 -1.359710000000000036e+03
1.439099999999999966e+02 -6.114000000000000057e+01 -1.359710000000000036e+03
1.439099999999999966e+02 -6.114000000000000057e+01 -1.359710000000000036e+03
1.499000000000000057e+02 -4.484000000000000341e+01 -1.358970000000000027e+03
1.529799999999999898e+02 -3.875999999999999801e+01 -1.358759999999999991e+03
1.529799999999999898e+02 -3.875999999999999801e+01 -1.358759999999999991e+03
1.470099999999999909e+02 -5.191000000000000369e+01 -1.359460000000000036e+03
1.470099999999999909e+02 -5.191000000000000369e+01 -1.359460000000000036e+03
1.422100000000000080e+02 -6.854999999999999716e+01 -1.360069999999999936e+03
1.422100000000000080e+02 -6.854999999999999716e+01 -1.360069999999999936e+03
1.401400000000000148e+02 -8.582000000000000739e+01 -1.360470000000000027e+03
1.401400000000000148e+02 -8.582000000000000739e+01 -1.360470000000000027e+03
1.409000000000000057e+02 -1.031200000000000045e+02 -1.360579999999999927e+03
1.409000000000000057e+02 -1.031200000000000045e+02 -1.360579999999999927e+03
1.409000000000000057e+02 -1.031200000000000045e+02 -1.360579999999999927e+03
1.444500000000000171e+02 -1.200799999999999983e+02 -1.360549999999999955e+03
1.444500000000000171e+02 -1.200799999999999983e+02 -1.360549999999999955e+03
1.507400000000000091e+02 -1.363799999999999955e+02 -1.360200000000000045e+03
1.507400000000000091e+02 -1.363799999999999955e+02 -1.360200000000000045e+03
1.555000000000000000e+02 -1.456800000000000068e+02 -1.359819999999999936e+03
1.555000000000000000e+02 -1.456800000000000068e+02 -1.359819999999999936e+03
