4.390000000000000000e+02
4.420000000000000000e+02
4.420000000000000000e+02
4.450000000000000000e+02
4.450000000000000000e+02
4.450000000000000000e+02
4.480000000000000000e+02
4.480000000000000000e+02
4.510000000000000000e+02
4.510000000000000000e+02
4.540000000000000000e+02
4.540000000000000000e+02
4.570000000000000000e+02
4.570000000000000000e+02
4.600000000000000000e+02
4.600000000000000000e+02
4.600000000000000000e+02
4.630000000000000000e+02
4.630000000000000000e+02
4.660000000000000000e+02
4.660000000000000000e+02
4.660000000000000000e+02
4.690000000000000000e+02
4.690000000000000000e+02
4.690000000000000000e+02
4.720000000000000000e+02
4.720000000000000000e+02
4.720000000000000000e+02
4.750000000000000000e+02
4.750000000000000000e+02
4.780000000000000000e+02
4.810000000000000000e+02
4.810000000000000000e+02
4.810000000000000000e+02
4.840000000000000000e+02
4.840000000000000000e+02
4.840000000000000000e+02
4.870000000000000000e+02
4.870000000000000000e+02
4.870000000000000000e+02
4.900000000000000000e+02
4.900000000000000000e+02
4.930000000000000000e+02
4.930000000000000000e+02
4.930000000000000000e+02
4.960000000000000000e+02
4.960000000000000000e+02
4.990000000000000000e+02
4.990000000000000000e+02
5.020000000000000000e+02
5.020000000000000000e+02
5.020000000000000000e+02
5.050000000000000000e+02
5.050000000000000000e+02
5.050000000000000000e+02
5.080000000000000000e+02
5.080000000000000000e+02
5.110000000000000000e+02
5.110000000000000000e+02
5.140000000000000000e+02
5.140000000000000000e+02
5.170000000000000000e+02
5.200000000000000000e+02
5.200000000000000000e+02
5.200000000000000000e+02
5.230000000000000000e+02
5.230000000000000000e+02
5.260000000000000000e+02
5.260000000000000000e+02
5.290000000000000000e+02
5.290000000000000000e+02
5.320000000000000000e+02
5.320000000000000000e+02
5.350000000000000000e+02
5.380000000000000000e+02
5.380000000000000000e+02
5.380000000000000000e+02
5.410000000000000000e+02
5.410000000000000000e+02
5.410000000000000000e+02
5.440000000000000000e+02
5.440000000000000000e+02
5.440000000000000000e+02
5.470000000000000000e+02
5.470000000000000000e+02
5.500000000000000000e+02
5.530000000000000000e+02
5.530000000000000000e+02
5.560000000000000000e+02
5.560000000000000000e+02
5.560000000000000000e+02
5.590000000000000000e+02
5.590000000000000000e+02
5.620000000000000000e+02
5.650000000000000000e+02
5.650000000000000000e+02
5.680000000000000000e+02
5.680000000000000000e+02
5.710000000000000000e+02
5.710000000000000000e+02
5.710000000000000000e+02
5.740000000000000000e+02
5.770000000000000000e+02
5.770000000000000000e+02
5.770000000000000000e+02
5.800000000000000000e+02
5.800000000000000000e+02
5.830000000000000000e+02
5.830000000000000000e+02
5.860000000000000000e+02
5.860000000000000000e+02
5.890000000000000000e+02
5.890000000000000000e+02
5.920000000000000000e+02
5.950000000000000000e+02
5.950000000000000000e+02
5.950000000000000000e+02
5.980000000000000000e+02
5.980000000000000000e+02
5.980000000000000000e+02
6.010000000000000000e+02
6.010000000000000000e+02
6.010000000000000000e+02
6.040000000000000000e+02
6.040000000000000000e+02
6.070000000000000000e+02
6.100000000000000000e+02
6.100000000000000000e+02
6.130000000000000000e+02
6.130000000000000000e+02
6.160000000000000000e+02
6.160000000000000000e+02
6.160000000000000000e+02
6.190000000000000000e+02
6.190000000000000000e+02
6.220000000000000000e+02
6.220000000000000000e+02
6.250000000000000000e+02
6.250000000000000000e+02
6.280000000000000000e+02
6.280000000000000000e+02
6.310000000000000000e+02
6.310000000000000000e+02
6.340000000000000000e+02
6.340000000000000000e+02
6.370000000000000000e+02
6.370000000000000000e+02
6.370000000000000000e+02
6.400000000000000000e+02
6.400000000000000000e+02
6.430000000000000000e+02
6.460000000000000000e+02
6.460000000000000000e+02
6.490000000000000000e+02
6.490000000000000000e+02
6.490000000000000000e+02
6.520000000000000000e+02
6.520000000000000000e+02
6.520000000000000000e+02
6.550000000000000000e+02
6.550000000000000000e+02
6.580000000000000000e+02
6.580000000000000000e+02
6.610000000000000000e+02
6.640000000000000000e+02
6.640000000000000000e+02
6.670000000000000000e+02
6.670000000000000000e+02
6.700000000000000000e+02
6.700000000000000000e+02
6.730000000000000000e+02
6.730000000000000000e+02
6.730000000000000000e+02
6.760000000000000000e+02
6.760000000000000000e+02
6.760000000000000000e+02
6.790000000000000000e+02
6.790000000000000000e+02
6.790000000000000000e+02
6.820000000000000000e+02
6.820000000000000000e+02
6.820000000000000000e+02
6.850000000000000000e+02
6.850000000000000000e+02
6.850000000000000000e+02
6.880000000000000000e+02
6.880000000000000000e+02
6.880000000000000000e+02
6.910000000000000000e+02
6.910000000000000000e+02
6.910000000000000000e+02
6.940000000000000000e+02
6.940000000000000000e+02
6.940000000000000000e+02
6.970000000000000000e+02
6.970000000000000000e+02
6.970000000000000000e+02
7.000000000000000000e+02
7.000000000000000000e+02
7.030000000000000000e+02
7.030000000000000000e+02
7.060000000000000000e+02
7.060000000000000000e+02
7.090000000000000000e+02
7.090000000000000000e+02
7.120000000000000000e+02
7.120000000000000000e+02
7.150000000000000000e+02
7.150000000000000000e+02
7.180000000000000000e+02
7.180000000000000000e+02
7.210000000000000000e+02
7.210000000000000000e+02
7.240000000000000000e+02
7.240000000000000000e+02
7.240000000000000000e+02
7.270000000000000000e+02
7.270000000000000000e+02
7.300000000000000000e+02
7.300000000000000000e+02
7.300000000000000000e+02
7.330000000000000000e+02
7.330000000000000000e+02
7.360000000000000000e+02
7.360000000000000000e+02
7.390000000000000000e+02
7.390000000000000000e+02
7.420000000000000000e+02
7.420000000000000000e+02
7.420000000000000000e+02
7.450000000000000000e+02
7.450000000000000000e+02
7.450000000000000000e+02
7.480000000000000000e+02
7.480000000000000000e+02
7.480000000000000000e+02
7.510000000000000000e+02
7.510000000000000000e+02
7.510000000000000000e+02
7.540000000000000000e+02
7.540000000000000000e+02
7.540000000000000000e+02
7.570000000000000000e+02
7.570000000000000000e+02
7.570000000000000000e+02
7.600000000000000000e+02
7.600000000000000000e+02
7.600000000000000000e+02
7.630000000000000000e+02
7.630000000000000000e+02
7.660000000000000000e+02
7.660000000000000000e+02
7.660000000000000000e+02
7.690000000000000000e+02
7.690000000000000000e+02
7.720000000000000000e+02
7.750000000000000000e+02
7.750000000000000000e+02
7.780000000000000000e+02
7.780000000000000000e+02
7.810000000000000000e+02
7.810000000000000000e+02
7.840000000000000000e+02
7.840000000000000000e+02
7.870000000000000000e+02
7.870000000000000000e+02
7.900000000000000000e+02
7.900000000000000000e+02
7.930000000000000000e+02
7.930000000000000000e+02
7.930000000000000000e+02
7.960000000000000000e+02
7.960000000000000000e+02
7.960000000000000000e+02
7.990000000000000000e+02
7.990000000000000000e+02
8.020000000000000000e+02
8.020000000000000000e+02
8.050000000000000000e+02
8.050000000000000000e+02
8.050000000000000000e+02
8.080000000000000000e+02
8.080000000000000000e+02
8.110000000000000000e+02
8.110000000000000000e+02
8.140000000000000000e+02
8.140000000000000000e+02
8.170000000000000000e+02
8.170000000000000000e+02
8.200000000000000000e+02
8.200000000000000000e+02
8.230000000000000000e+02
8.230000000000000000e+02
8.230000000000000000e+02
8.260000000000000000e+02
8.260000000000000000e+02
8.260000000000000000e+02
8.290000000000000000e+02
8.320000000000000000e+02
8.320000000000000000e+02
8.350000000000000000e+02
8.350000000000000000e+02
8.380000000000000000e+02
8.380000000000000000e+02
8.410000000000000000e+02
8.410000000000000000e+02
8.440000000000000000e+02
8.440000000000000000e+02
8.440000000000000000e+02
8.470000000000000000e+02
8.470000000000000000e+02
8.500000000000000000e+02
8.500000000000000000e+02
8.530000000000000000e+02
8.530000000000000000e+02
