5.730000000000000426e+00 -1.910099999999999909e+02 -1.405870000000000118e+03
-2.387000000000000099e+01 -1.589399999999999977e+02 -1.400220000000000027e+03
-1.667000000000000171e+01 -1.691800000000000068e+02 -1.401460000000000036e+03
1.130000000000000115e+00 -1.881400000000000148e+02 -1.404400000000000091e+03
-2.514000000000000057e+01 -1.241700000000000017e+02 -1.405480000000000018e+03
-2.537000000000000099e+01 -1.124200000000000017e+02 -1.405600000000000136e+03
-2.321999999999999886e+01 -1.378100000000000023e+02 -1.405150000000000091e+03
-2.098000000000000043e+01 -1.468799999999999955e+02 -1.405299999999999955e+03
-1.826999999999999957e+01 -1.542899999999999920e+02 -1.405299999999999955e+03
-1.516000000000000014e+01 -1.611599999999999966e+02 -1.404990000000000009e+03
-1.207000000000000028e+01 -1.672500000000000000e+02 -1.405380000000000109e+03
-1.563000000000000078e+01 -1.602299999999999898e+02 -1.405370000000000118e+03
-2.408999999999999986e+01 -9.925000000000000000e+01 -1.405819999999999936e+03
-2.458000000000000185e+01 -1.030000000000000000e+02 -1.405440000000000055e+03
-2.501000000000000156e+01 -1.074600000000000080e+02 -1.405430000000000064e+03
