3.400000000000000000e+02
3.430000000000000000e+02
3.430000000000000000e+02
3.460000000000000000e+02
3.460000000000000000e+02
3.490000000000000000e+02
3.490000000000000000e+02
3.490000000000000000e+02
3.520000000000000000e+02
3.520000000000000000e+02
3.550000000000000000e+02
3.580000000000000000e+02
3.580000000000000000e+02
3.610000000000000000e+02
3.610000000000000000e+02
3.610000000000000000e+02
3.640000000000000000e+02
3.640000000000000000e+02
3.670000000000000000e+02
3.700000000000000000e+02
3.700000000000000000e+02
3.730000000000000000e+02
3.730000000000000000e+02
3.760000000000000000e+02
3.760000000000000000e+02
3.760000000000000000e+02
3.790000000000000000e+02
3.790000000000000000e+02
3.790000000000000000e+02
3.820000000000000000e+02
3.820000000000000000e+02
3.820000000000000000e+02
3.850000000000000000e+02
3.850000000000000000e+02
3.850000000000000000e+02
3.880000000000000000e+02
3.880000000000000000e+02
3.910000000000000000e+02
3.940000000000000000e+02
3.940000000000000000e+02
3.970000000000000000e+02
3.970000000000000000e+02
4.000000000000000000e+02
4.000000000000000000e+02
4.030000000000000000e+02
4.060000000000000000e+02
4.060000000000000000e+02
4.090000000000000000e+02
4.090000000000000000e+02
4.120000000000000000e+02
4.120000000000000000e+02
4.150000000000000000e+02
4.150000000000000000e+02
4.150000000000000000e+02
4.180000000000000000e+02
4.180000000000000000e+02
4.180000000000000000e+02
4.210000000000000000e+02
4.210000000000000000e+02
4.240000000000000000e+02
4.240000000000000000e+02
4.270000000000000000e+02
4.300000000000000000e+02
4.300000000000000000e+02
