2.382899999999999920e+02
2.382899999999999920e+02
2.350600000000000023e+02
2.350600000000000023e+02
2.350600000000000023e+02
2.390699999999999932e+02
2.390699999999999932e+02
2.440399999999999920e+02
2.440399999999999920e+02
2.396500000000000057e+02
2.396500000000000057e+02
2.352700000000000102e+02
2.352700000000000102e+02
2.352700000000000102e+02
2.380699999999999932e+02
2.380699999999999932e+02
2.437899999999999920e+02
2.437899999999999920e+02
2.407300000000000182e+02
2.354699999999999989e+02
2.354699999999999989e+02
2.354699999999999989e+02
2.371100000000000136e+02
2.432100000000000080e+02
2.432100000000000080e+02
2.418199999999999932e+02
2.418199999999999932e+02
2.358900000000000148e+02
2.358900000000000148e+02
2.362100000000000080e+02
2.362100000000000080e+02
2.362100000000000080e+02
2.423900000000000148e+02
2.423900000000000148e+02
2.429300000000000068e+02
2.429300000000000068e+02
2.365699999999999932e+02
2.365699999999999932e+02
2.357400000000000091e+02
2.357400000000000091e+02
2.415099999999999909e+02
2.415099999999999909e+02
2.415099999999999909e+02
2.435900000000000034e+02
2.373300000000000125e+02
2.373300000000000125e+02
2.373300000000000125e+02
2.354699999999999989e+02
2.354699999999999989e+02
2.404600000000000080e+02
2.439300000000000068e+02
2.439300000000000068e+02
2.382500000000000000e+02
2.382500000000000000e+02
2.353100000000000023e+02
2.393000000000000114e+02
2.393000000000000114e+02
2.440300000000000011e+02
2.440300000000000011e+02
2.393499999999999943e+02
2.352400000000000091e+02
2.352400000000000091e+02
2.352400000000000091e+02
2.383000000000000114e+02
2.383000000000000114e+02
2.438700000000000045e+02
2.438700000000000045e+02
2.438700000000000045e+02
2.404699999999999989e+02
2.404699999999999989e+02
2.404699999999999989e+02
2.353900000000000148e+02
2.353900000000000148e+02
2.373499999999999943e+02
2.373499999999999943e+02
2.433700000000000045e+02
2.433700000000000045e+02
2.415300000000000011e+02
2.415300000000000011e+02
2.415300000000000011e+02
2.357599999999999909e+02
2.357599999999999909e+02
2.357599999999999909e+02
2.364200000000000159e+02
2.364200000000000159e+02
2.364200000000000159e+02
2.428199999999999932e+02
2.428199999999999932e+02
2.428199999999999932e+02
2.460100000000000193e+02
