4.930000000000000000e+02
4.930000000000000000e+02
4.960000000000000000e+02
4.960000000000000000e+02
4.960000000000000000e+02
4.990000000000000000e+02
4.990000000000000000e+02
5.020000000000000000e+02
5.020000000000000000e+02
5.050000000000000000e+02
5.050000000000000000e+02
5.080000000000000000e+02
5.080000000000000000e+02
5.080000000000000000e+02
5.110000000000000000e+02
5.110000000000000000e+02
5.140000000000000000e+02
5.140000000000000000e+02
5.170000000000000000e+02
5.200000000000000000e+02
5.200000000000000000e+02
5.200000000000000000e+02
5.230000000000000000e+02
5.260000000000000000e+02
5.260000000000000000e+02
5.290000000000000000e+02
5.290000000000000000e+02
5.320000000000000000e+02
5.320000000000000000e+02
5.350000000000000000e+02
5.350000000000000000e+02
5.350000000000000000e+02
5.380000000000000000e+02
5.380000000000000000e+02
5.410000000000000000e+02
5.410000000000000000e+02
5.440000000000000000e+02
5.440000000000000000e+02
5.470000000000000000e+02
5.470000000000000000e+02
5.500000000000000000e+02
5.500000000000000000e+02
5.500000000000000000e+02
5.530000000000000000e+02
5.560000000000000000e+02
5.560000000000000000e+02
5.560000000000000000e+02
5.590000000000000000e+02
5.590000000000000000e+02
5.620000000000000000e+02
5.650000000000000000e+02
5.650000000000000000e+02
5.680000000000000000e+02
5.680000000000000000e+02
5.710000000000000000e+02
5.740000000000000000e+02
5.740000000000000000e+02
5.770000000000000000e+02
5.770000000000000000e+02
5.800000000000000000e+02
5.830000000000000000e+02
5.830000000000000000e+02
5.830000000000000000e+02
5.860000000000000000e+02
5.860000000000000000e+02
5.890000000000000000e+02
5.890000000000000000e+02
5.890000000000000000e+02
5.920000000000000000e+02
5.920000000000000000e+02
5.920000000000000000e+02
5.950000000000000000e+02
5.950000000000000000e+02
5.980000000000000000e+02
5.980000000000000000e+02
6.010000000000000000e+02
6.010000000000000000e+02
6.040000000000000000e+02
6.040000000000000000e+02
6.040000000000000000e+02
6.070000000000000000e+02
6.070000000000000000e+02
6.070000000000000000e+02
6.100000000000000000e+02
6.100000000000000000e+02
6.100000000000000000e+02
6.130000000000000000e+02
6.130000000000000000e+02
6.130000000000000000e+02
6.160000000000000000e+02
