6.953297389464423994e-310 1.697596714989681977e-312 7.957176573299681338e-312
1.565399999999999920e+02 -1.469200000000000159e+02 -1.359730000000000018e+03
1.565399999999999920e+02 -1.469200000000000159e+02 -1.359730000000000018e+03
1.561500000000000057e+02 -1.469099999999999966e+02 -1.359740000000000009e+03
1.561599999999999966e+02 -1.469200000000000159e+02 -1.359759999999999991e+03
1.561599999999999966e+02 -1.469200000000000159e+02 -1.359759999999999991e+03
1.561599999999999966e+02 -1.469200000000000159e+02 -1.359759999999999991e+03
1.561700000000000159e+02 -1.469200000000000159e+02 -1.359789999999999964e+03
1.561700000000000159e+02 -1.469200000000000159e+02 -1.359789999999999964e+03
1.561700000000000159e+02 -1.469200000000000159e+02 -1.359789999999999964e+03
1.561700000000000159e+02 -1.469200000000000159e+02 -1.359789999999999964e+03
1.561599999999999966e+02 -1.469200000000000159e+02 -1.359789999999999964e+03
1.561700000000000159e+02 -1.469300000000000068e+02 -1.359819999999999936e+03
1.561700000000000159e+02 -1.469300000000000068e+02 -1.359819999999999936e+03
1.561700000000000159e+02 -1.469300000000000068e+02 -1.359809999999999945e+03
1.561700000000000159e+02 -1.469300000000000068e+02 -1.359809999999999945e+03
1.561700000000000159e+02 -1.469300000000000068e+02 -1.359819999999999936e+03
1.561700000000000159e+02 -1.469300000000000068e+02 -1.359819999999999936e+03
1.561700000000000159e+02 -1.469200000000000159e+02 -1.359819999999999936e+03
1.561700000000000159e+02 -1.469200000000000159e+02 -1.359819999999999936e+03
1.561700000000000159e+02 -1.469200000000000159e+02 -1.359819999999999936e+03
1.561700000000000159e+02 -1.469200000000000159e+02 -1.359809999999999945e+03
1.561700000000000159e+02 -1.469200000000000159e+02 -1.359809999999999945e+03
1.561700000000000159e+02 -1.469200000000000159e+02 -1.359779999999999973e+03
1.561700000000000159e+02 -1.469200000000000159e+02 -1.359779999999999973e+03
1.561700000000000159e+02 -1.469200000000000159e+02 -1.359799999999999955e+03
1.561700000000000159e+02 -1.469200000000000159e+02 -1.359799999999999955e+03
1.561700000000000159e+02 -1.469300000000000068e+02 -1.359799999999999955e+03
1.561700000000000159e+02 -1.469300000000000068e+02 -1.359799999999999955e+03
1.561700000000000159e+02 -1.469200000000000159e+02 -1.359839999999999918e+03
1.561700000000000159e+02 -1.469200000000000159e+02 -1.359839999999999918e+03
1.561700000000000159e+02 -1.469200000000000159e+02 -1.359839999999999918e+03
1.561700000000000159e+02 -1.469300000000000068e+02 -1.359839999999999918e+03
1.561700000000000159e+02 -1.469300000000000068e+02 -1.359839999999999918e+03
1.561700000000000159e+02 -1.469300000000000068e+02 -1.359839999999999918e+03
1.561700000000000159e+02 -1.469200000000000159e+02 -1.359799999999999955e+03
1.561700000000000159e+02 -1.469200000000000159e+02 -1.359809999999999945e+03
1.561700000000000159e+02 -1.469200000000000159e+02 -1.359809999999999945e+03
1.561700000000000159e+02 -1.469200000000000159e+02 -1.359809999999999945e+03
1.561700000000000159e+02 -1.469200000000000159e+02 -1.359789999999999964e+03
1.561700000000000159e+02 -1.469200000000000159e+02 -1.359789999999999964e+03
1.561100000000000136e+02 -1.468000000000000114e+02 -1.359809999999999945e+03
1.561100000000000136e+02 -1.468000000000000114e+02 -1.359809999999999945e+03
1.561100000000000136e+02 -1.468000000000000114e+02 -1.359809999999999945e+03
1.540300000000000011e+02 -1.430000000000000000e+02 -1.359930000000000064e+03
1.540300000000000011e+02 -1.430000000000000000e+02 -1.359930000000000064e+03
1.515000000000000000e+02 -1.379900000000000091e+02 -1.360039999999999964e+03
1.515000000000000000e+02 -1.379900000000000091e+02 -1.360039999999999964e+03
1.515000000000000000e+02 -1.379900000000000091e+02 -1.360039999999999964e+03
1.490699999999999932e+02 -1.327700000000000102e+02 -1.360230000000000018e+03
1.490699999999999932e+02 -1.327700000000000102e+02 -1.360230000000000018e+03
1.490699999999999932e+02 -1.327700000000000102e+02 -1.360230000000000018e+03
1.468799999999999955e+02 -1.273700000000000045e+02 -1.360390000000000100e+03
1.468799999999999955e+02 -1.273700000000000045e+02 -1.360390000000000100e+03
1.468799999999999955e+02 -1.273700000000000045e+02 -1.360390000000000100e+03
1.449399999999999977e+02 -1.217199999999999989e+02 -1.360470000000000027e+03
1.449399999999999977e+02 -1.217199999999999989e+02 -1.360470000000000027e+03
1.449399999999999977e+02 -1.217199999999999989e+02 -1.360470000000000027e+03
1.433700000000000045e+02 -1.161700000000000017e+02 -1.360460000000000036e+03
1.433700000000000045e+02 -1.161700000000000017e+02 -1.360460000000000036e+03
1.433700000000000045e+02 -1.161700000000000017e+02 -1.360460000000000036e+03
1.420999999999999943e+02 -1.105300000000000011e+02 -1.360559999999999945e+03
1.420999999999999943e+02 -1.105300000000000011e+02 -1.360559999999999945e+03
1.411599999999999966e+02 -1.050400000000000063e+02 -1.360539999999999964e+03
1.411599999999999966e+02 -1.050400000000000063e+02 -1.360539999999999964e+03
1.411599999999999966e+02 -1.050400000000000063e+02 -1.360539999999999964e+03
1.405099999999999909e+02 -9.929000000000000625e+01 -1.360529999999999973e+03
1.405099999999999909e+02 -9.929000000000000625e+01 -1.360529999999999973e+03
1.405099999999999909e+02 -9.929000000000000625e+01 -1.360529999999999973e+03
1.401400000000000148e+02 -9.346000000000000796e+01 -1.360509999999999991e+03
1.401400000000000148e+02 -9.346000000000000796e+01 -1.360509999999999991e+03
1.401400000000000148e+02 -9.346000000000000796e+01 -1.360509999999999991e+03
1.400900000000000034e+02 -8.765999999999999659e+01 -1.360450000000000045e+03
1.400900000000000034e+02 -8.765999999999999659e+01 -1.360450000000000045e+03
1.403700000000000045e+02 -8.196999999999999886e+01 -1.360299999999999955e+03
1.403700000000000045e+02 -8.196999999999999886e+01 -1.360299999999999955e+03
1.403700000000000045e+02 -8.196999999999999886e+01 -1.360299999999999955e+03
1.409300000000000068e+02 -7.623000000000000398e+01 -1.360170000000000073e+03
1.409300000000000068e+02 -7.623000000000000398e+01 -1.360170000000000073e+03
1.409300000000000068e+02 -7.623000000000000398e+01 -1.360170000000000073e+03
1.418100000000000023e+02 -7.054999999999999716e+01 -1.360059999999999945e+03
1.418100000000000023e+02 -7.054999999999999716e+01 -1.360059999999999945e+03
1.418100000000000023e+02 -7.054999999999999716e+01 -1.360059999999999945e+03
1.430500000000000114e+02 -6.481000000000000227e+01 -1.359910000000000082e+03
1.430500000000000114e+02 -6.481000000000000227e+01 -1.359910000000000082e+03
1.430500000000000114e+02 -6.481000000000000227e+01 -1.359910000000000082e+03
1.445500000000000114e+02 -5.921999999999999886e+01 -1.359680000000000064e+03
1.445500000000000114e+02 -5.921999999999999886e+01 -1.359680000000000064e+03
1.445500000000000114e+02 -5.921999999999999886e+01 -1.359680000000000064e+03
1.463900000000000148e+02 -5.364999999999999858e+01 -1.359500000000000000e+03
1.463900000000000148e+02 -5.364999999999999858e+01 -1.359500000000000000e+03
1.484799999999999898e+02 -4.828999999999999915e+01 -1.359170000000000073e+03
1.484799999999999898e+02 -4.828999999999999915e+01 -1.359170000000000073e+03
1.508600000000000136e+02 -4.303000000000000114e+01 -1.358880000000000109e+03
1.508600000000000136e+02 -4.303000000000000114e+01 -1.358880000000000109e+03
1.535200000000000102e+02 -3.796999999999999886e+01 -1.358620000000000118e+03
1.535200000000000102e+02 -3.796999999999999886e+01 -1.358620000000000118e+03
1.549900000000000091e+02 -3.538000000000000256e+01 -1.358519999999999982e+03
1.532800000000000011e+02 -3.850000000000000000e+01 -1.358720000000000027e+03
1.532800000000000011e+02 -3.850000000000000000e+01 -1.358720000000000027e+03
1.506400000000000148e+02 -4.364999999999999858e+01 -1.358950000000000045e+03
1.506400000000000148e+02 -4.364999999999999858e+01 -1.358950000000000045e+03
1.506400000000000148e+02 -4.364999999999999858e+01 -1.358950000000000045e+03
1.482899999999999920e+02 -4.896000000000000085e+01 -1.359259999999999991e+03
1.482899999999999920e+02 -4.896000000000000085e+01 -1.359259999999999991e+03
1.482899999999999920e+02 -4.896000000000000085e+01 -1.359259999999999991e+03
1.462400000000000091e+02 -5.425999999999999801e+01 -1.359589999999999918e+03
1.462400000000000091e+02 -5.425999999999999801e+01 -1.359589999999999918e+03
1.444399999999999977e+02 -5.980000000000000426e+01 -1.359730000000000018e+03
1.444399999999999977e+02 -5.980000000000000426e+01 -1.359730000000000018e+03
1.429699999999999989e+02 -6.537999999999999545e+01 -1.359950000000000045e+03
1.429699999999999989e+02 -6.537999999999999545e+01 -1.359950000000000045e+03
1.417599999999999909e+02 -7.107999999999999829e+01 -1.360100000000000136e+03
1.417599999999999909e+02 -7.107999999999999829e+01 -1.360100000000000136e+03
1.409000000000000057e+02 -7.690999999999999659e+01 -1.360240000000000009e+03
1.409000000000000057e+02 -7.690999999999999659e+01 -1.360240000000000009e+03
1.403600000000000136e+02 -8.265000000000000568e+01 -1.360360000000000127e+03
1.403600000000000136e+02 -8.265000000000000568e+01 -1.360360000000000127e+03
1.403600000000000136e+02 -8.265000000000000568e+01 -1.360360000000000127e+03
1.401100000000000136e+02 -8.839000000000000057e+01 -1.360480000000000018e+03
1.401100000000000136e+02 -8.839000000000000057e+01 -1.360480000000000018e+03
1.401100000000000136e+02 -8.839000000000000057e+01 -1.360480000000000018e+03
1.401899999999999977e+02 -9.415999999999999659e+01 -1.360519999999999982e+03
1.405900000000000034e+02 -9.996999999999999886e+01 -1.360529999999999973e+03
1.405900000000000034e+02 -9.996999999999999886e+01 -1.360529999999999973e+03
1.405900000000000034e+02 -9.996999999999999886e+01 -1.360529999999999973e+03
1.412599999999999909e+02 -1.056500000000000057e+02 -1.360610000000000127e+03
1.412599999999999909e+02 -1.056500000000000057e+02 -1.360610000000000127e+03
1.422299999999999898e+02 -1.111899999999999977e+02 -1.360529999999999973e+03
1.422299999999999898e+02 -1.111899999999999977e+02 -1.360529999999999973e+03
1.435699999999999932e+02 -1.169300000000000068e+02 -1.360559999999999945e+03
1.435699999999999932e+02 -1.169300000000000068e+02 -1.360559999999999945e+03
1.452299999999999898e+02 -1.226400000000000006e+02 -1.360470000000000027e+03
1.452299999999999898e+02 -1.226400000000000006e+02 -1.360470000000000027e+03
1.471800000000000068e+02 -1.281899999999999977e+02 -1.360410000000000082e+03
1.471800000000000068e+02 -1.281899999999999977e+02 -1.360410000000000082e+03
1.494099999999999966e+02 -1.335699999999999932e+02 -1.360259999999999991e+03
1.494099999999999966e+02 -1.335699999999999932e+02 -1.360259999999999991e+03
1.494099999999999966e+02 -1.335699999999999932e+02 -1.360259999999999991e+03
1.518700000000000045e+02 -1.387400000000000091e+02 -1.360170000000000073e+03
1.518700000000000045e+02 -1.387400000000000091e+02 -1.360170000000000073e+03
1.543799999999999955e+02 -1.436700000000000159e+02 -1.359940000000000055e+03
1.543799999999999955e+02 -1.436700000000000159e+02 -1.359940000000000055e+03
1.552199999999999989e+02 -1.452199999999999989e+02 -1.359839999999999918e+03
1.552199999999999989e+02 -1.452199999999999989e+02 -1.359839999999999918e+03
1.530300000000000011e+02 -1.410600000000000023e+02 -1.359950000000000045e+03
1.530300000000000011e+02 -1.410600000000000023e+02 -1.359950000000000045e+03
1.505500000000000114e+02 -1.360099999999999909e+02 -1.360120000000000118e+03
1.505500000000000114e+02 -1.360099999999999909e+02 -1.360120000000000118e+03
1.481899999999999977e+02 -1.306999999999999886e+02 -1.360299999999999955e+03
1.481899999999999977e+02 -1.306999999999999886e+02 -1.360299999999999955e+03
1.461100000000000136e+02 -1.252300000000000040e+02 -1.360450000000000045e+03
1.442899999999999920e+02 -1.195499999999999972e+02 -1.360509999999999991e+03
1.442899999999999920e+02 -1.195499999999999972e+02 -1.360509999999999991e+03
1.428400000000000034e+02 -1.139900000000000091e+02 -1.360549999999999955e+03
1.428400000000000034e+02 -1.139900000000000091e+02 -1.360549999999999955e+03
1.417100000000000080e+02 -1.083900000000000006e+02 -1.360589999999999918e+03
1.417100000000000080e+02 -1.083900000000000006e+02 -1.360589999999999918e+03
1.408700000000000045e+02 -1.028299999999999983e+02 -1.360569999999999936e+03
1.408700000000000045e+02 -1.028299999999999983e+02 -1.360569999999999936e+03
1.403199999999999932e+02 -9.704999999999999716e+01 -1.360490000000000009e+03
1.403199999999999932e+02 -9.704999999999999716e+01 -1.360490000000000009e+03
1.400900000000000034e+02 -9.126000000000000512e+01 -1.360509999999999991e+03
1.400900000000000034e+02 -9.126000000000000512e+01 -1.360509999999999991e+03
1.400900000000000034e+02 -9.126000000000000512e+01 -1.360509999999999991e+03
1.401599999999999966e+02 -8.540000000000000568e+01 -1.360360000000000127e+03
1.405600000000000023e+02 -7.975000000000000000e+01 -1.360319999999999936e+03
1.405600000000000023e+02 -7.975000000000000000e+01 -1.360319999999999936e+03
1.412500000000000000e+02 -7.401000000000000512e+01 -1.360160000000000082e+03
1.412500000000000000e+02 -7.401000000000000512e+01 -1.360160000000000082e+03
1.422500000000000000e+02 -6.835000000000000853e+01 -1.359970000000000027e+03
1.422500000000000000e+02 -6.835000000000000853e+01 -1.359970000000000027e+03
1.435800000000000125e+02 -6.264999999999999858e+01 -1.359789999999999964e+03
1.435800000000000125e+02 -6.264999999999999858e+01 -1.359789999999999964e+03
1.452199999999999989e+02 -5.707999999999999829e+01 -1.359670000000000073e+03
1.452199999999999989e+02 -5.707999999999999829e+01 -1.359670000000000073e+03
1.471500000000000057e+02 -5.160000000000000142e+01 -1.359410000000000082e+03
1.471500000000000057e+02 -5.160000000000000142e+01 -1.359410000000000082e+03
1.493499999999999943e+02 -4.628000000000000114e+01 -1.359049999999999955e+03
1.493499999999999943e+02 -4.628000000000000114e+01 -1.359049999999999955e+03
1.518900000000000148e+02 -4.100999999999999801e+01 -1.358839999999999918e+03
1.518900000000000148e+02 -4.100999999999999801e+01 -1.358839999999999918e+03
1.544900000000000091e+02 -3.627000000000000313e+01 -1.358569999999999936e+03
1.544900000000000091e+02 -3.627000000000000313e+01 -1.358569999999999936e+03
1.546899999999999977e+02 -3.596000000000000085e+01 -1.358600000000000136e+03
1.546899999999999977e+02 -3.596000000000000085e+01 -1.358600000000000136e+03
1.522400000000000091e+02 -4.046999999999999886e+01 -1.358799999999999955e+03
1.522400000000000091e+02 -4.046999999999999886e+01 -1.358799999999999955e+03
1.496899999999999977e+02 -4.570000000000000284e+01 -1.359049999999999955e+03
1.496899999999999977e+02 -4.570000000000000284e+01 -1.359049999999999955e+03
1.474200000000000159e+02 -5.107999999999999829e+01 -1.359380000000000109e+03
1.455000000000000000e+02 -5.643999999999999773e+01 -1.359660000000000082e+03
1.455000000000000000e+02 -5.643999999999999773e+01 -1.359660000000000082e+03
1.438300000000000125e+02 -6.196000000000000085e+01 -1.359850000000000136e+03
1.438300000000000125e+02 -6.196000000000000085e+01 -1.359850000000000136e+03
1.424600000000000080e+02 -6.762999999999999545e+01 -1.360000000000000000e+03
1.424600000000000080e+02 -6.762999999999999545e+01 -1.360000000000000000e+03
1.413900000000000148e+02 -7.337000000000000455e+01 -1.360100000000000136e+03
1.413900000000000148e+02 -7.337000000000000455e+01 -1.360100000000000136e+03
1.406599999999999966e+02 -7.915999999999999659e+01 -1.360279999999999973e+03
1.406599999999999966e+02 -7.915999999999999659e+01 -1.360279999999999973e+03
1.406599999999999966e+02 -7.915999999999999659e+01 -1.360279999999999973e+03
1.402199999999999989e+02 -8.490000000000000568e+01 -1.360390000000000100e+03
1.402199999999999989e+02 -8.490000000000000568e+01 -1.360390000000000100e+03
1.400999999999999943e+02 -9.068000000000000682e+01 -1.360500000000000000e+03
1.400999999999999943e+02 -9.068000000000000682e+01 -1.360500000000000000e+03
1.403199999999999932e+02 -9.654999999999999716e+01 -1.360559999999999945e+03
1.403199999999999932e+02 -9.654999999999999716e+01 -1.360559999999999945e+03
1.408199999999999932e+02 -1.022199999999999989e+02 -1.360569999999999936e+03
1.408199999999999932e+02 -1.022199999999999989e+02 -1.360569999999999936e+03
1.408199999999999932e+02 -1.022199999999999989e+02 -1.360569999999999936e+03
1.416100000000000136e+02 -1.078500000000000085e+02 -1.360589999999999918e+03
1.416100000000000136e+02 -1.078500000000000085e+02 -1.360589999999999918e+03
1.416100000000000136e+02 -1.078500000000000085e+02 -1.360589999999999918e+03
1.427199999999999989e+02 -1.134500000000000028e+02 -1.360600000000000136e+03
1.427199999999999989e+02 -1.134500000000000028e+02 -1.360600000000000136e+03
1.441899999999999977e+02 -1.192000000000000028e+02 -1.360480000000000018e+03
1.459699999999999989e+02 -1.248599999999999994e+02 -1.360450000000000045e+03
1.459699999999999989e+02 -1.248599999999999994e+02 -1.360450000000000045e+03
1.480300000000000011e+02 -1.303499999999999943e+02 -1.360350000000000136e+03
1.503700000000000045e+02 -1.356400000000000148e+02 -1.360200000000000045e+03
1.503700000000000045e+02 -1.356400000000000148e+02 -1.360200000000000045e+03
1.503700000000000045e+02 -1.356400000000000148e+02 -1.360200000000000045e+03
1.528400000000000034e+02 -1.406899999999999977e+02 -1.360079999999999927e+03
1.528400000000000034e+02 -1.406899999999999977e+02 -1.360079999999999927e+03
1.550800000000000125e+02 -1.449699999999999989e+02 -1.360000000000000000e+03
1.550800000000000125e+02 -1.449699999999999989e+02 -1.360000000000000000e+03
1.545999999999999943e+02 -1.440500000000000114e+02 -1.359900000000000091e+03
1.520300000000000011e+02 -1.390500000000000114e+02 -1.360039999999999964e+03
1.520300000000000011e+02 -1.390500000000000114e+02 -1.360039999999999964e+03
1.495699999999999932e+02 -1.339099999999999966e+02 -1.360200000000000045e+03
1.495699999999999932e+02 -1.339099999999999966e+02 -1.360200000000000045e+03
1.473199999999999932e+02 -1.285399999999999920e+02 -1.360329999999999927e+03
1.453499999999999943e+02 -1.230100000000000051e+02 -1.360450000000000045e+03
1.453499999999999943e+02 -1.230100000000000051e+02 -1.360450000000000045e+03
1.436599999999999966e+02 -1.173100000000000023e+02 -1.360529999999999973e+03
1.436599999999999966e+02 -1.173100000000000023e+02 -1.360529999999999973e+03
1.423499999999999943e+02 -1.117800000000000011e+02 -1.360539999999999964e+03
1.413300000000000125e+02 -1.062199999999999989e+02 -1.360579999999999927e+03
1.413300000000000125e+02 -1.062199999999999989e+02 -1.360579999999999927e+03
1.406299999999999955e+02 -1.005799999999999983e+02 -1.360509999999999991e+03
1.406299999999999955e+02 -1.005799999999999983e+02 -1.360509999999999991e+03
1.401899999999999977e+02 -9.468000000000000682e+01 -1.360519999999999982e+03
1.401899999999999977e+02 -9.468000000000000682e+01 -1.360519999999999982e+03
1.400699999999999932e+02 -8.893999999999999773e+01 -1.360430000000000064e+03
1.400699999999999932e+02 -8.893999999999999773e+01 -1.360430000000000064e+03
1.402800000000000011e+02 -8.312000000000000455e+01 -1.360329999999999927e+03
1.407899999999999920e+02 -7.751999999999999602e+01 -1.360190000000000055e+03
1.407899999999999920e+02 -7.751999999999999602e+01 -1.360190000000000055e+03
1.416100000000000136e+02 -7.173000000000000398e+01 -1.360049999999999955e+03
1.416100000000000136e+02 -7.173000000000000398e+01 -1.360049999999999955e+03
1.427700000000000102e+02 -6.604999999999999716e+01 -1.359970000000000027e+03
1.441899999999999977e+02 -6.045000000000000284e+01 -1.359730000000000018e+03
1.441899999999999977e+02 -6.045000000000000284e+01 -1.359730000000000018e+03
1.441899999999999977e+02 -6.045000000000000284e+01 -1.359730000000000018e+03
1.459399999999999977e+02 -5.495000000000000284e+01 -1.359559999999999945e+03
1.459399999999999977e+02 -5.495000000000000284e+01 -1.359559999999999945e+03
1.480200000000000102e+02 -4.943999999999999773e+01 -1.359269999999999982e+03
1.480200000000000102e+02 -4.943999999999999773e+01 -1.359269999999999982e+03
1.503300000000000125e+02 -4.418999999999999773e+01 -1.359009999999999991e+03
1.503300000000000125e+02 -4.418999999999999773e+01 -1.359009999999999991e+03
1.529600000000000080e+02 -3.900000000000000000e+01 -1.358720000000000027e+03
1.529600000000000080e+02 -3.900000000000000000e+01 -1.358720000000000027e+03
1.549699999999999989e+02 -3.542999999999999972e+01 -1.358569999999999936e+03
1.549699999999999989e+02 -3.542999999999999972e+01 -1.358569999999999936e+03
1.539000000000000057e+02 -3.739999999999999858e+01 -1.358610000000000127e+03
1.539000000000000057e+02 -3.739999999999999858e+01 -1.358610000000000127e+03
1.539000000000000057e+02 -3.739999999999999858e+01 -1.358610000000000127e+03
1.511599999999999966e+02 -4.259000000000000341e+01 -1.358900000000000091e+03
1.511599999999999966e+02 -4.259000000000000341e+01 -1.358900000000000091e+03
1.487800000000000011e+02 -4.778000000000000114e+01 -1.359220000000000027e+03
1.487800000000000011e+02 -4.778000000000000114e+01 -1.359220000000000027e+03
1.466400000000000148e+02 -5.316000000000000369e+01 -1.359480000000000018e+03
1.466400000000000148e+02 -5.316000000000000369e+01 -1.359480000000000018e+03
1.466400000000000148e+02 -5.316000000000000369e+01 -1.359480000000000018e+03
1.448100000000000023e+02 -5.859000000000000341e+01 -1.359700000000000045e+03
1.448100000000000023e+02 -5.859000000000000341e+01 -1.359700000000000045e+03
1.448100000000000023e+02 -5.859000000000000341e+01 -1.359700000000000045e+03
1.432500000000000000e+02 -6.421000000000000796e+01 -1.359890000000000100e+03
1.432500000000000000e+02 -6.421000000000000796e+01 -1.359890000000000100e+03
1.432500000000000000e+02 -6.421000000000000796e+01 -1.359890000000000100e+03
1.419900000000000091e+02 -6.989000000000000057e+01 -1.360079999999999927e+03
1.419900000000000091e+02 -6.989000000000000057e+01 -1.360079999999999927e+03
1.419900000000000091e+02 -6.989000000000000057e+01 -1.360079999999999927e+03
1.410500000000000114e+02 -7.568999999999999773e+01 -1.360150000000000091e+03
1.410500000000000114e+02 -7.568999999999999773e+01 -1.360150000000000091e+03
1.410500000000000114e+02 -7.568999999999999773e+01 -1.360150000000000091e+03
1.404500000000000171e+02 -8.142000000000000171e+01 -1.360289999999999964e+03
1.404500000000000171e+02 -8.142000000000000171e+01 -1.360289999999999964e+03
1.404500000000000171e+02 -8.142000000000000171e+01 -1.360289999999999964e+03
1.401299999999999955e+02 -8.718000000000000682e+01 -1.360440000000000055e+03
1.401299999999999955e+02 -8.718000000000000682e+01 -1.360440000000000055e+03
1.401299999999999955e+02 -8.718000000000000682e+01 -1.360440000000000055e+03
1.401500000000000057e+02 -9.295000000000000284e+01 -1.360509999999999991e+03
1.401500000000000057e+02 -9.295000000000000284e+01 -1.360509999999999991e+03
1.401500000000000057e+02 -9.295000000000000284e+01 -1.360509999999999991e+03
1.404799999999999898e+02 -9.879999999999999716e+01 -1.360529999999999973e+03
1.404799999999999898e+02 -9.879999999999999716e+01 -1.360529999999999973e+03
1.410900000000000034e+02 -1.044300000000000068e+02 -1.360589999999999918e+03
1.410900000000000034e+02 -1.044300000000000068e+02 -1.360589999999999918e+03
1.410900000000000034e+02 -1.044300000000000068e+02 -1.360589999999999918e+03
1.420200000000000102e+02 -1.100799999999999983e+02 -1.360569999999999936e+03
1.420200000000000102e+02 -1.100799999999999983e+02 -1.360569999999999936e+03
1.432599999999999909e+02 -1.157199999999999989e+02 -1.360509999999999991e+03
1.432599999999999909e+02 -1.157199999999999989e+02 -1.360509999999999991e+03
1.432599999999999909e+02 -1.157199999999999989e+02 -1.360509999999999991e+03
1.448600000000000136e+02 -1.214500000000000028e+02 -1.360509999999999991e+03
1.467500000000000000e+02 -1.270400000000000063e+02 -1.360430000000000064e+03
1.467500000000000000e+02 -1.270400000000000063e+02 -1.360430000000000064e+03
1.489300000000000068e+02 -1.324900000000000091e+02 -1.360279999999999973e+03
1.489300000000000068e+02 -1.324900000000000091e+02 -1.360279999999999973e+03
1.513199999999999932e+02 -1.376599999999999966e+02 -1.360160000000000082e+03
1.513199999999999932e+02 -1.376599999999999966e+02 -1.360160000000000082e+03
1.538499999999999943e+02 -1.426599999999999966e+02 -1.360019999999999982e+03
1.538499999999999943e+02 -1.426599999999999966e+02 -1.360019999999999982e+03
1.552199999999999989e+02 -1.452299999999999898e+02 -1.359900000000000091e+03
1.552199999999999989e+02 -1.452299999999999898e+02 -1.359900000000000091e+03
1.552199999999999989e+02 -1.452299999999999898e+02 -1.359900000000000091e+03
1.535399999999999920e+02 -1.420600000000000023e+02 -1.359980000000000018e+03
1.535399999999999920e+02 -1.420600000000000023e+02 -1.359980000000000018e+03
1.510500000000000114e+02 -1.370399999999999920e+02 -1.360130000000000109e+03
1.510500000000000114e+02 -1.370399999999999920e+02 -1.360130000000000109e+03
1.486800000000000068e+02 -1.318499999999999943e+02 -1.360289999999999964e+03
1.486800000000000068e+02 -1.318499999999999943e+02 -1.360289999999999964e+03
1.465099999999999909e+02 -1.263400000000000034e+02 -1.360390000000000100e+03
1.465099999999999909e+02 -1.263400000000000034e+02 -1.360390000000000100e+03
1.446500000000000057e+02 -1.207600000000000051e+02 -1.360460000000000036e+03
1.446500000000000057e+02 -1.207600000000000051e+02 -1.360460000000000036e+03
1.446500000000000057e+02 -1.207600000000000051e+02 -1.360460000000000036e+03
1.431200000000000045e+02 -1.151099999999999994e+02 -1.360539999999999964e+03
1.431200000000000045e+02 -1.151099999999999994e+02 -1.360539999999999964e+03
1.431200000000000045e+02 -1.151099999999999994e+02 -1.360539999999999964e+03
1.419300000000000068e+02 -1.096200000000000045e+02 -1.360549999999999955e+03
1.419300000000000068e+02 -1.096200000000000045e+02 -1.360549999999999955e+03
1.410099999999999909e+02 -1.039600000000000080e+02 -1.360509999999999991e+03
1.410099999999999909e+02 -1.039600000000000080e+02 -1.360509999999999991e+03
1.404200000000000159e+02 -9.831000000000000227e+01 -1.360539999999999964e+03
1.401100000000000136e+02 -9.240000000000000568e+01 -1.360500000000000000e+03
1.401100000000000136e+02 -9.240000000000000568e+01 -1.360500000000000000e+03
1.401100000000000136e+02 -8.662999999999999545e+01 -1.360390000000000100e+03
1.401100000000000136e+02 -8.662999999999999545e+01 -1.360390000000000100e+03
1.404600000000000080e+02 -8.085000000000000853e+01 -1.360259999999999991e+03
1.404600000000000080e+02 -8.085000000000000853e+01 -1.360259999999999991e+03
1.404600000000000080e+02 -8.085000000000000853e+01 -1.360259999999999991e+03
1.410600000000000023e+02 -7.521000000000000796e+01 -1.360120000000000118e+03
1.410600000000000023e+02 -7.521000000000000796e+01 -1.360120000000000118e+03
1.410600000000000023e+02 -7.521000000000000796e+01 -1.360120000000000118e+03
1.420200000000000102e+02 -6.950000000000000000e+01 -1.360009999999999991e+03
1.420200000000000102e+02 -6.950000000000000000e+01 -1.360009999999999991e+03
1.432700000000000102e+02 -6.388000000000000256e+01 -1.359860000000000127e+03
1.432700000000000102e+02 -6.388000000000000256e+01 -1.359860000000000127e+03
1.432700000000000102e+02 -6.388000000000000256e+01 -1.359860000000000127e+03
1.448799999999999955e+02 -5.816000000000000369e+01 -1.359670000000000073e+03
1.448799999999999955e+02 -5.816000000000000369e+01 -1.359670000000000073e+03
1.467100000000000080e+02 -5.275000000000000000e+01 -1.359450000000000045e+03
1.467100000000000080e+02 -5.275000000000000000e+01 -1.359450000000000045e+03
1.489000000000000057e+02 -4.734000000000000341e+01 -1.359150000000000091e+03
1.489000000000000057e+02 -4.734000000000000341e+01 -1.359150000000000091e+03
1.513100000000000023e+02 -4.213000000000000256e+01 -1.358880000000000109e+03
1.513100000000000023e+02 -4.213000000000000256e+01 -1.358880000000000109e+03
1.540300000000000011e+02 -3.705000000000000426e+01 -1.358630000000000109e+03
1.540300000000000011e+02 -3.705000000000000426e+01 -1.358630000000000109e+03
1.549200000000000159e+02 -3.552000000000000313e+01 -1.358539999999999964e+03
1.549200000000000159e+02 -3.552000000000000313e+01 -1.358539999999999964e+03
1.527899999999999920e+02 -3.942000000000000171e+01 -1.358750000000000000e+03
1.527899999999999920e+02 -3.942000000000000171e+01 -1.358750000000000000e+03
1.501899999999999977e+02 -4.461999999999999744e+01 -1.358990000000000009e+03
1.479000000000000057e+02 -4.989999999999999858e+01 -1.359360000000000127e+03
1.479000000000000057e+02 -4.989999999999999858e+01 -1.359360000000000127e+03
1.458600000000000136e+02 -5.532999999999999829e+01 -1.359579999999999927e+03
1.458600000000000136e+02 -5.532999999999999829e+01 -1.359579999999999927e+03
1.441400000000000148e+02 -6.081000000000000227e+01 -1.359750000000000000e+03
1.441400000000000148e+02 -6.081000000000000227e+01 -1.359750000000000000e+03
1.427100000000000080e+02 -6.643999999999999773e+01 -1.359950000000000045e+03
1.415800000000000125e+02 -7.215999999999999659e+01 -1.360079999999999927e+03
1.415800000000000125e+02 -7.215999999999999659e+01 -1.360079999999999927e+03
1.415800000000000125e+02 -7.215999999999999659e+01 -1.360079999999999927e+03
1.407700000000000102e+02 -7.801999999999999602e+01 -1.360259999999999991e+03
1.407700000000000102e+02 -7.801999999999999602e+01 -1.360259999999999991e+03
1.402800000000000011e+02 -8.368999999999999773e+01 -1.360410000000000082e+03
1.402800000000000011e+02 -8.368999999999999773e+01 -1.360410000000000082e+03
1.400999999999999943e+02 -8.946000000000000796e+01 -1.360470000000000027e+03
1.400999999999999943e+02 -8.946000000000000796e+01 -1.360470000000000027e+03
1.402299999999999898e+02 -9.528000000000000114e+01 -1.360509999999999991e+03
1.402299999999999898e+02 -9.528000000000000114e+01 -1.360509999999999991e+03
1.406899999999999977e+02 -1.010900000000000034e+02 -1.360569999999999936e+03
1.406899999999999977e+02 -1.010900000000000034e+02 -1.360569999999999936e+03
1.406899999999999977e+02 -1.010900000000000034e+02 -1.360569999999999936e+03
1.414099999999999966e+02 -1.066299999999999955e+02 -1.360559999999999945e+03
1.414099999999999966e+02 -1.066299999999999955e+02 -1.360559999999999945e+03
1.414099999999999966e+02 -1.066299999999999955e+02 -1.360559999999999945e+03
1.424699999999999989e+02 -1.122999999999999972e+02 -1.360569999999999936e+03
1.424699999999999989e+02 -1.122999999999999972e+02 -1.360569999999999936e+03
1.438499999999999943e+02 -1.179800000000000040e+02 -1.360500000000000000e+03
1.438499999999999943e+02 -1.179800000000000040e+02 -1.360500000000000000e+03
1.455900000000000034e+02 -1.237199999999999989e+02 -1.360509999999999991e+03
1.455900000000000034e+02 -1.237199999999999989e+02 -1.360509999999999991e+03
1.475699999999999932e+02 -1.291800000000000068e+02 -1.360380000000000109e+03
1.475699999999999932e+02 -1.291800000000000068e+02 -1.360380000000000109e+03
1.475699999999999932e+02 -1.291800000000000068e+02 -1.360380000000000109e+03
1.498600000000000136e+02 -1.345600000000000023e+02 -1.360259999999999991e+03
1.498600000000000136e+02 -1.345600000000000023e+02 -1.360259999999999991e+03
1.498600000000000136e+02 -1.345600000000000023e+02 -1.360259999999999991e+03
1.523400000000000034e+02 -1.396800000000000068e+02 -1.360089999999999918e+03
1.523400000000000034e+02 -1.396800000000000068e+02 -1.360089999999999918e+03
1.523400000000000034e+02 -1.396800000000000068e+02 -1.360089999999999918e+03
1.547700000000000102e+02 -1.443900000000000148e+02 -1.359940000000000055e+03
1.547700000000000102e+02 -1.443900000000000148e+02 -1.359940000000000055e+03
1.550200000000000102e+02 -1.448499999999999943e+02 -1.359910000000000082e+03
1.550200000000000102e+02 -1.448499999999999943e+02 -1.359910000000000082e+03
1.550200000000000102e+02 -1.448499999999999943e+02 -1.359910000000000082e+03
1.525600000000000023e+02 -1.401100000000000136e+02 -1.360039999999999964e+03
1.525600000000000023e+02 -1.401100000000000136e+02 -1.360039999999999964e+03
1.500500000000000114e+02 -1.349499999999999886e+02 -1.360190000000000055e+03
1.500500000000000114e+02 -1.349499999999999886e+02 -1.360190000000000055e+03
1.477700000000000102e+02 -1.296800000000000068e+02 -1.360360000000000127e+03
1.477700000000000102e+02 -1.296800000000000068e+02 -1.360360000000000127e+03
1.457199999999999989e+02 -1.241400000000000006e+02 -1.360360000000000127e+03
1.457199999999999989e+02 -1.241400000000000006e+02 -1.360360000000000127e+03
1.457199999999999989e+02 -1.241400000000000006e+02 -1.360360000000000127e+03
1.440000000000000000e+02 -1.185600000000000023e+02 -1.360460000000000036e+03
1.440000000000000000e+02 -1.185600000000000023e+02 -1.360460000000000036e+03
1.425900000000000034e+02 -1.128599999999999994e+02 -1.360519999999999982e+03
1.425900000000000034e+02 -1.128599999999999994e+02 -1.360519999999999982e+03
1.415300000000000011e+02 -1.074200000000000017e+02 -1.360559999999999945e+03
1.407500000000000000e+02 -1.016899999999999977e+02 -1.360519999999999982e+03
1.407500000000000000e+02 -1.016899999999999977e+02 -1.360519999999999982e+03
1.407500000000000000e+02 -1.016899999999999977e+02 -1.360519999999999982e+03
1.402599999999999909e+02 -9.593999999999999773e+01 -1.360509999999999991e+03
1.402599999999999909e+02 -9.593999999999999773e+01 -1.360509999999999991e+03
1.400699999999999932e+02 -9.007999999999999829e+01 -1.360480000000000018e+03
1.400699999999999932e+02 -9.007999999999999829e+01 -1.360480000000000018e+03
1.402100000000000080e+02 -8.434000000000000341e+01 -1.360380000000000109e+03
1.402100000000000080e+02 -8.434000000000000341e+01 -1.360380000000000109e+03
1.406599999999999966e+02 -7.864000000000000057e+01 -1.360200000000000045e+03
1.406599999999999966e+02 -7.864000000000000057e+01 -1.360200000000000045e+03
1.414099999999999966e+02 -7.295000000000000284e+01 -1.360130000000000109e+03
1.414099999999999966e+02 -7.295000000000000284e+01 -1.360130000000000109e+03
1.425000000000000000e+02 -6.717000000000000171e+01 -1.359910000000000082e+03
1.425000000000000000e+02 -6.717000000000000171e+01 -1.359910000000000082e+03
1.438600000000000136e+02 -6.164000000000000057e+01 -1.359789999999999964e+03
1.438600000000000136e+02 -6.164000000000000057e+01 -1.359789999999999964e+03
1.438600000000000136e+02 -6.164000000000000057e+01 -1.359789999999999964e+03
1.455800000000000125e+02 -5.599000000000000199e+01 -1.359620000000000118e+03
1.455800000000000125e+02 -5.599000000000000199e+01 -1.359620000000000118e+03
1.455800000000000125e+02 -5.599000000000000199e+01 -1.359620000000000118e+03
1.475399999999999920e+02 -5.062000000000000455e+01 -1.359329999999999927e+03
1.475399999999999920e+02 -5.062000000000000455e+01 -1.359329999999999927e+03
1.475399999999999920e+02 -5.062000000000000455e+01 -1.359329999999999927e+03
1.498300000000000125e+02 -4.523000000000000398e+01 -1.359000000000000000e+03
1.498300000000000125e+02 -4.523000000000000398e+01 -1.359000000000000000e+03
1.498300000000000125e+02 -4.523000000000000398e+01 -1.359000000000000000e+03
1.523799999999999955e+02 -4.007999999999999829e+01 -1.358769999999999982e+03
1.523799999999999955e+02 -4.007999999999999829e+01 -1.358769999999999982e+03
1.523799999999999955e+02 -4.007999999999999829e+01 -1.358769999999999982e+03
1.548100000000000023e+02 -3.571999999999999886e+01 -1.358549999999999955e+03
1.548100000000000023e+02 -3.571999999999999886e+01 -1.358549999999999955e+03
1.548100000000000023e+02 -3.571999999999999886e+01 -1.358549999999999955e+03
1.543100000000000023e+02 -3.667999999999999972e+01 -1.358600000000000136e+03
1.543100000000000023e+02 -3.667999999999999972e+01 -1.358600000000000136e+03
1.543100000000000023e+02 -3.667999999999999972e+01 -1.358600000000000136e+03
1.517199999999999989e+02 -4.148000000000000398e+01 -1.358880000000000109e+03
1.517199999999999989e+02 -4.148000000000000398e+01 -1.358880000000000109e+03
1.492199999999999989e+02 -4.675000000000000000e+01 -1.359160000000000082e+03
1.492199999999999989e+02 -4.675000000000000000e+01 -1.359160000000000082e+03
1.470600000000000023e+02 -5.200999999999999801e+01 -1.359450000000000045e+03
1.470600000000000023e+02 -5.200999999999999801e+01 -1.359450000000000045e+03
1.451500000000000057e+02 -5.749000000000000199e+01 -1.359650000000000091e+03
1.451500000000000057e+02 -5.749000000000000199e+01 -1.359650000000000091e+03
1.435300000000000011e+02 -6.303000000000000114e+01 -1.359860000000000127e+03
1.435300000000000011e+02 -6.303000000000000114e+01 -1.359860000000000127e+03
1.435300000000000011e+02 -6.303000000000000114e+01 -1.359860000000000127e+03
1.422199999999999989e+02 -6.876000000000000512e+01 -1.360069999999999936e+03
1.422199999999999989e+02 -6.876000000000000512e+01 -1.360069999999999936e+03
1.422199999999999989e+02 -6.876000000000000512e+01 -1.360069999999999936e+03
1.412199999999999989e+02 -7.446999999999999886e+01 -1.360160000000000082e+03
1.412199999999999989e+02 -7.446999999999999886e+01 -1.360160000000000082e+03
1.405399999999999920e+02 -8.026000000000000512e+01 -1.360279999999999973e+03
1.405399999999999920e+02 -8.026000000000000512e+01 -1.360279999999999973e+03
1.405399999999999920e+02 -8.026000000000000512e+01 -1.360279999999999973e+03
1.401700000000000159e+02 -8.600000000000000000e+01 -1.360400000000000091e+03
1.401700000000000159e+02 -8.600000000000000000e+01 -1.360400000000000091e+03
1.401700000000000159e+02 -8.600000000000000000e+01 -1.360400000000000091e+03
1.401200000000000045e+02 -9.176999999999999602e+01 -1.360509999999999991e+03
1.401200000000000045e+02 -9.176999999999999602e+01 -1.360509999999999991e+03
1.403799999999999955e+02 -9.760000000000000853e+01 -1.360529999999999973e+03
1.403799999999999955e+02 -9.760000000000000853e+01 -1.360529999999999973e+03
1.409399999999999977e+02 -1.033299999999999983e+02 -1.360549999999999955e+03
1.409399999999999977e+02 -1.033299999999999983e+02 -1.360549999999999955e+03
1.417899999999999920e+02 -1.088500000000000085e+02 -1.360600000000000136e+03
1.417899999999999920e+02 -1.088500000000000085e+02 -1.360600000000000136e+03
1.429799999999999898e+02 -1.145700000000000074e+02 -1.360549999999999955e+03
1.429799999999999898e+02 -1.145700000000000074e+02 -1.360549999999999955e+03
1.429799999999999898e+02 -1.145700000000000074e+02 -1.360549999999999955e+03
1.445099999999999909e+02 -1.202600000000000051e+02 -1.360559999999999945e+03
1.445099999999999909e+02 -1.202600000000000051e+02 -1.360559999999999945e+03
1.463400000000000034e+02 -1.259000000000000057e+02 -1.360470000000000027e+03
1.463400000000000034e+02 -1.259000000000000057e+02 -1.360470000000000027e+03
1.484600000000000080e+02 -1.313499999999999943e+02 -1.360289999999999964e+03
1.484600000000000080e+02 -1.313499999999999943e+02 -1.360289999999999964e+03
1.508400000000000034e+02 -1.366299999999999955e+02 -1.360210000000000036e+03
1.508400000000000034e+02 -1.366299999999999955e+02 -1.360210000000000036e+03
1.533199999999999932e+02 -1.416400000000000148e+02 -1.360019999999999982e+03
1.533199999999999932e+02 -1.416400000000000148e+02 -1.360019999999999982e+03
1.552299999999999898e+02 -1.452400000000000091e+02 -1.359870000000000118e+03
1.552299999999999898e+02 -1.452400000000000091e+02 -1.359870000000000118e+03
1.552299999999999898e+02 -1.452400000000000091e+02 -1.359870000000000118e+03
1.541299999999999955e+02 -1.431899999999999977e+02 -1.359880000000000109e+03
1.541299999999999955e+02 -1.431899999999999977e+02 -1.359880000000000109e+03
1.541299999999999955e+02 -1.431899999999999977e+02 -1.359880000000000109e+03
1.515699999999999932e+02 -1.381299999999999955e+02 -1.360089999999999918e+03
1.515699999999999932e+02 -1.381299999999999955e+02 -1.360089999999999918e+03
1.515699999999999932e+02 -1.381299999999999955e+02 -1.360089999999999918e+03
1.491100000000000136e+02 -1.328700000000000045e+02 -1.360190000000000055e+03
1.491100000000000136e+02 -1.328700000000000045e+02 -1.360190000000000055e+03
1.469200000000000159e+02 -1.275000000000000000e+02 -1.360339999999999918e+03
1.469200000000000159e+02 -1.275000000000000000e+02 -1.360339999999999918e+03
1.449900000000000091e+02 -1.218500000000000085e+02 -1.360440000000000055e+03
1.434099999999999966e+02 -1.163200000000000074e+02 -1.360509999999999991e+03
1.434099999999999966e+02 -1.163200000000000074e+02 -1.360509999999999991e+03
1.434099999999999966e+02 -1.163200000000000074e+02 -1.360509999999999991e+03
1.421200000000000045e+02 -1.106500000000000057e+02 -1.360539999999999964e+03
1.421200000000000045e+02 -1.106500000000000057e+02 -1.360539999999999964e+03
1.421200000000000045e+02 -1.106500000000000057e+02 -1.360539999999999964e+03
1.411800000000000068e+02 -1.052100000000000080e+02 -1.360500000000000000e+03
1.411800000000000068e+02 -1.052100000000000080e+02 -1.360500000000000000e+03
1.411800000000000068e+02 -1.052100000000000080e+02 -1.360500000000000000e+03
1.405200000000000102e+02 -9.945000000000000284e+01 -1.360549999999999955e+03
1.405200000000000102e+02 -9.945000000000000284e+01 -1.360549999999999955e+03
1.405200000000000102e+02 -9.945000000000000284e+01 -1.360549999999999955e+03
1.401500000000000057e+02 -9.359000000000000341e+01 -1.360480000000000018e+03
1.401500000000000057e+02 -9.359000000000000341e+01 -1.360480000000000018e+03
1.401500000000000057e+02 -9.359000000000000341e+01 -1.360480000000000018e+03
1.400800000000000125e+02 -8.779999999999999716e+01 -1.360440000000000055e+03
1.400800000000000125e+02 -8.779999999999999716e+01 -1.360440000000000055e+03
1.400800000000000125e+02 -8.779999999999999716e+01 -1.360440000000000055e+03
1.403600000000000136e+02 -8.212000000000000455e+01 -1.360319999999999936e+03
1.403600000000000136e+02 -8.212000000000000455e+01 -1.360319999999999936e+03
1.403600000000000136e+02 -8.212000000000000455e+01 -1.360319999999999936e+03
1.409200000000000159e+02 -7.637000000000000455e+01 -1.360190000000000055e+03
1.409200000000000159e+02 -7.637000000000000455e+01 -1.360190000000000055e+03
1.409200000000000159e+02 -7.637000000000000455e+01 -1.360190000000000055e+03
1.418000000000000114e+02 -7.068000000000000682e+01 -1.360069999999999936e+03
1.418000000000000114e+02 -7.068000000000000682e+01 -1.360069999999999936e+03
1.430300000000000011e+02 -6.493999999999999773e+01 -1.359920000000000073e+03
1.430300000000000011e+02 -6.493999999999999773e+01 -1.359920000000000073e+03
1.445200000000000102e+02 -5.935999999999999943e+01 -1.359700000000000045e+03
1.445200000000000102e+02 -5.935999999999999943e+01 -1.359700000000000045e+03
1.445200000000000102e+02 -5.935999999999999943e+01 -1.359700000000000045e+03
1.463400000000000034e+02 -5.378000000000000114e+01 -1.359529999999999973e+03
1.463400000000000034e+02 -5.378000000000000114e+01 -1.359529999999999973e+03
1.484300000000000068e+02 -4.842000000000000171e+01 -1.359190000000000055e+03
1.484300000000000068e+02 -4.842000000000000171e+01 -1.359190000000000055e+03
1.508000000000000114e+02 -4.317000000000000171e+01 -1.358880000000000109e+03
1.508000000000000114e+02 -4.317000000000000171e+01 -1.358880000000000109e+03
1.508000000000000114e+02 -4.317000000000000171e+01 -1.358880000000000109e+03
1.534399999999999977e+02 -3.810999999999999943e+01 -1.358650000000000091e+03
1.534399999999999977e+02 -3.810999999999999943e+01 -1.358650000000000091e+03
1.549399999999999977e+02 -3.548000000000000398e+01 -1.358519999999999982e+03
1.549399999999999977e+02 -3.548000000000000398e+01 -1.358519999999999982e+03
1.533499999999999943e+02 -3.838000000000000256e+01 -1.358700000000000045e+03
1.533499999999999943e+02 -3.838000000000000256e+01 -1.358700000000000045e+03
1.506899999999999977e+02 -4.357999999999999829e+01 -1.358970000000000027e+03
1.506899999999999977e+02 -4.357999999999999829e+01 -1.358970000000000027e+03
1.506899999999999977e+02 -4.357999999999999829e+01 -1.358970000000000027e+03
1.483199999999999932e+02 -4.887000000000000455e+01 -1.359259999999999991e+03
1.483199999999999932e+02 -4.887000000000000455e+01 -1.359259999999999991e+03
1.463000000000000114e+02 -5.413000000000000256e+01 -1.359549999999999955e+03
1.463000000000000114e+02 -5.413000000000000256e+01 -1.359549999999999955e+03
1.463000000000000114e+02 -5.413000000000000256e+01 -1.359549999999999955e+03
1.444799999999999898e+02 -5.967999999999999972e+01 -1.359750000000000000e+03
1.444799999999999898e+02 -5.967999999999999972e+01 -1.359750000000000000e+03
1.430000000000000000e+02 -6.523999999999999488e+01 -1.359920000000000073e+03
1.417899999999999920e+02 -7.100000000000000000e+01 -1.360120000000000118e+03
1.417899999999999920e+02 -7.100000000000000000e+01 -1.360120000000000118e+03
1.409200000000000159e+02 -7.679999999999999716e+01 -1.360259999999999991e+03
1.409200000000000159e+02 -7.679999999999999716e+01 -1.360259999999999991e+03
1.403700000000000045e+02 -8.256000000000000227e+01 -1.360319999999999936e+03
1.403700000000000045e+02 -8.256000000000000227e+01 -1.360319999999999936e+03
1.401100000000000136e+02 -8.829000000000000625e+01 -1.360470000000000027e+03
1.401100000000000136e+02 -8.829000000000000625e+01 -1.360470000000000027e+03
1.401100000000000136e+02 -8.829000000000000625e+01 -1.360470000000000027e+03
1.401899999999999977e+02 -9.406000000000000227e+01 -1.360509999999999991e+03
1.401899999999999977e+02 -9.406000000000000227e+01 -1.360509999999999991e+03
1.401899999999999977e+02 -9.406000000000000227e+01 -1.360509999999999991e+03
1.405800000000000125e+02 -9.985000000000000853e+01 -1.360579999999999927e+03
1.405800000000000125e+02 -9.985000000000000853e+01 -1.360579999999999927e+03
1.412500000000000000e+02 -1.055600000000000023e+02 -1.360579999999999927e+03
1.412500000000000000e+02 -1.055600000000000023e+02 -1.360579999999999927e+03
1.412500000000000000e+02 -1.055600000000000023e+02 -1.360579999999999927e+03
1.422199999999999989e+02 -1.110900000000000034e+02 -1.360610000000000127e+03
1.422199999999999989e+02 -1.110900000000000034e+02 -1.360610000000000127e+03
1.422199999999999989e+02 -1.110900000000000034e+02 -1.360610000000000127e+03
1.435399999999999920e+02 -1.168200000000000074e+02 -1.360500000000000000e+03
1.435399999999999920e+02 -1.168200000000000074e+02 -1.360500000000000000e+03
1.435399999999999920e+02 -1.168200000000000074e+02 -1.360500000000000000e+03
1.452000000000000171e+02 -1.225199999999999960e+02 -1.360509999999999991e+03
1.452000000000000171e+02 -1.225199999999999960e+02 -1.360509999999999991e+03
1.471500000000000057e+02 -1.280900000000000034e+02 -1.360410000000000082e+03
1.471500000000000057e+02 -1.280900000000000034e+02 -1.360410000000000082e+03
1.493600000000000136e+02 -1.334600000000000080e+02 -1.360329999999999927e+03
1.493600000000000136e+02 -1.334600000000000080e+02 -1.360329999999999927e+03
1.518300000000000125e+02 -1.386500000000000057e+02 -1.360140000000000100e+03
1.518300000000000125e+02 -1.386500000000000057e+02 -1.360140000000000100e+03
1.518300000000000125e+02 -1.386500000000000057e+02 -1.360140000000000100e+03
1.543199999999999932e+02 -1.435500000000000114e+02 -1.360000000000000000e+03
1.543199999999999932e+02 -1.435500000000000114e+02 -1.360000000000000000e+03
1.551899999999999977e+02 -1.451700000000000159e+02 -1.359900000000000091e+03
1.551899999999999977e+02 -1.451700000000000159e+02 -1.359900000000000091e+03
1.551899999999999977e+02 -1.451700000000000159e+02 -1.359900000000000091e+03
1.530900000000000034e+02 -1.411400000000000148e+02 -1.359960000000000036e+03
1.530900000000000034e+02 -1.411400000000000148e+02 -1.359960000000000036e+03
1.530900000000000034e+02 -1.411400000000000148e+02 -1.359960000000000036e+03
1.505999999999999943e+02 -1.361200000000000045e+02 -1.360150000000000091e+03
1.505999999999999943e+02 -1.361200000000000045e+02 -1.360150000000000091e+03
1.505999999999999943e+02 -1.361200000000000045e+02 -1.360150000000000091e+03
1.482299999999999898e+02 -1.307800000000000011e+02 -1.360339999999999918e+03
1.482299999999999898e+02 -1.307800000000000011e+02 -1.360339999999999918e+03
1.461400000000000148e+02 -1.253100000000000023e+02 -1.360440000000000055e+03
1.461400000000000148e+02 -1.253100000000000023e+02 -1.360440000000000055e+03
1.443199999999999932e+02 -1.196400000000000006e+02 -1.360480000000000018e+03
1.443199999999999932e+02 -1.196400000000000006e+02 -1.360480000000000018e+03
1.428700000000000045e+02 -1.140900000000000034e+02 -1.360559999999999945e+03
1.428700000000000045e+02 -1.140900000000000034e+02 -1.360559999999999945e+03
1.428700000000000045e+02 -1.140900000000000034e+02 -1.360559999999999945e+03
1.417299999999999898e+02 -1.084699999999999989e+02 -1.360549999999999955e+03
1.417299999999999898e+02 -1.084699999999999989e+02 -1.360549999999999955e+03
1.417299999999999898e+02 -1.084699999999999989e+02 -1.360549999999999955e+03
1.408799999999999955e+02 -1.029099999999999966e+02 -1.360549999999999955e+03
1.408799999999999955e+02 -1.029099999999999966e+02 -1.360549999999999955e+03
1.403300000000000125e+02 -9.715000000000000568e+01 -1.360529999999999973e+03
1.403300000000000125e+02 -9.715000000000000568e+01 -1.360529999999999973e+03
1.400900000000000034e+02 -9.134000000000000341e+01 -1.360450000000000045e+03
1.400900000000000034e+02 -9.134000000000000341e+01 -1.360450000000000045e+03
1.401599999999999966e+02 -8.548999999999999488e+01 -1.360380000000000109e+03
1.401599999999999966e+02 -8.548999999999999488e+01 -1.360380000000000109e+03
1.405600000000000023e+02 -7.982999999999999829e+01 -1.360319999999999936e+03
1.405600000000000023e+02 -7.982999999999999829e+01 -1.360319999999999936e+03
1.412400000000000091e+02 -7.410000000000000853e+01 -1.360150000000000091e+03
1.412400000000000091e+02 -7.410000000000000853e+01 -1.360150000000000091e+03
1.422299999999999898e+02 -6.843000000000000682e+01 -1.360000000000000000e+03
1.422299999999999898e+02 -6.843000000000000682e+01 -1.360000000000000000e+03
1.435699999999999932e+02 -6.273000000000000398e+01 -1.359839999999999918e+03
1.452000000000000171e+02 -5.714999999999999858e+01 -1.359640000000000100e+03
1.452000000000000171e+02 -5.714999999999999858e+01 -1.359640000000000100e+03
1.471200000000000045e+02 -5.168999999999999773e+01 -1.359420000000000073e+03
1.471200000000000045e+02 -5.168999999999999773e+01 -1.359420000000000073e+03
1.493300000000000125e+02 -4.634000000000000341e+01 -1.359089999999999918e+03
1.493300000000000125e+02 -4.634000000000000341e+01 -1.359089999999999918e+03
1.518499999999999943e+02 -4.107999999999999829e+01 -1.358799999999999955e+03
1.518499999999999943e+02 -4.107999999999999829e+01 -1.358799999999999955e+03
1.544600000000000080e+02 -3.632999999999999829e+01 -1.358559999999999945e+03
1.544600000000000080e+02 -3.632999999999999829e+01 -1.358559999999999945e+03
1.547100000000000080e+02 -3.591000000000000369e+01 -1.358610000000000127e+03
1.547100000000000080e+02 -3.591000000000000369e+01 -1.358610000000000127e+03
1.522899999999999920e+02 -4.038000000000000256e+01 -1.358809999999999945e+03
1.522899999999999920e+02 -4.038000000000000256e+01 -1.358809999999999945e+03
1.497400000000000091e+02 -4.560999999999999943e+01 -1.359079999999999927e+03
1.474399999999999977e+02 -5.100999999999999801e+01 -1.359380000000000109e+03
1.474399999999999977e+02 -5.100999999999999801e+01 -1.359380000000000109e+03
1.455300000000000011e+02 -5.631000000000000227e+01 -1.359620000000000118e+03
1.455300000000000011e+02 -5.631000000000000227e+01 -1.359620000000000118e+03
1.455300000000000011e+02 -5.631000000000000227e+01 -1.359620000000000118e+03
1.438499999999999943e+02 -6.188000000000000256e+01 -1.359809999999999945e+03
1.438499999999999943e+02 -6.188000000000000256e+01 -1.359809999999999945e+03
1.424799999999999898e+02 -6.751999999999999602e+01 -1.360009999999999991e+03
1.424799999999999898e+02 -6.751999999999999602e+01 -1.360009999999999991e+03
1.414000000000000057e+02 -7.329000000000000625e+01 -1.360140000000000100e+03
1.414000000000000057e+02 -7.329000000000000625e+01 -1.360140000000000100e+03
1.414000000000000057e+02 -7.329000000000000625e+01 -1.360140000000000100e+03
1.406599999999999966e+02 -7.904999999999999716e+01 -1.360259999999999991e+03
1.406599999999999966e+02 -7.904999999999999716e+01 -1.360259999999999991e+03
1.402199999999999989e+02 -8.482000000000000739e+01 -1.360430000000000064e+03
1.402199999999999989e+02 -8.482000000000000739e+01 -1.360430000000000064e+03
1.402199999999999989e+02 -8.482000000000000739e+01 -1.360430000000000064e+03
1.401100000000000136e+02 -9.057999999999999829e+01 -1.360490000000000009e+03
1.401100000000000136e+02 -9.057999999999999829e+01 -1.360490000000000009e+03
1.403100000000000023e+02 -9.643999999999999773e+01 -1.360579999999999927e+03
1.403100000000000023e+02 -9.643999999999999773e+01 -1.360579999999999927e+03
1.408000000000000114e+02 -1.020900000000000034e+02 -1.360559999999999945e+03
1.415999999999999943e+02 -1.077300000000000040e+02 -1.360600000000000136e+03
1.415999999999999943e+02 -1.077300000000000040e+02 -1.360600000000000136e+03
1.415999999999999943e+02 -1.077300000000000040e+02 -1.360600000000000136e+03
1.427000000000000171e+02 -1.133299999999999983e+02 -1.360579999999999927e+03
1.427000000000000171e+02 -1.133299999999999983e+02 -1.360579999999999927e+03
1.441599999999999966e+02 -1.191099999999999994e+02 -1.360500000000000000e+03
1.441599999999999966e+02 -1.191099999999999994e+02 -1.360500000000000000e+03
1.459399999999999977e+02 -1.247500000000000000e+02 -1.360460000000000036e+03
1.459399999999999977e+02 -1.247500000000000000e+02 -1.360460000000000036e+03
1.480000000000000000e+02 -1.302599999999999909e+02 -1.360350000000000136e+03
1.480000000000000000e+02 -1.302599999999999909e+02 -1.360350000000000136e+03
1.503199999999999932e+02 -1.355399999999999920e+02 -1.360210000000000036e+03
1.503199999999999932e+02 -1.355399999999999920e+02 -1.360210000000000036e+03
1.528199999999999932e+02 -1.406299999999999955e+02 -1.360110000000000127e+03
1.528199999999999932e+02 -1.406299999999999955e+02 -1.360110000000000127e+03
1.550600000000000023e+02 -1.449300000000000068e+02 -1.359930000000000064e+03
1.550600000000000023e+02 -1.449300000000000068e+02 -1.359930000000000064e+03
1.546299999999999955e+02 -1.441299999999999955e+02 -1.359910000000000082e+03
1.546299999999999955e+02 -1.441299999999999955e+02 -1.359910000000000082e+03
1.520800000000000125e+02 -1.391599999999999966e+02 -1.360089999999999918e+03
1.520800000000000125e+02 -1.391599999999999966e+02 -1.360089999999999918e+03
1.495999999999999943e+02 -1.339699999999999989e+02 -1.360150000000000091e+03
1.495999999999999943e+02 -1.339699999999999989e+02 -1.360150000000000091e+03
1.473499999999999943e+02 -1.286200000000000045e+02 -1.360329999999999927e+03
1.473499999999999943e+02 -1.286200000000000045e+02 -1.360329999999999927e+03
1.453799999999999955e+02 -1.230900000000000034e+02 -1.360430000000000064e+03
1.453799999999999955e+02 -1.230900000000000034e+02 -1.360430000000000064e+03
1.453799999999999955e+02 -1.230900000000000034e+02 -1.360430000000000064e+03
1.436899999999999977e+02 -1.174099999999999966e+02 -1.360509999999999991e+03
1.436899999999999977e+02 -1.174099999999999966e+02 -1.360509999999999991e+03
1.423600000000000136e+02 -1.118500000000000085e+02 -1.360549999999999955e+03
1.423600000000000136e+02 -1.118500000000000085e+02 -1.360549999999999955e+03
1.413499999999999943e+02 -1.062999999999999972e+02 -1.360579999999999927e+03
1.413499999999999943e+02 -1.062999999999999972e+02 -1.360579999999999927e+03
1.406400000000000148e+02 -1.006299999999999955e+02 -1.360480000000000018e+03
1.406400000000000148e+02 -1.006299999999999955e+02 -1.360480000000000018e+03
1.401800000000000068e+02 -9.476000000000000512e+01 -1.360480000000000018e+03
1.400699999999999932e+02 -8.900000000000000000e+01 -1.360430000000000064e+03
1.400699999999999932e+02 -8.900000000000000000e+01 -1.360430000000000064e+03
1.402800000000000011e+02 -8.321999999999999886e+01 -1.360319999999999936e+03
1.402800000000000011e+02 -8.321999999999999886e+01 -1.360319999999999936e+03
1.407700000000000102e+02 -7.759000000000000341e+01 -1.360180000000000064e+03
1.407700000000000102e+02 -7.759000000000000341e+01 -1.360180000000000064e+03
1.415900000000000034e+02 -7.182999999999999829e+01 -1.360100000000000136e+03
1.427500000000000000e+02 -6.612000000000000455e+01 -1.359950000000000045e+03
1.427500000000000000e+02 -6.612000000000000455e+01 -1.359950000000000045e+03
1.427500000000000000e+02 -6.612000000000000455e+01 -1.359950000000000045e+03
1.441700000000000159e+02 -6.055000000000000426e+01 -1.359730000000000018e+03
1.459099999999999966e+02 -5.500999999999999801e+01 -1.359569999999999936e+03
1.459099999999999966e+02 -5.500999999999999801e+01 -1.359569999999999936e+03
1.479799999999999898e+02 -4.953000000000000114e+01 -1.359279999999999973e+03
1.479799999999999898e+02 -4.953000000000000114e+01 -1.359279999999999973e+03
1.503000000000000114e+02 -4.425000000000000000e+01 -1.359009999999999991e+03
1.503000000000000114e+02 -4.425000000000000000e+01 -1.359009999999999991e+03
1.503000000000000114e+02 -4.425000000000000000e+01 -1.359009999999999991e+03
1.529099999999999966e+02 -3.907999999999999829e+01 -1.358700000000000045e+03
1.529099999999999966e+02 -3.907999999999999829e+01 -1.358700000000000045e+03
1.549799999999999898e+02 -3.542000000000000171e+01 -1.358539999999999964e+03
1.549799999999999898e+02 -3.542000000000000171e+01 -1.358539999999999964e+03
1.549799999999999898e+02 -3.542000000000000171e+01 -1.358539999999999964e+03
1.539399999999999977e+02 -3.732000000000000028e+01 -1.358600000000000136e+03
1.539399999999999977e+02 -3.732000000000000028e+01 -1.358600000000000136e+03
1.539399999999999977e+02 -3.732000000000000028e+01 -1.358600000000000136e+03
1.512100000000000080e+02 -4.250999999999999801e+01 -1.358950000000000045e+03
1.512100000000000080e+02 -4.250999999999999801e+01 -1.358950000000000045e+03
1.512100000000000080e+02 -4.250999999999999801e+01 -1.358950000000000045e+03
1.488100000000000023e+02 -4.768999999999999773e+01 -1.359160000000000082e+03
1.488100000000000023e+02 -4.768999999999999773e+01 -1.359160000000000082e+03
1.488100000000000023e+02 -4.768999999999999773e+01 -1.359160000000000082e+03
1.466599999999999966e+02 -5.307999999999999829e+01 -1.359480000000000018e+03
1.466599999999999966e+02 -5.307999999999999829e+01 -1.359480000000000018e+03
1.448300000000000125e+02 -5.853000000000000114e+01 -1.359690000000000055e+03
1.448300000000000125e+02 -5.853000000000000114e+01 -1.359690000000000055e+03
1.432599999999999909e+02 -6.412999999999999545e+01 -1.359870000000000118e+03
1.432599999999999909e+02 -6.412999999999999545e+01 -1.359870000000000118e+03
1.420099999999999909e+02 -6.979999999999999716e+01 -1.360029999999999973e+03
1.420099999999999909e+02 -6.979999999999999716e+01 -1.360029999999999973e+03
1.410600000000000023e+02 -7.560999999999999943e+01 -1.360200000000000045e+03
1.410600000000000023e+02 -7.560999999999999943e+01 -1.360200000000000045e+03
1.410600000000000023e+02 -7.560999999999999943e+01 -1.360200000000000045e+03
1.404600000000000080e+02 -8.132000000000000739e+01 -1.360339999999999918e+03
1.404600000000000080e+02 -8.132000000000000739e+01 -1.360339999999999918e+03
1.404600000000000080e+02 -8.132000000000000739e+01 -1.360339999999999918e+03
1.401400000000000148e+02 -8.712000000000000455e+01 -1.360470000000000027e+03
1.401400000000000148e+02 -8.712000000000000455e+01 -1.360470000000000027e+03
1.401400000000000148e+02 -8.712000000000000455e+01 -1.360470000000000027e+03
1.401500000000000057e+02 -9.285999999999999943e+01 -1.360549999999999955e+03
1.401500000000000057e+02 -9.285999999999999943e+01 -1.360549999999999955e+03
1.401500000000000057e+02 -9.285999999999999943e+01 -1.360549999999999955e+03
1.404799999999999898e+02 -9.871999999999999886e+01 -1.360569999999999936e+03
1.404799999999999898e+02 -9.871999999999999886e+01 -1.360569999999999936e+03
1.404799999999999898e+02 -9.871999999999999886e+01 -1.360569999999999936e+03
1.410900000000000034e+02 -1.043500000000000085e+02 -1.360650000000000091e+03
1.410900000000000034e+02 -1.043500000000000085e+02 -1.360650000000000091e+03
1.410900000000000034e+02 -1.043500000000000085e+02 -1.360650000000000091e+03
1.420000000000000000e+02 -1.099900000000000091e+02 -1.360579999999999927e+03
1.420000000000000000e+02 -1.099900000000000091e+02 -1.360579999999999927e+03
1.420000000000000000e+02 -1.099900000000000091e+02 -1.360579999999999927e+03
1.432500000000000000e+02 -1.156299999999999955e+02 -1.360559999999999945e+03
1.432500000000000000e+02 -1.156299999999999955e+02 -1.360559999999999945e+03
1.448300000000000125e+02 -1.213500000000000085e+02 -1.360519999999999982e+03
1.448300000000000125e+02 -1.213500000000000085e+02 -1.360519999999999982e+03
1.448300000000000125e+02 -1.213500000000000085e+02 -1.360519999999999982e+03
1.467100000000000080e+02 -1.269300000000000068e+02 -1.360390000000000100e+03
1.467100000000000080e+02 -1.269300000000000068e+02 -1.360390000000000100e+03
1.489000000000000057e+02 -1.324200000000000159e+02 -1.360279999999999973e+03
1.489000000000000057e+02 -1.324200000000000159e+02 -1.360279999999999973e+03
1.512899999999999920e+02 -1.375800000000000125e+02 -1.360170000000000073e+03
1.538300000000000125e+02 -1.426100000000000136e+02 -1.360009999999999991e+03
1.538300000000000125e+02 -1.426100000000000136e+02 -1.360009999999999991e+03
1.552299999999999898e+02 -1.452500000000000000e+02 -1.359880000000000109e+03
1.552299999999999898e+02 -1.452500000000000000e+02 -1.359880000000000109e+03
1.535800000000000125e+02 -1.421299999999999955e+02 -1.359930000000000064e+03
1.535800000000000125e+02 -1.421299999999999955e+02 -1.359930000000000064e+03
1.510800000000000125e+02 -1.371200000000000045e+02 -1.360120000000000118e+03
1.510800000000000125e+02 -1.371200000000000045e+02 -1.360120000000000118e+03
1.487000000000000171e+02 -1.319000000000000057e+02 -1.360269999999999982e+03
1.487000000000000171e+02 -1.319000000000000057e+02 -1.360269999999999982e+03
1.465300000000000011e+02 -1.264300000000000068e+02 -1.360390000000000100e+03
1.465300000000000011e+02 -1.264300000000000068e+02 -1.360390000000000100e+03
1.446700000000000159e+02 -1.208299999999999983e+02 -1.360460000000000036e+03
1.446700000000000159e+02 -1.208299999999999983e+02 -1.360460000000000036e+03
1.431299999999999955e+02 -1.152000000000000028e+02 -1.360529999999999973e+03
1.431299999999999955e+02 -1.152000000000000028e+02 -1.360529999999999973e+03
1.419300000000000068e+02 -1.096700000000000017e+02 -1.360529999999999973e+03
1.419300000000000068e+02 -1.096700000000000017e+02 -1.360529999999999973e+03
1.410300000000000011e+02 -1.040600000000000023e+02 -1.360549999999999955e+03
1.404200000000000159e+02 -9.835999999999999943e+01 -1.360490000000000009e+03
1.404200000000000159e+02 -9.835999999999999943e+01 -1.360490000000000009e+03
1.404200000000000159e+02 -9.835999999999999943e+01 -1.360490000000000009e+03
1.401100000000000136e+02 -9.246999999999999886e+01 -1.360500000000000000e+03
1.401100000000000136e+02 -9.246999999999999886e+01 -1.360500000000000000e+03
1.401100000000000136e+02 -9.246999999999999886e+01 -1.360500000000000000e+03
1.401100000000000136e+02 -8.668999999999999773e+01 -1.360390000000000100e+03
1.401100000000000136e+02 -8.668999999999999773e+01 -1.360390000000000100e+03
1.401100000000000136e+02 -8.668999999999999773e+01 -1.360390000000000100e+03
1.404500000000000171e+02 -8.096000000000000796e+01 -1.360269999999999982e+03
1.404500000000000171e+02 -8.096000000000000796e+01 -1.360269999999999982e+03
1.410699999999999932e+02 -7.529000000000000625e+01 -1.360200000000000045e+03
1.410699999999999932e+02 -7.529000000000000625e+01 -1.360200000000000045e+03
1.420099999999999909e+02 -6.959000000000000341e+01 -1.360029999999999973e+03
1.420099999999999909e+02 -6.959000000000000341e+01 -1.360029999999999973e+03
1.432599999999999909e+02 -6.395000000000000284e+01 -1.359870000000000118e+03
1.448600000000000136e+02 -5.825000000000000000e+01 -1.359680000000000064e+03
1.448600000000000136e+02 -5.825000000000000000e+01 -1.359680000000000064e+03
1.466899999999999977e+02 -5.282000000000000028e+01 -1.359470000000000027e+03
1.466899999999999977e+02 -5.282000000000000028e+01 -1.359470000000000027e+03
1.466899999999999977e+02 -5.282000000000000028e+01 -1.359470000000000027e+03
1.488600000000000136e+02 -4.742999999999999972e+01 -1.359200000000000045e+03
1.488600000000000136e+02 -4.742999999999999972e+01 -1.359200000000000045e+03
1.512800000000000011e+02 -4.220000000000000284e+01 -1.358850000000000136e+03
1.512800000000000011e+02 -4.220000000000000284e+01 -1.358850000000000136e+03
1.539900000000000091e+02 -3.710999999999999943e+01 -1.358579999999999927e+03
1.539900000000000091e+02 -3.710999999999999943e+01 -1.358579999999999927e+03
1.539900000000000091e+02 -3.710999999999999943e+01 -1.358579999999999927e+03
1.549399999999999977e+02 -3.549000000000000199e+01 -1.358529999999999973e+03
1.549399999999999977e+02 -3.549000000000000199e+01 -1.358529999999999973e+03
1.528499999999999943e+02 -3.932999999999999829e+01 -1.358730000000000018e+03
1.528499999999999943e+02 -3.932999999999999829e+01 -1.358730000000000018e+03
1.502100000000000080e+02 -4.455000000000000426e+01 -1.359009999999999991e+03
1.502100000000000080e+02 -4.455000000000000426e+01 -1.359009999999999991e+03
1.502100000000000080e+02 -4.455000000000000426e+01 -1.359009999999999991e+03
1.479399999999999977e+02 -4.981000000000000227e+01 -1.359299999999999955e+03
1.458900000000000148e+02 -5.525999999999999801e+01 -1.359600000000000136e+03
1.458900000000000148e+02 -5.525999999999999801e+01 -1.359600000000000136e+03
1.458900000000000148e+02 -5.525999999999999801e+01 -1.359600000000000136e+03
1.441700000000000159e+02 -6.071000000000000085e+01 -1.359769999999999982e+03
1.441700000000000159e+02 -6.071000000000000085e+01 -1.359769999999999982e+03
1.441700000000000159e+02 -6.071000000000000085e+01 -1.359769999999999982e+03
1.427400000000000091e+02 -6.635999999999999943e+01 -1.359990000000000009e+03
1.427400000000000091e+02 -6.635999999999999943e+01 -1.359990000000000009e+03
1.415999999999999943e+02 -7.207000000000000739e+01 -1.360130000000000109e+03
1.415999999999999943e+02 -7.207000000000000739e+01 -1.360130000000000109e+03
1.407800000000000011e+02 -7.793000000000000682e+01 -1.360230000000000018e+03
1.407800000000000011e+02 -7.793000000000000682e+01 -1.360230000000000018e+03
1.407800000000000011e+02 -7.793000000000000682e+01 -1.360230000000000018e+03
1.402899999999999920e+02 -8.360000000000000853e+01 -1.360350000000000136e+03
1.402899999999999920e+02 -8.360000000000000853e+01 -1.360350000000000136e+03
1.400999999999999943e+02 -8.940000000000000568e+01 -1.360480000000000018e+03
1.400999999999999943e+02 -8.940000000000000568e+01 -1.360480000000000018e+03
1.402400000000000091e+02 -9.520000000000000284e+01 -1.360539999999999964e+03
1.402400000000000091e+02 -9.520000000000000284e+01 -1.360539999999999964e+03
1.406899999999999977e+02 -1.010199999999999960e+02 -1.360600000000000136e+03
1.406899999999999977e+02 -1.010199999999999960e+02 -1.360600000000000136e+03
1.414000000000000057e+02 -1.065600000000000023e+02 -1.360579999999999927e+03
1.414000000000000057e+02 -1.065600000000000023e+02 -1.360579999999999927e+03
1.424500000000000171e+02 -1.122199999999999989e+02 -1.360579999999999927e+03
1.424500000000000171e+02 -1.122199999999999989e+02 -1.360579999999999927e+03
1.438199999999999932e+02 -1.178900000000000006e+02 -1.360529999999999973e+03
1.438199999999999932e+02 -1.178900000000000006e+02 -1.360529999999999973e+03
1.455600000000000023e+02 -1.236500000000000057e+02 -1.360490000000000009e+03
1.455600000000000023e+02 -1.236500000000000057e+02 -1.360490000000000009e+03
1.475300000000000011e+02 -1.290900000000000034e+02 -1.360420000000000073e+03
1.475300000000000011e+02 -1.290900000000000034e+02 -1.360420000000000073e+03
1.498300000000000125e+02 -1.345000000000000000e+02 -1.360279999999999973e+03
1.498300000000000125e+02 -1.345000000000000000e+02 -1.360279999999999973e+03
1.522899999999999920e+02 -1.395999999999999943e+02 -1.360089999999999918e+03
1.522899999999999920e+02 -1.395999999999999943e+02 -1.360089999999999918e+03
1.547400000000000091e+02 -1.443499999999999943e+02 -1.359940000000000055e+03
1.547400000000000091e+02 -1.443499999999999943e+02 -1.359940000000000055e+03
1.550600000000000023e+02 -1.449300000000000068e+02 -1.359930000000000064e+03
1.550600000000000023e+02 -1.449300000000000068e+02 -1.359930000000000064e+03
1.525900000000000034e+02 -1.401700000000000159e+02 -1.360049999999999955e+03
1.525900000000000034e+02 -1.401700000000000159e+02 -1.360049999999999955e+03
1.500999999999999943e+02 -1.350500000000000114e+02 -1.360160000000000082e+03
1.500999999999999943e+02 -1.350500000000000114e+02 -1.360160000000000082e+03
1.477899999999999920e+02 -1.297500000000000000e+02 -1.360299999999999955e+03
1.457500000000000000e+02 -1.242300000000000040e+02 -1.360410000000000082e+03
1.457500000000000000e+02 -1.242300000000000040e+02 -1.360410000000000082e+03
1.440300000000000011e+02 -1.186400000000000006e+02 -1.360480000000000018e+03
1.440300000000000011e+02 -1.186400000000000006e+02 -1.360480000000000018e+03
1.425999999999999943e+02 -1.129500000000000028e+02 -1.360500000000000000e+03
1.425999999999999943e+02 -1.129500000000000028e+02 -1.360500000000000000e+03
1.415399999999999920e+02 -1.074699999999999989e+02 -1.360559999999999945e+03
1.415399999999999920e+02 -1.074699999999999989e+02 -1.360559999999999945e+03
1.407500000000000000e+02 -1.017699999999999960e+02 -1.360529999999999973e+03
1.407500000000000000e+02 -1.017699999999999960e+02 -1.360529999999999973e+03
1.407500000000000000e+02 -1.017699999999999960e+02 -1.360529999999999973e+03
1.402599999999999909e+02 -9.601999999999999602e+01 -1.360549999999999955e+03
1.402599999999999909e+02 -9.601999999999999602e+01 -1.360549999999999955e+03
1.400699999999999932e+02 -9.018000000000000682e+01 -1.360460000000000036e+03
1.400699999999999932e+02 -9.018000000000000682e+01 -1.360460000000000036e+03
1.402000000000000171e+02 -8.442000000000000171e+01 -1.360350000000000136e+03
1.402000000000000171e+02 -8.442000000000000171e+01 -1.360350000000000136e+03
1.406500000000000057e+02 -7.873999999999999488e+01 -1.360190000000000055e+03
1.406500000000000057e+02 -7.873999999999999488e+01 -1.360190000000000055e+03
1.413900000000000148e+02 -7.301999999999999602e+01 -1.360089999999999918e+03
1.413900000000000148e+02 -7.301999999999999602e+01 -1.360089999999999918e+03
1.424900000000000091e+02 -6.726000000000000512e+01 -1.359940000000000055e+03
1.424900000000000091e+02 -6.726000000000000512e+01 -1.359940000000000055e+03
1.438400000000000034e+02 -6.169000000000000483e+01 -1.359779999999999973e+03
1.438400000000000034e+02 -6.169000000000000483e+01 -1.359779999999999973e+03
1.455500000000000114e+02 -5.607000000000000028e+01 -1.359589999999999918e+03
1.455500000000000114e+02 -5.607000000000000028e+01 -1.359589999999999918e+03
1.475000000000000000e+02 -5.067999999999999972e+01 -1.359350000000000136e+03
1.475000000000000000e+02 -5.067999999999999972e+01 -1.359350000000000136e+03
1.497899999999999920e+02 -4.532000000000000028e+01 -1.359059999999999945e+03
1.497899999999999920e+02 -4.532000000000000028e+01 -1.359059999999999945e+03
1.523499999999999943e+02 -4.014999999999999858e+01 -1.358779999999999973e+03
1.523499999999999943e+02 -4.014999999999999858e+01 -1.358779999999999973e+03
1.523499999999999943e+02 -4.014999999999999858e+01 -1.358779999999999973e+03
1.547800000000000011e+02 -3.575000000000000000e+01 -1.358509999999999991e+03
1.547800000000000011e+02 -3.575000000000000000e+01 -1.358509999999999991e+03
1.543300000000000125e+02 -3.661999999999999744e+01 -1.358600000000000136e+03
1.543300000000000125e+02 -3.661999999999999744e+01 -1.358600000000000136e+03
1.543300000000000125e+02 -3.661999999999999744e+01 -1.358600000000000136e+03
1.517700000000000102e+02 -4.138000000000000256e+01 -1.358870000000000118e+03
1.517700000000000102e+02 -4.138000000000000256e+01 -1.358870000000000118e+03
1.517700000000000102e+02 -4.138000000000000256e+01 -1.358870000000000118e+03
1.492500000000000000e+02 -4.667000000000000171e+01 -1.359120000000000118e+03
1.492500000000000000e+02 -4.667000000000000171e+01 -1.359120000000000118e+03
1.470900000000000034e+02 -5.192999999999999972e+01 -1.359450000000000045e+03
1.451700000000000159e+02 -5.739999999999999858e+01 -1.359650000000000091e+03
1.451700000000000159e+02 -5.739999999999999858e+01 -1.359650000000000091e+03
1.435600000000000023e+02 -6.294000000000000483e+01 -1.359890000000000100e+03
1.435600000000000023e+02 -6.294000000000000483e+01 -1.359890000000000100e+03
1.435600000000000023e+02 -6.294000000000000483e+01 -1.359890000000000100e+03
1.422299999999999898e+02 -6.868999999999999773e+01 -1.360029999999999973e+03
1.422299999999999898e+02 -6.868999999999999773e+01 -1.360029999999999973e+03
1.412299999999999898e+02 -7.437000000000000455e+01 -1.360180000000000064e+03
1.412299999999999898e+02 -7.437000000000000455e+01 -1.360180000000000064e+03
1.405500000000000114e+02 -8.015999999999999659e+01 -1.360299999999999955e+03
1.405500000000000114e+02 -8.015999999999999659e+01 -1.360299999999999955e+03
1.401700000000000159e+02 -8.589000000000000057e+01 -1.360440000000000055e+03
1.401700000000000159e+02 -8.589000000000000057e+01 -1.360440000000000055e+03
1.401200000000000045e+02 -9.171000000000000796e+01 -1.360500000000000000e+03
1.401200000000000045e+02 -9.171000000000000796e+01 -1.360500000000000000e+03
1.401200000000000045e+02 -9.171000000000000796e+01 -1.360500000000000000e+03
1.403700000000000045e+02 -9.751000000000000512e+01 -1.360519999999999982e+03
1.403700000000000045e+02 -9.751000000000000512e+01 -1.360519999999999982e+03
1.403700000000000045e+02 -9.751000000000000512e+01 -1.360519999999999982e+03
1.409300000000000068e+02 -1.032500000000000000e+02 -1.360539999999999964e+03
1.409300000000000068e+02 -1.032500000000000000e+02 -1.360539999999999964e+03
1.417800000000000011e+02 -1.087600000000000051e+02 -1.360610000000000127e+03
1.417800000000000011e+02 -1.087600000000000051e+02 -1.360610000000000127e+03
1.429699999999999989e+02 -1.144800000000000040e+02 -1.360539999999999964e+03
1.429699999999999989e+02 -1.144800000000000040e+02 -1.360539999999999964e+03
1.444699999999999989e+02 -1.201599999999999966e+02 -1.360519999999999982e+03
1.444699999999999989e+02 -1.201599999999999966e+02 -1.360519999999999982e+03
1.463199999999999932e+02 -1.258400000000000034e+02 -1.360460000000000036e+03
1.463199999999999932e+02 -1.258400000000000034e+02 -1.360460000000000036e+03
1.484200000000000159e+02 -1.312700000000000102e+02 -1.360309999999999945e+03
1.484200000000000159e+02 -1.312700000000000102e+02 -1.360309999999999945e+03
1.508100000000000023e+02 -1.365699999999999932e+02 -1.360160000000000082e+03
1.532899999999999920e+02 -1.415800000000000125e+02 -1.360059999999999945e+03
1.532899999999999920e+02 -1.415800000000000125e+02 -1.360059999999999945e+03
1.555800000000000125e+02 -1.458900000000000148e+02 -1.359850000000000136e+03
1.555800000000000125e+02 -1.458900000000000148e+02 -1.359850000000000136e+03
1.561299999999999955e+02 -1.468400000000000034e+02 -1.359809999999999945e+03
