0.000000000000000000e+00 1.163883537058879629e-311 1.163871341463427180e-311
1.707299999999999898e+02 -1.513000000000000114e+02 -1.422829999999999927e+03
1.707299999999999898e+02 -1.513000000000000114e+02 -1.422829999999999927e+03
1.686599999999999966e+02 -1.488000000000000114e+02 -1.423190000000000055e+03
1.664900000000000091e+02 -1.460600000000000023e+02 -1.423269999999999982e+03
1.650900000000000034e+02 -1.441599999999999966e+02 -1.423420000000000073e+03
1.630000000000000000e+02 -1.412000000000000171e+02 -1.423579999999999927e+03
1.610699999999999932e+02 -1.382400000000000091e+02 -1.423650000000000091e+03
1.598400000000000034e+02 -1.362400000000000091e+02 -1.423819999999999936e+03
1.581100000000000136e+02 -1.332299999999999898e+02 -1.423990000000000009e+03
1.565200000000000102e+02 -1.302700000000000102e+02 -1.424100000000000136e+03
1.555000000000000000e+02 -1.282700000000000102e+02 -1.424230000000000018e+03
1.540399999999999920e+02 -1.251700000000000017e+02 -1.424309999999999945e+03
1.526500000000000057e+02 -1.219699999999999989e+02 -1.424509999999999991e+03
1.517700000000000102e+02 -1.198200000000000074e+02 -1.424620000000000118e+03
1.505399999999999920e+02 -1.165000000000000000e+02 -1.424700000000000045e+03
1.497500000000000000e+02 -1.142600000000000051e+02 -1.424740000000000009e+03
1.487100000000000080e+02 -1.109500000000000028e+02 -1.424900000000000091e+03
1.478100000000000023e+02 -1.075799999999999983e+02 -1.424900000000000091e+03
1.472700000000000102e+02 -1.053599999999999994e+02 -1.424960000000000036e+03
1.465500000000000114e+02 -1.020400000000000063e+02 -1.424940000000000055e+03
1.459300000000000068e+02 -9.862000000000000455e+01 -1.425009999999999991e+03
1.455800000000000125e+02 -9.632000000000000739e+01 -1.425079999999999927e+03
1.451400000000000148e+02 -9.287999999999999545e+01 -1.425059999999999945e+03
1.448100000000000023e+02 -8.937000000000000455e+01 -1.425100000000000136e+03
1.446400000000000148e+02 -8.707000000000000739e+01 -1.425100000000000136e+03
1.444799999999999898e+02 -8.351000000000000512e+01 -1.424930000000000064e+03
1.444799999999999898e+02 -7.993999999999999773e+01 -1.424990000000000009e+03
1.445200000000000102e+02 -7.760000000000000853e+01 -1.424940000000000055e+03
1.446899999999999977e+02 -7.415999999999999659e+01 -1.424950000000000045e+03
1.449799999999999898e+02 -7.067000000000000171e+01 -1.424860000000000127e+03
1.452500000000000000e+02 -6.837000000000000455e+01 -1.424870000000000118e+03
1.454399999999999977e+02 -6.696000000000000796e+01 -1.424880000000000109e+03
1.451200000000000045e+02 -6.993999999999999773e+01 -1.424799999999999955e+03
1.449099999999999966e+02 -7.218999999999999773e+01 -1.424910000000000082e+03
1.446700000000000159e+02 -7.560999999999999943e+01 -1.424870000000000118e+03
1.445500000000000114e+02 -7.910000000000000853e+01 -1.424950000000000045e+03
1.445099999999999909e+02 -8.140000000000000568e+01 -1.424870000000000118e+03
1.445699999999999932e+02 -8.487000000000000455e+01 -1.424900000000000091e+03
1.447800000000000011e+02 -8.843999999999999773e+01 -1.424960000000000036e+03
1.450000000000000000e+02 -9.082999999999999829e+01 -1.425079999999999927e+03
1.453600000000000136e+02 -9.432000000000000739e+01 -1.425069999999999936e+03
1.458499999999999943e+02 -9.785000000000000853e+01 -1.425059999999999945e+03
1.462299999999999898e+02 -1.001000000000000085e+02 -1.424970000000000027e+03
1.468900000000000148e+02 -1.035000000000000000e+02 -1.424880000000000109e+03
1.476599999999999966e+02 -1.069099999999999966e+02 -1.424900000000000091e+03
1.482299999999999898e+02 -1.091599999999999966e+02 -1.424940000000000055e+03
1.492000000000000171e+02 -1.124800000000000040e+02 -1.424850000000000136e+03
1.503000000000000114e+02 -1.158299999999999983e+02 -1.424680000000000064e+03
1.515000000000000000e+02 -1.191200000000000045e+02 -1.424620000000000118e+03
1.523600000000000136e+02 -1.212900000000000063e+02 -1.424529999999999973e+03
1.537299999999999898e+02 -1.244600000000000080e+02 -1.424360000000000127e+03
1.551299999999999955e+02 -1.275100000000000051e+02 -1.424170000000000073e+03
1.561400000000000148e+02 -1.295500000000000114e+02 -1.424100000000000136e+03
1.577800000000000011e+02 -1.326200000000000045e+02 -1.423970000000000027e+03
1.595000000000000000e+02 -1.356800000000000068e+02 -1.423900000000000091e+03
1.607500000000000000e+02 -1.377199999999999989e+02 -1.423779999999999973e+03
1.626800000000000068e+02 -1.407400000000000091e+02 -1.423579999999999927e+03
1.647100000000000080e+02 -1.436599999999999966e+02 -1.423529999999999973e+03
1.661100000000000136e+02 -1.455699999999999932e+02 -1.423380000000000109e+03
1.683199999999999932e+02 -1.484200000000000159e+02 -1.423210000000000036e+03
1.705300000000000011e+02 -1.510800000000000125e+02 -1.422960000000000036e+03
1.707100000000000080e+02 -1.512500000000000000e+02 -1.422970000000000027e+03
1.686500000000000057e+02 -1.488000000000000114e+02 -1.423180000000000064e+03
1.665000000000000000e+02 -1.460699999999999932e+02 -1.423309999999999945e+03
1.650900000000000034e+02 -1.441700000000000159e+02 -1.423480000000000018e+03
1.630099999999999909e+02 -1.412100000000000080e+02 -1.423610000000000127e+03
1.610900000000000034e+02 -1.382599999999999909e+02 -1.423690000000000055e+03
1.598400000000000034e+02 -1.362500000000000000e+02 -1.423769999999999982e+03
1.581100000000000136e+02 -1.332400000000000091e+02 -1.423950000000000045e+03
1.565200000000000102e+02 -1.302800000000000011e+02 -1.424079999999999927e+03
1.555200000000000102e+02 -1.282800000000000011e+02 -1.424170000000000073e+03
1.540500000000000114e+02 -1.251899999999999977e+02 -1.424380000000000109e+03
1.530900000000000034e+02 -1.230499999999999972e+02 -1.424460000000000036e+03
1.517599999999999909e+02 -1.198299999999999983e+02 -1.424579999999999927e+03
1.505399999999999920e+02 -1.165199999999999960e+02 -1.424789999999999964e+03
1.497500000000000000e+02 -1.142800000000000011e+02 -1.424759999999999991e+03
1.487299999999999898e+02 -1.109699999999999989e+02 -1.424990000000000009e+03
1.480900000000000034e+02 -1.087500000000000000e+02 -1.424990000000000009e+03
1.472800000000000011e+02 -1.053700000000000045e+02 -1.424920000000000073e+03
1.465500000000000114e+02 -1.020499999999999972e+02 -1.424940000000000055e+03
1.461299999999999955e+02 -9.979999999999999716e+01 -1.425029999999999973e+03
1.455800000000000125e+02 -9.632999999999999829e+01 -1.425069999999999936e+03
1.452700000000000102e+02 -9.404000000000000625e+01 -1.425160000000000082e+03
1.449300000000000068e+02 -9.056000000000000227e+01 -1.425110000000000127e+03
1.446400000000000148e+02 -8.707999999999999829e+01 -1.425059999999999945e+03
1.445200000000000102e+02 -8.468000000000000682e+01 -1.424990000000000009e+03
1.444500000000000171e+02 -8.115000000000000568e+01 -1.424890000000000100e+03
1.445300000000000011e+02 -7.764000000000000057e+01 -1.424990000000000009e+03
1.446200000000000045e+02 -7.528000000000000114e+01 -1.424890000000000100e+03
1.448700000000000045e+02 -7.185000000000000853e+01 -1.424940000000000055e+03
1.450999999999999943e+02 -6.954999999999999716e+01 -1.424819999999999936e+03
1.454799999999999898e+02 -6.662999999999999545e+01 -1.424850000000000136e+03
1.452500000000000000e+02 -6.878000000000000114e+01 -1.424789999999999964e+03
1.450200000000000102e+02 -7.104999999999999716e+01 -1.424910000000000082e+03
1.447299999999999898e+02 -7.446999999999999886e+01 -1.424900000000000091e+03
1.445800000000000125e+02 -7.789000000000000057e+01 -1.424900000000000091e+03
1.445300000000000011e+02 -8.021999999999999886e+01 -1.424890000000000100e+03
1.445399999999999920e+02 -8.371999999999999886e+01 -1.424910000000000082e+03
1.446299999999999955e+02 -8.607999999999999829e+01 -1.424990000000000009e+03
1.448900000000000148e+02 -8.960999999999999943e+01 -1.425059999999999945e+03
1.452199999999999989e+02 -9.315000000000000568e+01 -1.425029999999999973e+03
1.455000000000000000e+02 -9.551000000000000512e+01 -1.425069999999999936e+03
1.460300000000000011e+02 -9.896000000000000796e+01 -1.424930000000000064e+03
1.466500000000000057e+02 -1.023900000000000006e+02 -1.424860000000000127e+03
1.471200000000000045e+02 -1.046500000000000057e+02 -1.424870000000000118e+03
1.479200000000000159e+02 -1.080100000000000051e+02 -1.424870000000000118e+03
1.488700000000000045e+02 -1.113700000000000045e+02 -1.424839999999999918e+03
1.495600000000000023e+02 -1.136200000000000045e+02 -1.424819999999999936e+03
1.506800000000000068e+02 -1.169200000000000017e+02 -1.424670000000000073e+03
1.519200000000000159e+02 -1.201899999999999977e+02 -1.424610000000000127e+03
1.527899999999999920e+02 -1.223299999999999983e+02 -1.424470000000000027e+03
1.541800000000000068e+02 -1.254800000000000040e+02 -1.424309999999999945e+03
1.551299999999999955e+02 -1.275000000000000000e+02 -1.424190000000000055e+03
1.566700000000000159e+02 -1.305600000000000023e+02 -1.424100000000000136e+03
1.583000000000000114e+02 -1.335999999999999943e+02 -1.423930000000000064e+03
1.594900000000000091e+02 -1.356700000000000159e+02 -1.423880000000000109e+03
1.613900000000000148e+02 -1.387500000000000000e+02 -1.423710000000000036e+03
1.633600000000000136e+02 -1.417299999999999898e+02 -1.423620000000000118e+03
1.647000000000000171e+02 -1.436500000000000057e+02 -1.423509999999999991e+03
1.668499999999999943e+02 -1.465399999999999920e+02 -1.423370000000000118e+03
1.690300000000000011e+02 -1.492899999999999920e+02 -1.423150000000000091e+03
1.705300000000000011e+02 -1.510800000000000125e+02 -1.423059999999999945e+03
1.700500000000000114e+02 -1.505000000000000000e+02 -1.423009999999999991e+03
1.679300000000000068e+02 -1.479000000000000057e+02 -1.423190000000000055e+03
1.665099999999999909e+02 -1.460800000000000125e+02 -1.423360000000000127e+03
1.643900000000000148e+02 -1.431899999999999977e+02 -1.423539999999999964e+03
1.623499999999999943e+02 -1.402400000000000091e+02 -1.423650000000000091e+03
1.610900000000000034e+02 -1.382700000000000102e+02 -1.423650000000000091e+03
1.592599999999999909e+02 -1.352700000000000102e+02 -1.423819999999999936e+03
1.575900000000000034e+02 -1.322899999999999920e+02 -1.423960000000000036e+03
1.565300000000000011e+02 -1.302899999999999920e+02 -1.424059999999999945e+03
1.550099999999999909e+02 -1.272600000000000051e+02 -1.424259999999999991e+03
1.535699999999999932e+02 -1.241500000000000057e+02 -1.424440000000000055e+03
1.526299999999999955e+02 -1.219900000000000091e+02 -1.424500000000000000e+03
1.513300000000000125e+02 -1.187199999999999989e+02 -1.424620000000000118e+03
1.501400000000000148e+02 -1.154200000000000017e+02 -1.424750000000000000e+03
1.494099999999999966e+02 -1.132199999999999989e+02 -1.424779999999999973e+03
1.484000000000000057e+02 -1.098500000000000085e+02 -1.425000000000000000e+03
1.475300000000000011e+02 -1.065100000000000051e+02 -1.424870000000000118e+03
1.470300000000000011e+02 -1.043100000000000023e+02 -1.424950000000000045e+03
1.463300000000000125e+02 -1.009200000000000017e+02 -1.424930000000000064e+03
1.457500000000000000e+02 -9.751999999999999602e+01 -1.425120000000000118e+03
1.454200000000000159e+02 -9.521999999999999886e+01 -1.425150000000000091e+03
1.450200000000000102e+02 -9.168999999999999773e+01 -1.425019999999999982e+03
1.447100000000000080e+02 -8.826999999999999602e+01 -1.425039999999999964e+03
1.445600000000000023e+02 -8.593999999999999773e+01 -1.424990000000000009e+03
1.444500000000000171e+02 -8.234000000000000341e+01 -1.424950000000000045e+03
1.444900000000000091e+02 -7.882999999999999829e+01 -1.424950000000000045e+03
1.445800000000000125e+02 -7.650000000000000000e+01 -1.424950000000000045e+03
1.447800000000000011e+02 -7.300000000000000000e+01 -1.424970000000000027e+03
1.451100000000000136e+02 -6.957000000000000739e+01 -1.424890000000000100e+03
1.453799999999999955e+02 -6.726999999999999602e+01 -1.424850000000000136e+03
1.453400000000000034e+02 -6.789000000000000057e+01 -1.424890000000000100e+03
1.450099999999999909e+02 -7.103000000000000114e+01 -1.424860000000000127e+03
1.448100000000000023e+02 -7.329000000000000625e+01 -1.424890000000000100e+03
1.446299999999999955e+02 -7.673999999999999488e+01 -1.424920000000000073e+03
1.445399999999999920e+02 -8.021000000000000796e+01 -1.424900000000000091e+03
1.445099999999999909e+02 -8.248999999999999488e+01 -1.424850000000000136e+03
1.446200000000000045e+02 -8.604999999999999716e+01 -1.425000000000000000e+03
1.448799999999999955e+02 -8.959000000000000341e+01 -1.425049999999999955e+03
1.450999999999999943e+02 -9.196000000000000796e+01 -1.425079999999999927e+03
1.455000000000000000e+02 -9.546000000000000796e+01 -1.424990000000000009e+03
1.460200000000000102e+02 -9.893999999999999773e+01 -1.424960000000000036e+03
1.464300000000000068e+02 -1.012000000000000028e+02 -1.424940000000000055e+03
1.471400000000000148e+02 -1.046400000000000006e+02 -1.424960000000000036e+03
1.479300000000000068e+02 -1.079800000000000040e+02 -1.424839999999999918e+03
1.485200000000000102e+02 -1.102100000000000080e+02 -1.424870000000000118e+03
1.495399999999999920e+02 -1.136000000000000085e+02 -1.424799999999999955e+03
1.503000000000000114e+02 -1.158200000000000074e+02 -1.424750000000000000e+03
1.514900000000000091e+02 -1.191099999999999994e+02 -1.424640000000000100e+03
1.527899999999999920e+02 -1.223200000000000074e+02 -1.424490000000000009e+03
1.537100000000000080e+02 -1.244399999999999977e+02 -1.424410000000000082e+03
1.551200000000000045e+02 -1.275100000000000051e+02 -1.424200000000000045e+03
1.566599999999999966e+02 -1.305600000000000023e+02 -1.424049999999999955e+03
1.577500000000000000e+02 -1.325999999999999943e+02 -1.423960000000000036e+03
1.594900000000000091e+02 -1.356700000000000159e+02 -1.423920000000000073e+03
1.613799999999999955e+02 -1.387500000000000000e+02 -1.423690000000000055e+03
1.626700000000000159e+02 -1.407299999999999898e+02 -1.423600000000000136e+03
1.646899999999999977e+02 -1.436500000000000057e+02 -1.423509999999999991e+03
1.668300000000000125e+02 -1.465099999999999909e+02 -1.423299999999999955e+03
1.683000000000000114e+02 -1.483900000000000148e+02 -1.423210000000000036e+03
1.705200000000000102e+02 -1.510600000000000023e+02 -1.423000000000000000e+03
1.707100000000000080e+02 -1.512700000000000102e+02 -1.423029999999999973e+03
1.686400000000000148e+02 -1.487899999999999920e+02 -1.423110000000000127e+03
1.665000000000000000e+02 -1.460800000000000125e+02 -1.423299999999999955e+03
1.650999999999999943e+02 -1.441899999999999977e+02 -1.423480000000000018e+03
1.630099999999999909e+02 -1.412299999999999898e+02 -1.423589999999999918e+03
1.617000000000000171e+02 -1.392500000000000000e+02 -1.423620000000000118e+03
1.598600000000000136e+02 -1.362700000000000102e+02 -1.423750000000000000e+03
1.581200000000000045e+02 -1.332599999999999909e+02 -1.423930000000000064e+03
1.570500000000000114e+02 -1.313000000000000114e+02 -1.424079999999999927e+03
1.555099999999999909e+02 -1.283000000000000114e+02 -1.424200000000000045e+03
1.545300000000000011e+02 -1.262500000000000000e+02 -1.424259999999999991e+03
1.530800000000000125e+02 -1.230600000000000023e+02 -1.424410000000000082e+03
1.517700000000000102e+02 -1.198400000000000034e+02 -1.424630000000000109e+03
1.509200000000000159e+02 -1.176500000000000057e+02 -1.424630000000000109e+03
1.497500000000000000e+02 -1.142900000000000063e+02 -1.424779999999999973e+03
1.490500000000000114e+02 -1.120700000000000074e+02 -1.424819999999999936e+03
1.480999999999999943e+02 -1.087699999999999960e+02 -1.424970000000000027e+03
1.475500000000000114e+02 -1.065400000000000063e+02 -1.424980000000000018e+03
1.467700000000000102e+02 -1.031400000000000006e+02 -1.424930000000000064e+03
1.461400000000000148e+02 -9.982000000000000739e+01 -1.424990000000000009e+03
1.457599999999999909e+02 -9.751999999999999602e+01 -1.425100000000000136e+03
1.452700000000000102e+02 -9.406000000000000227e+01 -1.425079999999999927e+03
1.449300000000000068e+02 -9.059000000000000341e+01 -1.425130000000000109e+03
1.447199999999999989e+02 -8.828000000000000114e+01 -1.425049999999999955e+03
1.445200000000000102e+02 -8.470000000000000284e+01 -1.425019999999999982e+03
1.444600000000000080e+02 -8.118000000000000682e+01 -1.424960000000000036e+03
1.445000000000000000e+02 -7.884000000000000341e+01 -1.424960000000000036e+03
1.446299999999999955e+02 -7.531000000000000227e+01 -1.424940000000000055e+03
1.448799999999999955e+02 -7.187999999999999545e+01 -1.424880000000000109e+03
1.450999999999999943e+02 -6.959000000000000341e+01 -1.424839999999999918e+03
1.454699999999999989e+02 -6.665999999999999659e+01 -1.424809999999999945e+03
1.453400000000000034e+02 -6.785999999999999943e+01 -1.424819999999999936e+03
1.450099999999999909e+02 -7.101999999999999602e+01 -1.424880000000000109e+03
1.447400000000000091e+02 -7.446000000000000796e+01 -1.424930000000000064e+03
1.446200000000000045e+02 -7.671999999999999886e+01 -1.424910000000000082e+03
1.445200000000000102e+02 -8.018999999999999773e+01 -1.424900000000000091e+03
1.445099999999999909e+02 -8.250000000000000000e+01 -1.424950000000000045e+03
1.446200000000000045e+02 -8.606000000000000227e+01 -1.425029999999999973e+03
1.448799999999999955e+02 -8.957999999999999829e+01 -1.425049999999999955e+03
1.450999999999999943e+02 -9.193000000000000682e+01 -1.425049999999999955e+03
1.455099999999999909e+02 -9.545000000000000284e+01 -1.425029999999999973e+03
1.458300000000000125e+02 -9.779000000000000625e+01 -1.425039999999999964e+03
1.464099999999999966e+02 -1.011800000000000068e+02 -1.424920000000000073e+03
1.468700000000000045e+02 -1.034600000000000080e+02 -1.424940000000000055e+03
1.476500000000000057e+02 -1.068700000000000045e+02 -1.424900000000000091e+03
1.482100000000000080e+02 -1.091000000000000085e+02 -1.424920000000000073e+03
1.491800000000000068e+02 -1.124500000000000028e+02 -1.424839999999999918e+03
1.498900000000000148e+02 -1.146700000000000017e+02 -1.424700000000000045e+03
1.510699999999999932e+02 -1.180199999999999960e+02 -1.424600000000000136e+03
1.523499999999999943e+02 -1.212600000000000051e+02 -1.424559999999999945e+03
1.532199999999999989e+02 -1.233599999999999994e+02 -1.424440000000000055e+03
1.546400000000000148e+02 -1.264800000000000040e+02 -1.424309999999999945e+03
1.556100000000000136e+02 -1.285200000000000102e+02 -1.424140000000000100e+03
1.571899999999999977e+02 -1.315500000000000114e+02 -1.424039999999999964e+03
1.582800000000000011e+02 -1.335699999999999932e+02 -1.423940000000000055e+03
1.600900000000000034e+02 -1.366800000000000068e+02 -1.423720000000000027e+03
1.619900000000000091e+02 -1.397100000000000080e+02 -1.423660000000000082e+03
1.633199999999999932e+02 -1.417100000000000080e+02 -1.423539999999999964e+03
1.653900000000000148e+02 -1.446100000000000136e+02 -1.423440000000000055e+03
1.675500000000000114e+02 -1.474300000000000068e+02 -1.423289999999999964e+03
1.690000000000000000e+02 -1.492599999999999909e+02 -1.423120000000000118e+03
1.709000000000000057e+02 -1.515200000000000102e+02 -1.422950000000000045e+03
1.694000000000000057e+02 -1.497299999999999898e+02 -1.423079999999999927e+03
1.679600000000000080e+02 -1.479399999999999977e+02 -1.423230000000000018e+03
1.657800000000000011e+02 -1.451200000000000045e+02 -1.423430000000000064e+03
1.643900000000000148e+02 -1.431899999999999977e+02 -1.423509999999999991e+03
1.623700000000000045e+02 -1.402599999999999909e+02 -1.423630000000000109e+03
1.610999999999999943e+02 -1.383000000000000114e+02 -1.423660000000000082e+03
1.592800000000000011e+02 -1.353000000000000114e+02 -1.423860000000000127e+03
1.581299999999999955e+02 -1.332899999999999920e+02 -1.423930000000000064e+03
1.565399999999999920e+02 -1.303199999999999932e+02 -1.424049999999999955e+03
1.550000000000000000e+02 -1.272699999999999960e+02 -1.424210000000000036e+03
1.540500000000000114e+02 -1.252100000000000080e+02 -1.424319999999999936e+03
1.526400000000000148e+02 -1.220100000000000051e+02 -1.424480000000000018e+03
1.513199999999999932e+02 -1.187300000000000040e+02 -1.424650000000000091e+03
1.505399999999999920e+02 -1.165400000000000063e+02 -1.424740000000000009e+03
1.494099999999999966e+02 -1.132500000000000000e+02 -1.424819999999999936e+03
1.487299999999999898e+02 -1.110100000000000051e+02 -1.424980000000000018e+03
1.477800000000000011e+02 -1.076299999999999955e+02 -1.424880000000000109e+03
1.472700000000000102e+02 -1.054099999999999966e+02 -1.424920000000000073e+03
1.465399999999999920e+02 -1.020700000000000074e+02 -1.424950000000000045e+03
1.459200000000000159e+02 -9.867000000000000171e+01 -1.425000000000000000e+03
1.455800000000000125e+02 -9.637999999999999545e+01 -1.425100000000000136e+03
1.451299999999999955e+02 -9.293999999999999773e+01 -1.425009999999999991e+03
1.449200000000000159e+02 -9.060999999999999943e+01 -1.425110000000000127e+03
1.446299999999999955e+02 -8.712000000000000455e+01 -1.425100000000000136e+03
1.444799999999999898e+02 -8.354999999999999716e+01 -1.424900000000000091e+03
1.444500000000000171e+02 -8.120000000000000284e+01 -1.424940000000000055e+03
1.445200000000000102e+02 -7.767000000000000171e+01 -1.424980000000000018e+03
1.446100000000000136e+02 -7.532000000000000739e+01 -1.424900000000000091e+03
1.448700000000000045e+02 -7.189000000000000057e+01 -1.424920000000000073e+03
1.452299999999999898e+02 -6.842000000000000171e+01 -1.424880000000000109e+03
1.454699999999999989e+02 -6.665000000000000568e+01 -1.424880000000000109e+03
1.452400000000000091e+02 -6.882000000000000739e+01 -1.424779999999999973e+03
1.450099999999999909e+02 -7.100000000000000000e+01 -1.424829999999999927e+03
1.447299999999999898e+02 -7.443999999999999773e+01 -1.424890000000000100e+03
1.446200000000000045e+02 -7.670000000000000284e+01 -1.424930000000000064e+03
1.445099999999999909e+02 -8.018000000000000682e+01 -1.424910000000000082e+03
1.445099999999999909e+02 -8.248000000000000398e+01 -1.424940000000000055e+03
1.446200000000000045e+02 -8.603000000000000114e+01 -1.424960000000000036e+03
1.448799999999999955e+02 -8.957000000000000739e+01 -1.425069999999999936e+03
1.450900000000000034e+02 -9.193000000000000682e+01 -1.425069999999999936e+03
1.455000000000000000e+02 -9.543999999999999773e+01 -1.425039999999999964e+03
1.460099999999999909e+02 -9.889000000000000057e+01 -1.424950000000000045e+03
1.464000000000000057e+02 -1.011599999999999966e+02 -1.424900000000000091e+03
1.471299999999999955e+02 -1.046000000000000085e+02 -1.424950000000000045e+03
1.479200000000000159e+02 -1.079399999999999977e+02 -1.424890000000000100e+03
1.485000000000000000e+02 -1.101700000000000017e+02 -1.424900000000000091e+03
1.495399999999999920e+02 -1.135700000000000074e+02 -1.424789999999999964e+03
1.506700000000000159e+02 -1.168900000000000006e+02 -1.424720000000000027e+03
1.514699999999999989e+02 -1.190799999999999983e+02 -1.424569999999999936e+03
1.527800000000000011e+02 -1.222999999999999972e+02 -1.424539999999999964e+03
1.536899999999999977e+02 -1.244099999999999966e+02 -1.424410000000000082e+03
1.551100000000000136e+02 -1.274699999999999989e+02 -1.424220000000000027e+03
1.561200000000000045e+02 -1.295099999999999909e+02 -1.424130000000000109e+03
1.577299999999999898e+02 -1.325699999999999932e+02 -1.423970000000000027e+03
1.588799999999999955e+02 -1.346200000000000045e+02 -1.423990000000000009e+03
1.607100000000000080e+02 -1.376700000000000159e+02 -1.423759999999999991e+03
1.626299999999999955e+02 -1.406899999999999977e+02 -1.423559999999999945e+03
1.640200000000000102e+02 -1.426800000000000068e+02 -1.423539999999999964e+03
1.660600000000000023e+02 -1.455300000000000011e+02 -1.423370000000000118e+03
1.682700000000000102e+02 -1.483600000000000136e+02 -1.423190000000000055e+03
1.697299999999999898e+02 -1.501500000000000057e+02 -1.423079999999999927e+03
1.707100000000000080e+02 -1.512800000000000011e+02 -1.422970000000000027e+03
1.686700000000000159e+02 -1.488300000000000125e+02 -1.423120000000000118e+03
1.672199999999999989e+02 -1.470000000000000000e+02 -1.423250000000000000e+03
1.650999999999999943e+02 -1.442000000000000171e+02 -1.423440000000000055e+03
1.630200000000000102e+02 -1.412500000000000000e+02 -1.423569999999999936e+03
1.617199999999999989e+02 -1.392700000000000102e+02 -1.423630000000000109e+03
1.598700000000000045e+02 -1.363100000000000023e+02 -1.423769999999999982e+03
1.587000000000000171e+02 -1.343199999999999932e+02 -1.423880000000000109e+03
1.570800000000000125e+02 -1.313300000000000125e+02 -1.424130000000000109e+03
1.555099999999999909e+02 -1.283100000000000023e+02 -1.424170000000000073e+03
1.545300000000000011e+02 -1.262699999999999960e+02 -1.424259999999999991e+03
1.530900000000000034e+02 -1.230799999999999983e+02 -1.424460000000000036e+03
1.517800000000000011e+02 -1.198700000000000045e+02 -1.424620000000000118e+03
1.509399999999999977e+02 -1.176899999999999977e+02 -1.424700000000000045e+03
1.497599999999999909e+02 -1.143299999999999983e+02 -1.424759999999999991e+03
1.487199999999999989e+02 -1.110100000000000051e+02 -1.424920000000000073e+03
1.480900000000000034e+02 -1.087999999999999972e+02 -1.424920000000000073e+03
1.472800000000000011e+02 -1.054300000000000068e+02 -1.424950000000000045e+03
1.465399999999999920e+02 -1.020799999999999983e+02 -1.424930000000000064e+03
1.461299999999999955e+02 -9.982999999999999829e+01 -1.425019999999999982e+03
1.455800000000000125e+02 -9.637999999999999545e+01 -1.425019999999999982e+03
1.452800000000000011e+02 -9.407999999999999829e+01 -1.425089999999999918e+03
1.449200000000000159e+02 -9.060000000000000853e+01 -1.425100000000000136e+03
1.447199999999999989e+02 -8.829999999999999716e+01 -1.425079999999999927e+03
1.445099999999999909e+02 -8.470000000000000284e+01 -1.424960000000000036e+03
1.444500000000000171e+02 -8.118999999999999773e+01 -1.424900000000000091e+03
1.444699999999999989e+02 -7.885999999999999943e+01 -1.424900000000000091e+03
1.446299999999999955e+02 -7.535000000000000853e+01 -1.425019999999999982e+03
1.448700000000000045e+02 -7.190999999999999659e+01 -1.424930000000000064e+03
1.450900000000000034e+02 -6.962000000000000455e+01 -1.424870000000000118e+03
1.454699999999999989e+02 -6.665000000000000568e+01 -1.424829999999999927e+03
1.452599999999999909e+02 -6.873999999999999488e+01 -1.424809999999999945e+03
1.450099999999999909e+02 -7.100000000000000000e+01 -1.424850000000000136e+03
1.447299999999999898e+02 -7.442000000000000171e+01 -1.424900000000000091e+03
1.445699999999999932e+02 -7.785999999999999943e+01 -1.424910000000000082e+03
1.445099999999999909e+02 -8.015999999999999659e+01 -1.424850000000000136e+03
1.445399999999999920e+02 -8.368000000000000682e+01 -1.424950000000000045e+03
1.446899999999999977e+02 -8.718999999999999773e+01 -1.425049999999999955e+03
1.448700000000000045e+02 -8.956000000000000227e+01 -1.425039999999999964e+03
1.452100000000000080e+02 -9.309000000000000341e+01 -1.425059999999999945e+03
1.454900000000000091e+02 -9.542000000000000171e+01 -1.425009999999999991e+03
1.460000000000000000e+02 -9.889000000000000057e+01 -1.424950000000000045e+03
1.466299999999999955e+02 -1.023299999999999983e+02 -1.424880000000000109e+03
1.471200000000000045e+02 -1.045799999999999983e+02 -1.424910000000000082e+03
1.479200000000000159e+02 -1.079300000000000068e+02 -1.424860000000000127e+03
1.488300000000000125e+02 -1.113200000000000074e+02 -1.424829999999999927e+03
1.495500000000000114e+02 -1.135700000000000074e+02 -1.424850000000000136e+03
1.506700000000000159e+02 -1.168799999999999955e+02 -1.424700000000000045e+03
1.519000000000000057e+02 -1.201500000000000057e+02 -1.424529999999999973e+03
1.527599999999999909e+02 -1.222699999999999960e+02 -1.424500000000000000e+03
1.541500000000000057e+02 -1.254300000000000068e+02 -1.424339999999999918e+03
1.556100000000000136e+02 -1.285099999999999909e+02 -1.424180000000000064e+03
1.566299999999999955e+02 -1.305099999999999909e+02 -1.424039999999999964e+03
1.582700000000000102e+02 -1.335500000000000114e+02 -1.423960000000000036e+03
1.594399999999999977e+02 -1.356100000000000136e+02 -1.423870000000000118e+03
1.613400000000000034e+02 -1.386899999999999977e+02 -1.423730000000000018e+03
1.633000000000000114e+02 -1.416700000000000159e+02 -1.423579999999999927e+03
1.646599999999999966e+02 -1.436100000000000136e+02 -1.423559999999999945e+03
1.667800000000000011e+02 -1.464699999999999989e+02 -1.423289999999999964e+03
1.689799999999999898e+02 -1.492400000000000091e+02 -1.423220000000000027e+03
1.704699999999999989e+02 -1.510200000000000102e+02 -1.423029999999999973e+03
1.700600000000000023e+02 -1.505399999999999920e+02 -1.422970000000000027e+03
1.679600000000000080e+02 -1.479500000000000171e+02 -1.423240000000000009e+03
1.665200000000000102e+02 -1.461100000000000136e+02 -1.423360000000000127e+03
1.643900000000000148e+02 -1.432100000000000080e+02 -1.423509999999999991e+03
1.630200000000000102e+02 -1.412599999999999909e+02 -1.423549999999999955e+03
1.611200000000000045e+02 -1.383199999999999932e+02 -1.423650000000000091e+03
1.592800000000000011e+02 -1.353199999999999932e+02 -1.423819999999999936e+03
1.581400000000000148e+02 -1.333100000000000023e+02 -1.423910000000000082e+03
1.565399999999999920e+02 -1.303499999999999943e+02 -1.424069999999999936e+03
1.550200000000000102e+02 -1.272999999999999972e+02 -1.424279999999999973e+03
1.540500000000000114e+02 -1.252300000000000040e+02 -1.424360000000000127e+03
1.526500000000000057e+02 -1.220499999999999972e+02 -1.424519999999999982e+03
1.513300000000000125e+02 -1.187500000000000000e+02 -1.424650000000000091e+03
1.505399999999999920e+02 -1.165799999999999983e+02 -1.424720000000000027e+03
1.494099999999999966e+02 -1.132800000000000011e+02 -1.424789999999999964e+03
1.484000000000000057e+02 -1.099000000000000057e+02 -1.424910000000000082e+03
1.478000000000000114e+02 -1.076599999999999966e+02 -1.424880000000000109e+03
1.470300000000000011e+02 -1.043400000000000034e+02 -1.424930000000000064e+03
1.465500000000000114e+02 -1.020900000000000034e+02 -1.424980000000000018e+03
1.459300000000000068e+02 -9.868999999999999773e+01 -1.425000000000000000e+03
1.454300000000000068e+02 -9.526000000000000512e+01 -1.425039999999999964e+03
1.451400000000000148e+02 -9.296000000000000796e+01 -1.425019999999999982e+03
1.448100000000000023e+02 -8.945000000000000284e+01 -1.425029999999999973e+03
1.445600000000000023e+02 -8.598999999999999488e+01 -1.425029999999999973e+03
1.444799999999999898e+02 -8.357999999999999829e+01 -1.425019999999999982e+03
1.444699999999999989e+02 -8.001999999999999602e+01 -1.424970000000000027e+03
1.445099999999999909e+02 -7.768999999999999773e+01 -1.424930000000000064e+03
1.446899999999999977e+02 -7.423000000000000398e+01 -1.425009999999999991e+03
1.448600000000000136e+02 -7.192000000000000171e+01 -1.424960000000000036e+03
1.452299999999999898e+02 -6.845000000000000284e+01 -1.424910000000000082e+03
1.454399999999999977e+02 -6.687000000000000455e+01 -1.424860000000000127e+03
1.452400000000000091e+02 -6.876000000000000512e+01 -1.424809999999999945e+03
1.449099999999999966e+02 -7.212000000000000455e+01 -1.424880000000000109e+03
1.446700000000000159e+02 -7.554999999999999716e+01 -1.424890000000000100e+03
1.445699999999999932e+02 -7.784000000000000341e+01 -1.424890000000000100e+03
1.444900000000000091e+02 -8.132999999999999829e+01 -1.424870000000000118e+03
1.445600000000000023e+02 -8.479000000000000625e+01 -1.424930000000000064e+03
1.446800000000000068e+02 -8.718000000000000682e+01 -1.425000000000000000e+03
1.449799999999999898e+02 -9.075000000000000000e+01 -1.425089999999999918e+03
1.453400000000000034e+02 -9.423999999999999488e+01 -1.425009999999999991e+03
1.456500000000000057e+02 -9.654000000000000625e+01 -1.424970000000000027e+03
1.462000000000000171e+02 -1.000100000000000051e+02 -1.424970000000000027e+03
1.466200000000000045e+02 -1.023100000000000023e+02 -1.424900000000000091e+03
1.473499999999999943e+02 -1.056800000000000068e+02 -1.424900000000000091e+03
1.481899999999999977e+02 -1.090799999999999983e+02 -1.424870000000000118e+03
1.488300000000000125e+02 -1.113100000000000023e+02 -1.424910000000000082e+03
1.498900000000000148e+02 -1.146500000000000057e+02 -1.424750000000000000e+03
1.510600000000000023e+02 -1.179900000000000091e+02 -1.424600000000000136e+03
1.518900000000000148e+02 -1.201400000000000006e+02 -1.424519999999999982e+03
1.532000000000000171e+02 -1.233100000000000023e+02 -1.424410000000000082e+03
1.546200000000000045e+02 -1.264300000000000068e+02 -1.424289999999999964e+03
1.555900000000000034e+02 -1.284900000000000091e+02 -1.424170000000000073e+03
1.571800000000000068e+02 -1.315200000000000102e+02 -1.424100000000000136e+03
1.588600000000000136e+02 -1.345900000000000034e+02 -1.423950000000000045e+03
1.600800000000000125e+02 -1.366599999999999966e+02 -1.423759999999999991e+03
1.619500000000000171e+02 -1.396599999999999966e+02 -1.423630000000000109e+03
1.632899999999999920e+02 -1.416800000000000068e+02 -1.423569999999999936e+03
1.653600000000000136e+02 -1.445699999999999932e+02 -1.423450000000000045e+03
1.675099999999999909e+02 -1.474099999999999966e+02 -1.423289999999999964e+03
1.689799999999999898e+02 -1.492400000000000091e+02 -1.423210000000000036e+03
1.709000000000000057e+02 -1.515300000000000011e+02 -1.422970000000000027e+03
1.694300000000000068e+02 -1.497800000000000011e+02 -1.423120000000000118e+03
1.679699999999999989e+02 -1.479699999999999989e+02 -1.423200000000000045e+03
1.658000000000000114e+02 -1.451599999999999966e+02 -1.423390000000000100e+03
1.637400000000000091e+02 -1.422800000000000011e+02 -1.423539999999999964e+03
1.623799999999999955e+02 -1.403000000000000114e+02 -1.423610000000000127e+03
1.604699999999999989e+02 -1.373000000000000114e+02 -1.423730000000000018e+03
1.592800000000000011e+02 -1.353300000000000125e+02 -1.423829999999999927e+03
1.575999999999999943e+02 -1.323499999999999943e+02 -1.423990000000000009e+03
1.560099999999999909e+02 -1.293199999999999932e+02 -1.424140000000000100e+03
1.550300000000000011e+02 -1.273200000000000074e+02 -1.424269999999999982e+03
1.535800000000000125e+02 -1.242100000000000080e+02 -1.424410000000000082e+03
1.526599999999999966e+02 -1.220600000000000023e+02 -1.424500000000000000e+03
1.513300000000000125e+02 -1.187699999999999960e+02 -1.424610000000000127e+03
1.501400000000000148e+02 -1.154800000000000040e+02 -1.424750000000000000e+03
1.494000000000000057e+02 -1.132800000000000011e+02 -1.424870000000000118e+03
1.484000000000000057e+02 -1.099000000000000057e+02 -1.424960000000000036e+03
1.475399999999999920e+02 -1.065700000000000074e+02 -1.424980000000000018e+03
1.470099999999999909e+02 -1.043700000000000045e+02 -1.424880000000000109e+03
1.463300000000000125e+02 -1.009699999999999989e+02 -1.424950000000000045e+03
1.457500000000000000e+02 -9.757000000000000739e+01 -1.425039999999999964e+03
1.454300000000000068e+02 -9.528000000000000114e+01 -1.425089999999999918e+03
1.450300000000000011e+02 -9.175000000000000000e+01 -1.425079999999999927e+03
1.448199999999999932e+02 -8.945000000000000284e+01 -1.425059999999999945e+03
1.445699999999999932e+02 -8.601000000000000512e+01 -1.425039999999999964e+03
1.444799999999999898e+02 -8.359000000000000341e+01 -1.424930000000000064e+03
1.444699999999999989e+02 -8.004000000000000625e+01 -1.424990000000000009e+03
1.445500000000000114e+02 -7.654999999999999716e+01 -1.424880000000000109e+03
1.446899999999999977e+02 -7.423999999999999488e+01 -1.425000000000000000e+03
1.449699999999999989e+02 -7.076000000000000512e+01 -1.424829999999999927e+03
1.453700000000000045e+02 -6.734000000000000341e+01 -1.424839999999999918e+03
1.454300000000000068e+02 -6.685999999999999943e+01 -1.424890000000000100e+03
1.451200000000000045e+02 -6.982999999999999829e+01 -1.424779999999999973e+03
1.449099999999999966e+02 -7.207999999999999829e+01 -1.424860000000000127e+03
1.446599999999999966e+02 -7.554000000000000625e+01 -1.424930000000000064e+03
1.445300000000000011e+02 -7.900000000000000000e+01 -1.424900000000000091e+03
1.445099999999999909e+02 -8.132000000000000739e+01 -1.424950000000000045e+03
1.445699999999999932e+02 -8.476999999999999602e+01 -1.424980000000000018e+03
1.447700000000000102e+02 -8.835000000000000853e+01 -1.425009999999999991e+03
1.449699999999999989e+02 -9.073999999999999488e+01 -1.425009999999999991e+03
1.453300000000000125e+02 -9.423000000000000398e+01 -1.425000000000000000e+03
1.458199999999999932e+02 -9.774000000000000909e+01 -1.425000000000000000e+03
1.461899999999999977e+02 -1.000000000000000000e+02 -1.424950000000000045e+03
1.468600000000000136e+02 -1.034300000000000068e+02 -1.424890000000000100e+03
1.476200000000000045e+02 -1.068200000000000074e+02 -1.424870000000000118e+03
1.482000000000000171e+02 -1.090499999999999972e+02 -1.424870000000000118e+03
1.491599999999999966e+02 -1.123900000000000006e+02 -1.424759999999999991e+03
1.498799999999999955e+02 -1.146400000000000006e+02 -1.424740000000000009e+03
1.510500000000000114e+02 -1.179800000000000040e+02 -1.424630000000000109e+03
1.523199999999999932e+02 -1.212100000000000080e+02 -1.424509999999999991e+03
1.531899999999999977e+02 -1.232999999999999972e+02 -1.424390000000000100e+03
1.546200000000000045e+02 -1.264300000000000068e+02 -1.424279999999999973e+03
1.560999999999999943e+02 -1.294799999999999898e+02 -1.424100000000000136e+03
1.571700000000000159e+02 -1.315200000000000102e+02 -1.424100000000000136e+03
1.588499999999999943e+02 -1.345699999999999932e+02 -1.423940000000000055e+03
1.606899999999999977e+02 -1.376500000000000057e+02 -1.423750000000000000e+03
1.626200000000000045e+02 -1.406800000000000068e+02 -1.423589999999999918e+03
1.640000000000000000e+02 -1.426700000000000159e+02 -1.423559999999999945e+03
1.660500000000000114e+02 -1.455200000000000102e+02 -1.423450000000000045e+03
1.682500000000000000e+02 -1.483400000000000034e+02 -1.423190000000000055e+03
1.697000000000000171e+02 -1.501299999999999955e+02 -1.423069999999999936e+03
1.707599999999999909e+02 -1.513300000000000125e+02 -1.423009999999999991e+03
1.694200000000000159e+02 -1.497700000000000102e+02 -1.423059999999999945e+03
1.672500000000000000e+02 -1.470600000000000023e+02 -1.423220000000000027e+03
1.651299999999999955e+02 -1.442500000000000000e+02 -1.423410000000000082e+03
1.637500000000000000e+02 -1.423000000000000114e+02 -1.423490000000000009e+03
1.617299999999999898e+02 -1.393100000000000023e+02 -1.423569999999999936e+03
1.598900000000000148e+02 -1.363400000000000034e+02 -1.423799999999999955e+03
1.587199999999999989e+02 -1.343600000000000136e+02 -1.423829999999999927e+03
1.570800000000000125e+02 -1.313600000000000136e+02 -1.424100000000000136e+03
1.555300000000000011e+02 -1.283499999999999943e+02 -1.424160000000000082e+03
1.545500000000000114e+02 -1.263200000000000074e+02 -1.424259999999999991e+03
1.531100000000000136e+02 -1.231300000000000097e+02 -1.424420000000000073e+03
1.517800000000000011e+02 -1.199000000000000057e+02 -1.424610000000000127e+03
1.509399999999999977e+02 -1.177199999999999989e+02 -1.424670000000000073e+03
1.497599999999999909e+02 -1.143500000000000085e+02 -1.424750000000000000e+03
1.487299999999999898e+02 -1.110400000000000063e+02 -1.424920000000000073e+03
1.480800000000000125e+02 -1.088100000000000023e+02 -1.424910000000000082e+03
1.472700000000000102e+02 -1.054399999999999977e+02 -1.424870000000000118e+03
1.465500000000000114e+02 -1.021099999999999994e+02 -1.424960000000000036e+03
1.461299999999999955e+02 -9.987999999999999545e+01 -1.425000000000000000e+03
1.455800000000000125e+02 -9.640999999999999659e+01 -1.424990000000000009e+03
1.452700000000000102e+02 -9.410000000000000853e+01 -1.425049999999999955e+03
1.449300000000000068e+02 -9.064000000000000057e+01 -1.425089999999999918e+03
1.446500000000000057e+02 -8.717000000000000171e+01 -1.425100000000000136e+03
1.445200000000000102e+02 -8.478000000000000114e+01 -1.425000000000000000e+03
1.444600000000000080e+02 -8.126000000000000512e+01 -1.424950000000000045e+03
1.445200000000000102e+02 -7.771000000000000796e+01 -1.424920000000000073e+03
1.446100000000000136e+02 -7.535999999999999943e+01 -1.424930000000000064e+03
1.448600000000000136e+02 -7.193999999999999773e+01 -1.424930000000000064e+03
1.452199999999999989e+02 -6.848000000000000398e+01 -1.424860000000000127e+03
1.454699999999999989e+02 -6.665999999999999659e+01 -1.424850000000000136e+03
1.452500000000000000e+02 -6.868999999999999773e+01 -1.424860000000000127e+03
1.449099999999999966e+02 -7.207000000000000739e+01 -1.424880000000000109e+03
1.447299999999999898e+02 -7.439000000000000057e+01 -1.424890000000000100e+03
1.445699999999999932e+02 -7.781000000000000227e+01 -1.424930000000000064e+03
1.445000000000000000e+02 -8.129999999999999716e+01 -1.424890000000000100e+03
1.445300000000000011e+02 -8.362999999999999545e+01 -1.424880000000000109e+03
1.446800000000000068e+02 -8.714000000000000057e+01 -1.425000000000000000e+03
1.448700000000000045e+02 -8.951999999999999602e+01 -1.425049999999999955e+03
1.452000000000000171e+02 -9.306000000000000227e+01 -1.425019999999999982e+03
1.456299999999999955e+02 -9.651999999999999602e+01 -1.425029999999999973e+03
1.459900000000000091e+02 -9.885000000000000853e+01 -1.424960000000000036e+03
1.466100000000000136e+02 -1.022900000000000063e+02 -1.424870000000000118e+03
1.473499999999999943e+02 -1.056700000000000017e+02 -1.424890000000000100e+03
1.478900000000000148e+02 -1.079099999999999966e+02 -1.424850000000000136e+03
1.488300000000000125e+02 -1.112999999999999972e+02 -1.424890000000000100e+03
1.498799999999999955e+02 -1.146400000000000006e+02 -1.424769999999999982e+03
1.506500000000000057e+02 -1.168700000000000045e+02 -1.424720000000000027e+03
1.518799999999999955e+02 -1.201299999999999955e+02 -1.424579999999999927e+03
1.531899999999999977e+02 -1.232999999999999972e+02 -1.424420000000000073e+03
1.541400000000000148e+02 -1.254099999999999966e+02 -1.424309999999999945e+03
1.555800000000000125e+02 -1.284799999999999898e+02 -1.424220000000000027e+03
1.571599999999999966e+02 -1.315099999999999909e+02 -1.424110000000000127e+03
1.582500000000000000e+02 -1.335200000000000102e+02 -1.423920000000000073e+03
1.600600000000000023e+02 -1.366400000000000148e+02 -1.423759999999999991e+03
1.619399999999999977e+02 -1.396500000000000057e+02 -1.423610000000000127e+03
1.632700000000000102e+02 -1.416599999999999966e+02 -1.423579999999999927e+03
1.653300000000000125e+02 -1.445600000000000023e+02 -1.423470000000000027e+03
1.675000000000000000e+02 -1.473900000000000148e+02 -1.423279999999999973e+03
1.689600000000000080e+02 -1.492199999999999989e+02 -1.423170000000000073e+03
1.709000000000000057e+02 -1.515300000000000011e+02 -1.422870000000000118e+03
1.694200000000000159e+02 -1.497700000000000102e+02 -1.423019999999999982e+03
1.679900000000000091e+02 -1.480000000000000000e+02 -1.423170000000000073e+03
1.658199999999999932e+02 -1.451899999999999977e+02 -1.423380000000000109e+03
1.637599999999999909e+02 -1.423199999999999932e+02 -1.423529999999999973e+03
1.624000000000000057e+02 -1.403400000000000034e+02 -1.423610000000000127e+03
1.604900000000000091e+02 -1.373300000000000125e+02 -1.423740000000000009e+03
1.587500000000000000e+02 -1.343900000000000148e+02 -1.423930000000000064e+03
1.576200000000000045e+02 -1.323799999999999955e+02 -1.424039999999999964e+03
1.560200000000000102e+02 -1.293400000000000034e+02 -1.424160000000000082e+03
1.545600000000000023e+02 -1.263400000000000034e+02 -1.424279999999999973e+03
1.535999999999999943e+02 -1.242500000000000000e+02 -1.424450000000000045e+03
1.522100000000000080e+02 -1.209800000000000040e+02 -1.424579999999999927e+03
1.513499999999999943e+02 -1.187999999999999972e+02 -1.424640000000000100e+03
1.501599999999999966e+02 -1.155100000000000051e+02 -1.424759999999999991e+03
1.494200000000000159e+02 -1.133100000000000023e+02 -1.424850000000000136e+03
1.484099999999999966e+02 -1.099300000000000068e+02 -1.424930000000000064e+03
1.477899999999999920e+02 -1.076800000000000068e+02 -1.424839999999999918e+03
1.470099999999999909e+02 -1.043799999999999955e+02 -1.424890000000000100e+03
1.463300000000000125e+02 -1.009800000000000040e+02 -1.424960000000000036e+03
1.459300000000000068e+02 -9.871000000000000796e+01 -1.424980000000000018e+03
1.454300000000000068e+02 -9.528000000000000114e+01 -1.425049999999999955e+03
1.450300000000000011e+02 -9.178000000000000114e+01 -1.425059999999999945e+03
1.448199999999999932e+02 -8.946999999999999886e+01 -1.425110000000000127e+03
1.445699999999999932e+02 -8.604000000000000625e+01 -1.425059999999999945e+03
1.444500000000000171e+02 -8.243000000000000682e+01 -1.424890000000000100e+03
1.444600000000000080e+02 -8.006000000000000227e+01 -1.424970000000000027e+03
1.445500000000000114e+02 -7.657999999999999829e+01 -1.424910000000000082e+03
1.447599999999999909e+02 -7.307999999999999829e+01 -1.424950000000000045e+03
1.449600000000000080e+02 -7.076999999999999602e+01 -1.424850000000000136e+03
1.453700000000000045e+02 -6.737000000000000455e+01 -1.424809999999999945e+03
1.454399999999999977e+02 -6.684999999999999432e+01 -1.424880000000000109e+03
1.451299999999999955e+02 -6.979999999999999716e+01 -1.424860000000000127e+03
1.448100000000000023e+02 -7.318999999999999773e+01 -1.424930000000000064e+03
1.446599999999999966e+02 -7.548999999999999488e+01 -1.424910000000000082e+03
1.445300000000000011e+02 -7.896999999999999886e+01 -1.424870000000000118e+03
1.445000000000000000e+02 -8.242000000000000171e+01 -1.424910000000000082e+03
1.445600000000000023e+02 -8.475000000000000000e+01 -1.424950000000000045e+03
1.447599999999999909e+02 -8.831000000000000227e+01 -1.425089999999999918e+03
1.450699999999999932e+02 -9.187999999999999545e+01 -1.425039999999999964e+03
1.453100000000000023e+02 -9.420000000000000284e+01 -1.425039999999999964e+03
1.458100000000000023e+02 -9.770000000000000284e+01 -1.425039999999999964e+03
1.463900000000000148e+02 -1.010900000000000034e+02 -1.424960000000000036e+03
1.468400000000000034e+02 -1.033900000000000006e+02 -1.424870000000000118e+03
1.476100000000000136e+02 -1.067900000000000063e+02 -1.424799999999999955e+03
1.484900000000000091e+02 -1.101299999999999955e+02 -1.424920000000000073e+03
1.491400000000000148e+02 -1.123799999999999955e+02 -1.424850000000000136e+03
1.502500000000000000e+02 -1.157400000000000091e+02 -1.424740000000000009e+03
1.510300000000000011e+02 -1.179600000000000080e+02 -1.424559999999999945e+03
1.523000000000000114e+02 -1.212000000000000028e+02 -1.424490000000000009e+03
1.536500000000000057e+02 -1.243599999999999994e+02 -1.424370000000000118e+03
1.545999999999999943e+02 -1.264300000000000068e+02 -1.424259999999999991e+03
1.560900000000000034e+02 -1.294799999999999898e+02 -1.424160000000000082e+03
1.576899999999999977e+02 -1.325099999999999909e+02 -1.423950000000000045e+03
1.588300000000000125e+02 -1.345600000000000023e+02 -1.423920000000000073e+03
1.606700000000000159e+02 -1.376299999999999955e+02 -1.423759999999999991e+03
1.625999999999999943e+02 -1.406500000000000057e+02 -1.423589999999999918e+03
1.639799999999999898e+02 -1.426400000000000148e+02 -1.423559999999999945e+03
1.660200000000000102e+02 -1.454900000000000091e+02 -1.423400000000000091e+03
1.674900000000000091e+02 -1.473799999999999955e+02 -1.423279999999999973e+03
1.696800000000000068e+02 -1.501100000000000136e+02 -1.423110000000000127e+03
1.710500000000000114e+02 -1.517100000000000080e+02 -1.422930000000000064e+03
