1.618400000000000034e+02 -1.403900000000000148e+02 -1.423370000000000118e+03
1.703700000000000045e+02 -1.516299999999999955e+02 -1.422559999999999945e+03
1.703700000000000045e+02 -1.516299999999999955e+02 -1.422559999999999945e+03
1.790500000000000114e+02 -1.605200000000000102e+02 -1.421980000000000018e+03
1.765500000000000114e+02 -1.583499999999999943e+02 -1.422210000000000036e+03
1.750099999999999909e+02 -1.567299999999999898e+02 -1.422319999999999936e+03
1.727400000000000091e+02 -1.542599999999999909e+02 -1.422509999999999991e+03
1.705000000000000000e+02 -1.517000000000000171e+02 -1.422720000000000027e+03
1.689699999999999989e+02 -1.499300000000000068e+02 -1.422819999999999936e+03
1.667700000000000102e+02 -1.471899999999999977e+02 -1.423019999999999982e+03
1.653199999999999932e+02 -1.453000000000000114e+02 -1.423170000000000073e+03
1.632500000000000000e+02 -1.424099999999999966e+02 -1.423319999999999936e+03
1.612500000000000000e+02 -1.394300000000000068e+02 -1.423370000000000118e+03
1.600000000000000000e+02 -1.374600000000000080e+02 -1.423559999999999945e+03
1.582100000000000080e+02 -1.344499999999999886e+02 -1.423700000000000045e+03
1.565500000000000114e+02 -1.314200000000000159e+02 -1.423870000000000118e+03
1.555099999999999909e+02 -1.294200000000000159e+02 -1.423900000000000091e+03
1.540500000000000114e+02 -1.264200000000000017e+02 -1.424009999999999991e+03
1.530900000000000034e+02 -1.242999999999999972e+02 -1.424180000000000064e+03
1.517000000000000171e+02 -1.210400000000000063e+02 -1.424309999999999945e+03
1.504399999999999977e+02 -1.178100000000000023e+02 -1.424400000000000091e+03
1.496700000000000159e+02 -1.155900000000000034e+02 -1.424549999999999955e+03
1.485699999999999932e+02 -1.122199999999999989e+02 -1.424650000000000091e+03
1.475999999999999943e+02 -1.088700000000000045e+02 -1.424750000000000000e+03
1.470399999999999920e+02 -1.066599999999999966e+02 -1.424809999999999945e+03
1.463000000000000114e+02 -1.032999999999999972e+02 -1.424700000000000045e+03
1.456599999999999966e+02 -9.996000000000000796e+01 -1.424769999999999982e+03
1.452800000000000011e+02 -9.768000000000000682e+01 -1.424799999999999955e+03
1.447899999999999920e+02 -9.420000000000000284e+01 -1.424839999999999918e+03
1.444300000000000068e+02 -9.073000000000000398e+01 -1.424809999999999945e+03
1.442500000000000000e+02 -8.843999999999999773e+01 -1.424829999999999927e+03
1.440300000000000011e+02 -8.490000000000000568e+01 -1.424730000000000018e+03
1.439900000000000091e+02 -8.135000000000000853e+01 -1.424690000000000055e+03
1.440000000000000000e+02 -7.898000000000000398e+01 -1.424640000000000100e+03
1.440300000000000011e+02 -7.878000000000000114e+01 -1.424670000000000073e+03
1.440300000000000011e+02 -8.185999999999999943e+01 -1.424670000000000073e+03
1.440600000000000023e+02 -8.418999999999999773e+01 -1.424690000000000055e+03
1.442500000000000000e+02 -8.768999999999999773e+01 -1.424799999999999955e+03
1.445200000000000102e+02 -9.123000000000000398e+01 -1.424759999999999991e+03
1.447700000000000102e+02 -9.357999999999999829e+01 -1.424789999999999964e+03
1.452400000000000091e+02 -9.707000000000000739e+01 -1.424809999999999945e+03
1.455999999999999943e+02 -9.937000000000000455e+01 -1.424769999999999982e+03
1.462299999999999898e+02 -1.027699999999999960e+02 -1.424650000000000091e+03
1.469699999999999989e+02 -1.061500000000000057e+02 -1.424670000000000073e+03
1.475200000000000102e+02 -1.083799999999999955e+02 -1.424640000000000100e+03
1.484500000000000171e+02 -1.117699999999999960e+02 -1.424589999999999918e+03
1.491500000000000057e+02 -1.140000000000000000e+02 -1.424519999999999982e+03
1.502899999999999920e+02 -1.173299999999999983e+02 -1.424430000000000064e+03
1.515300000000000011e+02 -1.206000000000000085e+02 -1.424299999999999955e+03
1.524200000000000159e+02 -1.227400000000000091e+02 -1.424259999999999991e+03
1.538000000000000114e+02 -1.258500000000000085e+02 -1.424089999999999918e+03
1.547500000000000000e+02 -1.278599999999999994e+02 -1.423970000000000027e+03
1.563000000000000114e+02 -1.309499999999999886e+02 -1.423890000000000100e+03
1.574099999999999966e+02 -1.330000000000000000e+02 -1.423789999999999964e+03
1.591599999999999966e+02 -1.360900000000000034e+02 -1.423589999999999918e+03
1.610399999999999920e+02 -1.391500000000000057e+02 -1.423440000000000055e+03
1.623600000000000136e+02 -1.411700000000000159e+02 -1.423329999999999927e+03
1.623900000000000148e+02 -1.411899999999999977e+02 -1.423299999999999955e+03
1.612000000000000171e+02 -1.393700000000000045e+02 -1.423410000000000082e+03
1.593600000000000136e+02 -1.364000000000000057e+02 -1.423610000000000127e+03
1.581800000000000068e+02 -1.343900000000000148e+02 -1.423690000000000055e+03
1.565300000000000011e+02 -1.313799999999999955e+02 -1.423829999999999927e+03
1.554900000000000091e+02 -1.293799999999999955e+02 -1.423890000000000100e+03
1.540300000000000011e+02 -1.263800000000000097e+02 -1.424079999999999927e+03
1.530699999999999932e+02 -1.242500000000000000e+02 -1.424210000000000036e+03
1.517000000000000171e+02 -1.210100000000000051e+02 -1.424339999999999918e+03
1.508499999999999943e+02 -1.188700000000000045e+02 -1.424420000000000073e+03
1.496500000000000057e+02 -1.155799999999999983e+02 -1.424549999999999955e+03
1.489200000000000159e+02 -1.133400000000000034e+02 -1.424559999999999945e+03
1.479200000000000159e+02 -1.099800000000000040e+02 -1.424789999999999964e+03
1.470399999999999920e+02 -1.066400000000000006e+02 -1.424700000000000045e+03
1.465200000000000102e+02 -1.044300000000000068e+02 -1.424670000000000073e+03
1.458499999999999943e+02 -1.010900000000000034e+02 -1.424710000000000036e+03
1.454500000000000171e+02 -9.881000000000000227e+01 -1.424769999999999982e+03
1.449399999999999977e+02 -9.535999999999999943e+01 -1.424890000000000100e+03
1.446599999999999966e+02 -9.303000000000000114e+01 -1.424829999999999927e+03
1.443300000000000125e+02 -8.953000000000000114e+01 -1.424839999999999918e+03
1.440900000000000034e+02 -8.612999999999999545e+01 -1.424829999999999927e+03
1.440000000000000000e+02 -8.371999999999999886e+01 -1.424720000000000027e+03
1.439799999999999898e+02 -8.015000000000000568e+01 -1.424710000000000036e+03
1.440399999999999920e+02 -7.796999999999999886e+01 -1.424740000000000009e+03
1.440200000000000102e+02 -7.968999999999999773e+01 -1.424710000000000036e+03
1.440300000000000011e+02 -8.296999999999999886e+01 -1.424670000000000073e+03
1.441100000000000136e+02 -8.532000000000000739e+01 -1.424740000000000009e+03
1.443199999999999932e+02 -8.885999999999999943e+01 -1.424809999999999945e+03
1.446400000000000148e+02 -9.239000000000000057e+01 -1.424799999999999955e+03
1.449000000000000057e+02 -9.471999999999999886e+01 -1.424779999999999973e+03
1.454000000000000057e+02 -9.823000000000000398e+01 -1.424700000000000045e+03
1.458000000000000114e+02 -1.005100000000000051e+02 -1.424730000000000018e+03
1.464600000000000080e+02 -1.038799999999999955e+02 -1.424650000000000091e+03
1.472299999999999898e+02 -1.072500000000000000e+02 -1.424650000000000091e+03
1.478000000000000114e+02 -1.094900000000000091e+02 -1.424690000000000055e+03
1.487800000000000011e+02 -1.128400000000000034e+02 -1.424610000000000127e+03
1.495200000000000102e+02 -1.151099999999999994e+02 -1.424579999999999927e+03
1.507000000000000171e+02 -1.184399999999999977e+02 -1.424460000000000036e+03
1.515300000000000011e+02 -1.205700000000000074e+02 -1.424360000000000127e+03
1.528600000000000136e+02 -1.237600000000000051e+02 -1.424279999999999973e+03
1.542599999999999909e+02 -1.268599999999999994e+02 -1.424000000000000000e+03
1.552500000000000000e+02 -1.289000000000000057e+02 -1.423930000000000064e+03
1.568300000000000125e+02 -1.319499999999999886e+02 -1.423779999999999973e+03
1.579399999999999977e+02 -1.339799999999999898e+02 -1.423690000000000055e+03
1.597700000000000102e+02 -1.370900000000000034e+02 -1.423559999999999945e+03
1.610300000000000011e+02 -1.391299999999999955e+02 -1.423400000000000091e+03
1.629200000000000159e+02 -1.419799999999999898e+02 -1.423319999999999936e+03
1.623900000000000148e+02 -1.411800000000000068e+02 -1.423380000000000109e+03
1.606100000000000136e+02 -1.384300000000000068e+02 -1.423450000000000045e+03
1.587700000000000102e+02 -1.354200000000000159e+02 -1.423630000000000109e+03
1.576400000000000148e+02 -1.334099999999999966e+02 -1.423710000000000036e+03
1.560399999999999920e+02 -1.304399999999999977e+02 -1.423880000000000109e+03
1.550099999999999909e+02 -1.284099999999999966e+02 -1.424019999999999982e+03
1.535500000000000114e+02 -1.253200000000000074e+02 -1.424130000000000109e+03
1.521500000000000057e+02 -1.221299999999999955e+02 -1.424329999999999927e+03
1.512800000000000011e+02 -1.199699999999999989e+02 -1.424420000000000073e+03
1.500500000000000114e+02 -1.166899999999999977e+02 -1.424569999999999936e+03
1.489300000000000068e+02 -1.133500000000000085e+02 -1.424640000000000100e+03
1.482400000000000091e+02 -1.111099999999999994e+02 -1.424720000000000027e+03
1.473000000000000114e+02 -1.077500000000000000e+02 -1.424700000000000045e+03
1.467800000000000011e+02 -1.055100000000000051e+02 -1.424710000000000036e+03
1.460699999999999932e+02 -1.021700000000000017e+02 -1.424720000000000027e+03
1.454600000000000080e+02 -9.881000000000000227e+01 -1.424809999999999945e+03
1.451100000000000136e+02 -9.651999999999999602e+01 -1.424860000000000127e+03
1.446500000000000057e+02 -9.304000000000000625e+01 -1.424910000000000082e+03
1.443400000000000034e+02 -8.956000000000000227e+01 -1.424880000000000109e+03
1.441700000000000159e+02 -8.728000000000000114e+01 -1.424860000000000127e+03
1.440000000000000000e+02 -8.375000000000000000e+01 -1.424720000000000027e+03
1.439799999999999898e+02 -8.137000000000000455e+01 -1.424680000000000064e+03
1.440500000000000114e+02 -7.803000000000000114e+01 -1.424730000000000018e+03
1.440399999999999920e+02 -7.879000000000000625e+01 -1.424690000000000055e+03
1.440300000000000011e+02 -8.179000000000000625e+01 -1.424710000000000036e+03
1.440600000000000023e+02 -8.415999999999999659e+01 -1.424710000000000036e+03
1.442500000000000000e+02 -8.765999999999999659e+01 -1.424799999999999955e+03
1.445399999999999920e+02 -9.121000000000000796e+01 -1.424799999999999955e+03
1.447500000000000000e+02 -9.356000000000000227e+01 -1.424829999999999927e+03
1.452199999999999989e+02 -9.704000000000000625e+01 -1.424740000000000009e+03
1.457899999999999920e+02 -1.004900000000000091e+02 -1.424740000000000009e+03
1.462299999999999898e+02 -1.027600000000000051e+02 -1.424670000000000073e+03
1.469600000000000080e+02 -1.061299999999999955e+02 -1.424650000000000091e+03
1.474900000000000091e+02 -1.083700000000000045e+02 -1.424690000000000055e+03
1.484399999999999977e+02 -1.117300000000000040e+02 -1.424610000000000127e+03
1.495099999999999909e+02 -1.150600000000000023e+02 -1.424480000000000018e+03
1.502800000000000011e+02 -1.172800000000000011e+02 -1.424400000000000091e+03
1.515300000000000011e+02 -1.205499999999999972e+02 -1.424390000000000100e+03
1.528499999999999943e+02 -1.237300000000000040e+02 -1.424250000000000000e+03
1.538000000000000114e+02 -1.258200000000000074e+02 -1.424120000000000118e+03
1.552500000000000000e+02 -1.288900000000000148e+02 -1.423950000000000045e+03
1.562899999999999920e+02 -1.309200000000000159e+02 -1.423890000000000100e+03
1.579600000000000080e+02 -1.340000000000000000e+02 -1.423660000000000082e+03
1.597800000000000011e+02 -1.370999999999999943e+02 -1.423569999999999936e+03
1.610399999999999920e+02 -1.391200000000000045e+02 -1.423490000000000009e+03
1.629200000000000159e+02 -1.419500000000000171e+02 -1.423360000000000127e+03
1.618100000000000023e+02 -1.403000000000000114e+02 -1.423400000000000091e+03
1.605699999999999932e+02 -1.383900000000000148e+02 -1.423420000000000073e+03
1.587700000000000102e+02 -1.354099999999999966e+02 -1.423600000000000136e+03
1.570999999999999943e+02 -1.324399999999999977e+02 -1.423789999999999964e+03
1.560399999999999920e+02 -1.304600000000000080e+02 -1.423829999999999927e+03
1.545399999999999920e+02 -1.274399999999999977e+02 -1.424019999999999982e+03
1.530900000000000034e+02 -1.242999999999999972e+02 -1.424210000000000036e+03
1.521599999999999966e+02 -1.221500000000000057e+02 -1.424309999999999945e+03
1.508600000000000136e+02 -1.189099999999999966e+02 -1.424470000000000027e+03
1.500600000000000023e+02 -1.167199999999999989e+02 -1.424569999999999936e+03
1.489399999999999977e+02 -1.133900000000000006e+02 -1.424620000000000118e+03
1.479200000000000159e+02 -1.100000000000000000e+02 -1.424759999999999991e+03
1.473300000000000125e+02 -1.077800000000000011e+02 -1.424769999999999982e+03
1.465399999999999920e+02 -1.044500000000000028e+02 -1.424700000000000045e+03
1.458600000000000136e+02 -1.011099999999999994e+02 -1.424759999999999991e+03
1.454600000000000080e+02 -9.884000000000000341e+01 -1.424759999999999991e+03
1.449600000000000080e+02 -9.537999999999999545e+01 -1.424870000000000118e+03
1.445399999999999920e+02 -9.192000000000000171e+01 -1.424860000000000127e+03
1.443300000000000125e+02 -8.956000000000000227e+01 -1.424819999999999936e+03
1.440900000000000034e+02 -8.612999999999999545e+01 -1.424759999999999991e+03
1.439799999999999898e+02 -8.251999999999999602e+01 -1.424769999999999982e+03
1.439799999999999898e+02 -8.017000000000000171e+01 -1.424730000000000018e+03
1.440200000000000102e+02 -7.803000000000000114e+01 -1.424680000000000064e+03
1.440200000000000102e+02 -8.068000000000000682e+01 -1.424610000000000127e+03
1.440399999999999920e+02 -8.296999999999999886e+01 -1.424730000000000018e+03
1.441599999999999966e+02 -8.648000000000000398e+01 -1.424710000000000036e+03
1.443300000000000125e+02 -8.887000000000000455e+01 -1.424829999999999927e+03
1.446400000000000148e+02 -9.240000000000000568e+01 -1.424809999999999945e+03
1.449000000000000057e+02 -9.473000000000000398e+01 -1.424779999999999973e+03
1.453900000000000148e+02 -9.823000000000000398e+01 -1.424680000000000064e+03
1.458000000000000114e+02 -1.005000000000000000e+02 -1.424690000000000055e+03
1.464399999999999977e+02 -1.038799999999999955e+02 -1.424720000000000027e+03
1.469699999999999989e+02 -1.061299999999999955e+02 -1.424670000000000073e+03
1.478199999999999932e+02 -1.095100000000000051e+02 -1.424720000000000027e+03
1.487800000000000011e+02 -1.128400000000000034e+02 -1.424620000000000118e+03
1.495099999999999909e+02 -1.150799999999999983e+02 -1.424529999999999973e+03
1.507000000000000171e+02 -1.184000000000000057e+02 -1.424460000000000036e+03
1.515300000000000011e+02 -1.205700000000000074e+02 -1.424380000000000109e+03
1.528499999999999943e+02 -1.237300000000000040e+02 -1.424160000000000082e+03
1.542700000000000102e+02 -1.268500000000000085e+02 -1.424009999999999991e+03
1.552599999999999909e+02 -1.288900000000000148e+02 -1.423970000000000027e+03
1.568300000000000125e+02 -1.319399999999999977e+02 -1.423769999999999982e+03
1.585500000000000114e+02 -1.350399999999999920e+02 -1.423670000000000073e+03
1.597700000000000102e+02 -1.371100000000000136e+02 -1.423559999999999945e+03
1.616800000000000068e+02 -1.401299999999999955e+02 -1.423400000000000091e+03
1.629099999999999966e+02 -1.419600000000000080e+02 -1.423339999999999918e+03
1.618000000000000114e+02 -1.403000000000000114e+02 -1.423309999999999945e+03
1.599399999999999977e+02 -1.373799999999999955e+02 -1.423529999999999973e+03
1.582000000000000171e+02 -1.344300000000000068e+02 -1.423670000000000073e+03
1.570999999999999943e+02 -1.324399999999999977e+02 -1.423750000000000000e+03
1.555200000000000102e+02 -1.294300000000000068e+02 -1.423900000000000091e+03
1.545500000000000114e+02 -1.274500000000000028e+02 -1.424049999999999955e+03
1.530900000000000034e+02 -1.242999999999999972e+02 -1.424210000000000036e+03
1.521599999999999966e+02 -1.221599999999999966e+02 -1.424299999999999955e+03
1.508700000000000045e+02 -1.189200000000000017e+02 -1.424460000000000036e+03
1.496899999999999977e+02 -1.156200000000000045e+02 -1.424600000000000136e+03
1.489399999999999977e+02 -1.133900000000000006e+02 -1.424630000000000109e+03
1.479200000000000159e+02 -1.100000000000000000e+02 -1.424740000000000009e+03
1.470600000000000023e+02 -1.066700000000000017e+02 -1.424700000000000045e+03
1.465399999999999920e+02 -1.044600000000000080e+02 -1.424680000000000064e+03
1.458600000000000136e+02 -1.011099999999999994e+02 -1.424700000000000045e+03
1.452800000000000011e+02 -9.770000000000000284e+01 -1.424819999999999936e+03
1.449500000000000171e+02 -9.537999999999999545e+01 -1.424850000000000136e+03
1.445500000000000114e+02 -9.190000000000000568e+01 -1.424799999999999955e+03
1.442500000000000000e+02 -8.843000000000000682e+01 -1.424779999999999973e+03
1.440999999999999943e+02 -8.612999999999999545e+01 -1.424759999999999991e+03
1.439900000000000091e+02 -8.253000000000000114e+01 -1.424750000000000000e+03
1.440099999999999909e+02 -7.901999999999999602e+01 -1.424660000000000082e+03
1.440399999999999920e+02 -7.803000000000000114e+01 -1.424700000000000045e+03
1.440099999999999909e+02 -8.064000000000000057e+01 -1.424569999999999936e+03
1.440399999999999920e+02 -8.293000000000000682e+01 -1.424650000000000091e+03
1.441599999999999966e+02 -8.646999999999999886e+01 -1.424680000000000064e+03
1.444300000000000068e+02 -9.004000000000000625e+01 -1.424829999999999927e+03
1.446299999999999955e+02 -9.239000000000000057e+01 -1.424769999999999982e+03
1.450500000000000114e+02 -9.590999999999999659e+01 -1.424759999999999991e+03
1.455900000000000034e+02 -9.935999999999999943e+01 -1.424710000000000036e+03
1.460000000000000000e+02 -1.016000000000000085e+02 -1.424670000000000073e+03
1.467000000000000171e+02 -1.049900000000000091e+02 -1.424660000000000082e+03
1.475000000000000000e+02 -1.083700000000000045e+02 -1.424690000000000055e+03
1.481200000000000045e+02 -1.106099999999999994e+02 -1.424670000000000073e+03
1.491599999999999966e+02 -1.139800000000000040e+02 -1.424600000000000136e+03
1.498900000000000148e+02 -1.162000000000000028e+02 -1.424500000000000000e+03
1.510900000000000034e+02 -1.194699999999999989e+02 -1.424339999999999918e+03
1.524000000000000057e+02 -1.227000000000000028e+02 -1.424200000000000045e+03
1.533199999999999932e+02 -1.247900000000000063e+02 -1.424150000000000091e+03
1.547299999999999898e+02 -1.278200000000000074e+02 -1.423950000000000045e+03
1.563000000000000114e+02 -1.309200000000000159e+02 -1.423850000000000136e+03
1.574000000000000057e+02 -1.329799999999999898e+02 -1.423769999999999982e+03
1.591400000000000148e+02 -1.360600000000000023e+02 -1.423589999999999918e+03
1.610300000000000011e+02 -1.391200000000000045e+02 -1.423440000000000055e+03
1.623499999999999943e+02 -1.411299999999999955e+02 -1.423339999999999918e+03
1.623900000000000148e+02 -1.411599999999999966e+02 -1.423269999999999982e+03
1.605800000000000125e+02 -1.383900000000000148e+02 -1.423440000000000055e+03
1.593600000000000136e+02 -1.364000000000000057e+02 -1.423559999999999945e+03
1.576599999999999966e+02 -1.334499999999999886e+02 -1.423710000000000036e+03
1.560600000000000023e+02 -1.304699999999999989e+02 -1.423850000000000136e+03
1.550200000000000102e+02 -1.284300000000000068e+02 -1.423940000000000055e+03
1.535800000000000125e+02 -1.253599999999999994e+02 -1.424130000000000109e+03
1.521700000000000159e+02 -1.221599999999999966e+02 -1.424259999999999991e+03
1.512899999999999920e+02 -1.200000000000000000e+02 -1.424400000000000091e+03
1.500600000000000023e+02 -1.167199999999999989e+02 -1.424509999999999991e+03
1.493000000000000114e+02 -1.144900000000000091e+02 -1.424589999999999918e+03
1.482500000000000000e+02 -1.111400000000000006e+02 -1.424700000000000045e+03
1.473199999999999932e+02 -1.077800000000000011e+02 -1.424759999999999991e+03
1.468000000000000114e+02 -1.055499999999999972e+02 -1.424700000000000045e+03
1.460800000000000125e+02 -1.022000000000000028e+02 -1.424700000000000045e+03
1.454699999999999989e+02 -9.885000000000000853e+01 -1.424779999999999973e+03
1.451200000000000045e+02 -9.654999999999999716e+01 -1.424860000000000127e+03
1.446599999999999966e+02 -9.304999999999999716e+01 -1.424829999999999927e+03
1.444399999999999977e+02 -9.073000000000000398e+01 -1.424819999999999936e+03
1.441700000000000159e+02 -8.726999999999999602e+01 -1.424789999999999964e+03
1.439900000000000091e+02 -8.373000000000000398e+01 -1.424720000000000027e+03
1.439900000000000091e+02 -8.135999999999999943e+01 -1.424700000000000045e+03
1.440500000000000114e+02 -7.804000000000000625e+01 -1.424750000000000000e+03
1.440200000000000102e+02 -7.962000000000000455e+01 -1.424610000000000127e+03
1.440300000000000011e+02 -8.181000000000000227e+01 -1.424700000000000045e+03
1.440999999999999943e+02 -8.529999999999999716e+01 -1.424700000000000045e+03
1.442400000000000091e+02 -8.767000000000000171e+01 -1.424769999999999982e+03
1.445300000000000011e+02 -9.123000000000000398e+01 -1.424769999999999982e+03
1.449000000000000057e+02 -9.473000000000000398e+01 -1.424740000000000009e+03
1.452299999999999898e+02 -9.707000000000000739e+01 -1.424789999999999964e+03
1.457899999999999920e+02 -1.005100000000000051e+02 -1.424710000000000036e+03
1.464500000000000171e+02 -1.038700000000000045e+02 -1.424630000000000109e+03
1.469600000000000080e+02 -1.061200000000000045e+02 -1.424650000000000091e+03
1.478000000000000114e+02 -1.094900000000000091e+02 -1.424730000000000018e+03
1.487800000000000011e+02 -1.128400000000000034e+02 -1.424549999999999955e+03
1.495200000000000102e+02 -1.150900000000000034e+02 -1.424539999999999964e+03
1.507000000000000171e+02 -1.184200000000000017e+02 -1.424440000000000055e+03
1.519600000000000080e+02 -1.216099999999999994e+02 -1.424289999999999964e+03
1.528600000000000136e+02 -1.237400000000000091e+02 -1.424220000000000027e+03
1.542700000000000102e+02 -1.268599999999999994e+02 -1.423990000000000009e+03
1.552500000000000000e+02 -1.289000000000000057e+02 -1.423950000000000045e+03
1.568199999999999932e+02 -1.319399999999999977e+02 -1.423750000000000000e+03
1.579600000000000080e+02 -1.340099999999999909e+02 -1.423750000000000000e+03
1.597800000000000011e+02 -1.371200000000000045e+02 -1.423549999999999955e+03
1.610300000000000011e+02 -1.391200000000000045e+02 -1.423440000000000055e+03
1.629200000000000159e+02 -1.419699999999999989e+02 -1.423339999999999918e+03
1.618300000000000125e+02 -1.403300000000000125e+02 -1.423309999999999945e+03
1.605900000000000034e+02 -1.384099999999999966e+02 -1.423380000000000109e+03
1.587599999999999909e+02 -1.354000000000000057e+02 -1.423539999999999964e+03
1.571299999999999955e+02 -1.324600000000000080e+02 -1.423779999999999973e+03
1.560699999999999932e+02 -1.304799999999999898e+02 -1.423880000000000109e+03
1.545600000000000023e+02 -1.274500000000000028e+02 -1.423990000000000009e+03
1.535800000000000125e+02 -1.253599999999999994e+02 -1.424079999999999927e+03
1.521899999999999977e+02 -1.221700000000000017e+02 -1.424329999999999927e+03
1.508700000000000045e+02 -1.189300000000000068e+02 -1.424440000000000055e+03
1.500600000000000023e+02 -1.167300000000000040e+02 -1.424509999999999991e+03
1.489399999999999977e+02 -1.133799999999999955e+02 -1.424559999999999945e+03
1.482500000000000000e+02 -1.111500000000000057e+02 -1.424730000000000018e+03
1.473199999999999932e+02 -1.077900000000000063e+02 -1.424730000000000018e+03
1.465399999999999920e+02 -1.044699999999999989e+02 -1.424740000000000009e+03
1.460699999999999932e+02 -1.021899999999999977e+02 -1.424670000000000073e+03
1.454699999999999989e+02 -9.885999999999999943e+01 -1.424759999999999991e+03
1.451100000000000136e+02 -9.654999999999999716e+01 -1.424829999999999927e+03
1.446599999999999966e+02 -9.304999999999999716e+01 -1.424829999999999927e+03
1.443400000000000034e+02 -8.956000000000000227e+01 -1.424860000000000127e+03
1.441800000000000068e+02 -8.728000000000000114e+01 -1.424900000000000091e+03
1.440000000000000000e+02 -8.373000000000000398e+01 -1.424769999999999982e+03
1.439900000000000091e+02 -8.137999999999999545e+01 -1.424789999999999964e+03
1.440399999999999920e+02 -7.804000000000000625e+01 -1.424730000000000018e+03
1.440300000000000011e+02 -7.965000000000000568e+01 -1.424670000000000073e+03
1.440200000000000102e+02 -8.179999999999999716e+01 -1.424650000000000091e+03
1.441100000000000136e+02 -8.529999999999999716e+01 -1.424720000000000027e+03
1.443199999999999932e+02 -8.885999999999999943e+01 -1.424809999999999945e+03
1.445200000000000102e+02 -9.121000000000000796e+01 -1.424740000000000009e+03
1.448900000000000148e+02 -9.471999999999999886e+01 -1.424789999999999964e+03
1.452199999999999989e+02 -9.704999999999999716e+01 -1.424769999999999982e+03
1.457899999999999920e+02 -1.005000000000000000e+02 -1.424759999999999991e+03
1.464600000000000080e+02 -1.038799999999999955e+02 -1.424720000000000027e+03
1.469500000000000171e+02 -1.061200000000000045e+02 -1.424720000000000027e+03
1.478000000000000114e+02 -1.094900000000000091e+02 -1.424720000000000027e+03
1.487899999999999920e+02 -1.128400000000000034e+02 -1.424640000000000100e+03
1.495000000000000000e+02 -1.150700000000000074e+02 -1.424500000000000000e+03
1.506899999999999977e+02 -1.184099999999999966e+02 -1.424450000000000045e+03
1.515300000000000011e+02 -1.205600000000000023e+02 -1.424329999999999927e+03
1.528499999999999943e+02 -1.237300000000000040e+02 -1.424200000000000045e+03
1.542599999999999909e+02 -1.268400000000000034e+02 -1.423980000000000018e+03
1.552400000000000091e+02 -1.288700000000000045e+02 -1.423880000000000109e+03
1.568300000000000125e+02 -1.319300000000000068e+02 -1.423789999999999964e+03
1.585500000000000114e+02 -1.350399999999999920e+02 -1.423730000000000018e+03
1.597700000000000102e+02 -1.371100000000000136e+02 -1.423529999999999973e+03
1.616800000000000068e+02 -1.401200000000000045e+02 -1.423470000000000027e+03
1.629200000000000159e+02 -1.419600000000000080e+02 -1.423329999999999927e+03
1.618400000000000034e+02 -1.403499999999999943e+02 -1.423370000000000118e+03
1.605900000000000034e+02 -1.384099999999999966e+02 -1.423420000000000073e+03
1.587899999999999920e+02 -1.354300000000000068e+02 -1.423650000000000091e+03
1.571200000000000045e+02 -1.324600000000000080e+02 -1.423769999999999982e+03
1.560699999999999932e+02 -1.304799999999999898e+02 -1.423880000000000109e+03
1.545699999999999932e+02 -1.274699999999999989e+02 -1.424009999999999991e+03
1.535800000000000125e+02 -1.253700000000000045e+02 -1.424079999999999927e+03
1.521800000000000068e+02 -1.221700000000000017e+02 -1.424299999999999955e+03
1.513000000000000114e+02 -1.200100000000000051e+02 -1.424430000000000064e+03
1.500500000000000114e+02 -1.167300000000000040e+02 -1.424460000000000036e+03
1.489399999999999977e+02 -1.133900000000000006e+02 -1.424579999999999927e+03
1.482500000000000000e+02 -1.111500000000000057e+02 -1.424710000000000036e+03
1.473400000000000034e+02 -1.077900000000000063e+02 -1.424700000000000045e+03
1.468000000000000114e+02 -1.055700000000000074e+02 -1.424690000000000055e+03
1.460800000000000125e+02 -1.022000000000000028e+02 -1.424700000000000045e+03
1.456700000000000159e+02 -1.000100000000000051e+02 -1.424779999999999973e+03
1.451200000000000045e+02 -9.657000000000000739e+01 -1.424839999999999918e+03
1.448000000000000114e+02 -9.423999999999999488e+01 -1.424890000000000100e+03
1.444300000000000068e+02 -9.075000000000000000e+01 -1.424799999999999955e+03
1.442500000000000000e+02 -8.843999999999999773e+01 -1.424750000000000000e+03
1.440399999999999920e+02 -8.493000000000000682e+01 -1.424759999999999991e+03
1.439699999999999989e+02 -8.137000000000000455e+01 -1.424670000000000073e+03
1.440000000000000000e+02 -7.904999999999999716e+01 -1.424720000000000027e+03
1.440300000000000011e+02 -7.871999999999999886e+01 -1.424690000000000055e+03
1.440300000000000011e+02 -8.179000000000000625e+01 -1.424680000000000064e+03
1.440500000000000114e+02 -8.409000000000000341e+01 -1.424660000000000082e+03
1.442400000000000091e+02 -8.765000000000000568e+01 -1.424750000000000000e+03
1.444200000000000159e+02 -9.001999999999999602e+01 -1.424850000000000136e+03
1.447800000000000011e+02 -9.356000000000000227e+01 -1.424809999999999945e+03
1.452100000000000080e+02 -9.704999999999999716e+01 -1.424740000000000009e+03
1.455900000000000034e+02 -9.935000000000000853e+01 -1.424779999999999973e+03
1.462199999999999989e+02 -1.027500000000000000e+02 -1.424640000000000100e+03
1.469500000000000171e+02 -1.061099999999999994e+02 -1.424660000000000082e+03
1.474900000000000091e+02 -1.083500000000000085e+02 -1.424720000000000027e+03
1.484399999999999977e+02 -1.117400000000000091e+02 -1.424589999999999918e+03
1.495200000000000102e+02 -1.150700000000000074e+02 -1.424559999999999945e+03
1.502700000000000102e+02 -1.172800000000000011e+02 -1.424430000000000064e+03
1.515200000000000102e+02 -1.205600000000000023e+02 -1.424309999999999945e+03
1.528499999999999943e+02 -1.237199999999999989e+02 -1.424240000000000009e+03
1.537700000000000102e+02 -1.257999999999999972e+02 -1.424069999999999936e+03
1.552500000000000000e+02 -1.288700000000000045e+02 -1.423970000000000027e+03
1.568199999999999932e+02 -1.319300000000000068e+02 -1.423799999999999955e+03
1.579500000000000171e+02 -1.339900000000000091e+02 -1.423660000000000082e+03
1.597800000000000011e+02 -1.371100000000000136e+02 -1.423569999999999936e+03
1.610200000000000102e+02 -1.391100000000000136e+02 -1.423460000000000036e+03
1.629000000000000057e+02 -1.419500000000000171e+02 -1.423269999999999982e+03
1.624099999999999966e+02 -1.412100000000000080e+02 -1.423339999999999918e+03
1.606100000000000136e+02 -1.384200000000000159e+02 -1.423480000000000018e+03
1.587700000000000102e+02 -1.354200000000000159e+02 -1.423630000000000109e+03
1.576599999999999966e+02 -1.334600000000000080e+02 -1.423700000000000045e+03
1.560800000000000125e+02 -1.304900000000000091e+02 -1.423870000000000118e+03
1.550399999999999920e+02 -1.284499999999999886e+02 -1.423950000000000045e+03
1.535900000000000034e+02 -1.253700000000000045e+02 -1.424130000000000109e+03
1.526299999999999955e+02 -1.232400000000000091e+02 -1.424190000000000055e+03
1.513100000000000023e+02 -1.200000000000000000e+02 -1.424410000000000082e+03
1.500800000000000125e+02 -1.167400000000000091e+02 -1.424519999999999982e+03
1.493100000000000023e+02 -1.145000000000000000e+02 -1.424579999999999927e+03
1.482599999999999909e+02 -1.111599999999999966e+02 -1.424710000000000036e+03
1.476100000000000136e+02 -1.089200000000000017e+02 -1.424700000000000045e+03
1.468100000000000023e+02 -1.055700000000000074e+02 -1.424710000000000036e+03
1.460900000000000034e+02 -1.022199999999999989e+02 -1.424740000000000009e+03
1.456700000000000159e+02 -1.000199999999999960e+02 -1.424759999999999991e+03
1.451299999999999955e+02 -9.657999999999999829e+01 -1.424829999999999927e+03
1.446800000000000068e+02 -9.307000000000000739e+01 -1.424880000000000109e+03
1.444399999999999977e+02 -9.076000000000000512e+01 -1.424829999999999927e+03
1.441800000000000068e+02 -8.729999999999999716e+01 -1.424860000000000127e+03
1.440000000000000000e+02 -8.376000000000000512e+01 -1.424769999999999982e+03
1.439699999999999989e+02 -8.139000000000000057e+01 -1.424700000000000045e+03
1.440300000000000011e+02 -7.807000000000000739e+01 -1.424710000000000036e+03
1.440300000000000011e+02 -7.871999999999999886e+01 -1.424720000000000027e+03
1.440200000000000102e+02 -8.179000000000000625e+01 -1.424700000000000045e+03
1.440600000000000023e+02 -8.412999999999999545e+01 -1.424660000000000082e+03
1.442400000000000091e+02 -8.765000000000000568e+01 -1.424789999999999964e+03
1.445099999999999909e+02 -9.118999999999999773e+01 -1.424779999999999973e+03
1.447599999999999909e+02 -9.354999999999999716e+01 -1.424829999999999927e+03
1.452299999999999898e+02 -9.704000000000000625e+01 -1.424809999999999945e+03
1.457899999999999920e+02 -1.004800000000000040e+02 -1.424710000000000036e+03
1.462299999999999898e+02 -1.027400000000000091e+02 -1.424700000000000045e+03
1.469399999999999977e+02 -1.061000000000000085e+02 -1.424630000000000109e+03
1.477899999999999920e+02 -1.094699999999999989e+02 -1.424690000000000055e+03
1.484500000000000171e+02 -1.117400000000000091e+02 -1.424620000000000118e+03
1.495200000000000102e+02 -1.150700000000000074e+02 -1.424549999999999955e+03
1.506899999999999977e+02 -1.183799999999999955e+02 -1.424410000000000082e+03
1.515300000000000011e+02 -1.205499999999999972e+02 -1.424329999999999927e+03
1.528600000000000136e+02 -1.237100000000000080e+02 -1.424220000000000027e+03
1.537800000000000011e+02 -1.257900000000000063e+02 -1.424059999999999945e+03
1.552299999999999898e+02 -1.288499999999999943e+02 -1.423920000000000073e+03
1.562899999999999920e+02 -1.309000000000000057e+02 -1.423890000000000100e+03
1.579399999999999977e+02 -1.339699999999999989e+02 -1.423690000000000055e+03
1.591200000000000045e+02 -1.360399999999999920e+02 -1.423579999999999927e+03
1.610200000000000102e+02 -1.390999999999999943e+02 -1.423460000000000036e+03
1.629099999999999966e+02 -1.419600000000000080e+02 -1.423319999999999936e+03
1.624300000000000068e+02 -1.412299999999999898e+02 -1.423339999999999918e+03
1.606200000000000045e+02 -1.384399999999999977e+02 -1.423480000000000018e+03
1.593799999999999955e+02 -1.364399999999999977e+02 -1.423549999999999955e+03
1.576599999999999966e+02 -1.334600000000000080e+02 -1.423670000000000073e+03
1.560800000000000125e+02 -1.305000000000000000e+02 -1.423860000000000127e+03
1.550399999999999920e+02 -1.284699999999999989e+02 -1.423970000000000027e+03
1.535900000000000034e+02 -1.253800000000000097e+02 -1.424089999999999918e+03
1.521800000000000068e+02 -1.221800000000000068e+02 -1.424250000000000000e+03
1.513000000000000114e+02 -1.200100000000000051e+02 -1.424420000000000073e+03
1.500699999999999932e+02 -1.167500000000000000e+02 -1.424559999999999945e+03
1.489500000000000171e+02 -1.134000000000000057e+02 -1.424630000000000109e+03
1.482599999999999909e+02 -1.111700000000000017e+02 -1.424710000000000036e+03
1.473300000000000125e+02 -1.078200000000000074e+02 -1.424720000000000027e+03
1.467899999999999920e+02 -1.055900000000000034e+02 -1.424700000000000045e+03
1.460800000000000125e+02 -1.022199999999999989e+02 -1.424710000000000036e+03
1.456700000000000159e+02 -1.000199999999999960e+02 -1.424799999999999955e+03
1.451100000000000136e+02 -9.657999999999999829e+01 -1.424789999999999964e+03
1.446700000000000159e+02 -9.309000000000000341e+01 -1.424860000000000127e+03
1.444300000000000068e+02 -9.076999999999999602e+01 -1.424839999999999918e+03
1.441800000000000068e+02 -8.731000000000000227e+01 -1.424850000000000136e+03
1.440099999999999909e+02 -8.376999999999999602e+01 -1.424769999999999982e+03
1.439699999999999989e+02 -8.137999999999999545e+01 -1.424610000000000127e+03
1.440399999999999920e+02 -7.807999999999999829e+01 -1.424690000000000055e+03
1.440399999999999920e+02 -7.876999999999999602e+01 -1.424730000000000018e+03
1.440300000000000011e+02 -8.176999999999999602e+01 -1.424680000000000064e+03
1.440500000000000114e+02 -8.410000000000000853e+01 -1.424690000000000055e+03
1.442400000000000091e+02 -8.760999999999999943e+01 -1.424789999999999964e+03
1.445200000000000102e+02 -9.115999999999999659e+01 -1.424789999999999964e+03
1.447599999999999909e+02 -9.351999999999999602e+01 -1.424789999999999964e+03
1.452199999999999989e+02 -9.701000000000000512e+01 -1.424759999999999991e+03
1.457800000000000011e+02 -1.004500000000000028e+02 -1.424700000000000045e+03
1.462199999999999989e+02 -1.027100000000000080e+02 -1.424690000000000055e+03
1.469500000000000171e+02 -1.060600000000000023e+02 -1.424660000000000082e+03
1.477899999999999920e+02 -1.094600000000000080e+02 -1.424710000000000036e+03
1.484399999999999977e+02 -1.117199999999999989e+02 -1.424640000000000100e+03
1.495000000000000000e+02 -1.150499999999999972e+02 -1.424500000000000000e+03
1.506899999999999977e+02 -1.183900000000000006e+02 -1.424400000000000091e+03
1.515099999999999909e+02 -1.205300000000000011e+02 -1.424319999999999936e+03
1.528300000000000125e+02 -1.237100000000000080e+02 -1.424170000000000073e+03
1.537599999999999909e+02 -1.257699999999999960e+02 -1.424069999999999936e+03
1.552299999999999898e+02 -1.288400000000000034e+02 -1.423850000000000136e+03
1.562800000000000011e+02 -1.308900000000000148e+02 -1.423920000000000073e+03
1.579399999999999977e+02 -1.339699999999999989e+02 -1.423720000000000027e+03
1.597599999999999909e+02 -1.370999999999999943e+02 -1.423549999999999955e+03
1.610099999999999909e+02 -1.390999999999999943e+02 -1.423480000000000018e+03
1.629300000000000068e+02 -1.420000000000000000e+02 -1.423309999999999945e+03
