1.803199999999999932e+02 -1.612800000000000011e+02 -1.422180000000000064e+03
1.702299999999999898e+02 -1.510000000000000000e+02 -1.422860000000000127e+03
1.702299999999999898e+02 -1.510000000000000000e+02 -1.422860000000000127e+03
1.520600000000000023e+02 -1.213200000000000074e+02 -1.424630000000000109e+03
1.443499999999999943e+02 -8.757999999999999829e+01 -1.424990000000000009e+03
1.455000000000000000e+02 -6.432000000000000739e+01 -1.424789999999999964e+03
1.445200000000000102e+02 -7.298000000000000398e+01 -1.424980000000000018e+03
1.453199999999999932e+02 -9.631000000000000227e+01 -1.425160000000000082e+03
1.557000000000000171e+02 -1.292100000000000080e+02 -1.424180000000000064e+03
1.758000000000000114e+02 -1.571899999999999977e+02 -1.422579999999999927e+03
1.687599999999999909e+02 -1.492400000000000091e+02 -1.423009999999999991e+03
1.512700000000000102e+02 -1.193100000000000023e+02 -1.424589999999999918e+03
1.442000000000000171e+02 -8.529999999999999716e+01 -1.424870000000000118e+03
1.458900000000000148e+02 -6.212000000000000455e+01 -1.424799999999999955e+03
1.443799999999999955e+02 -7.518999999999999773e+01 -1.425029999999999973e+03
1.481599999999999966e+02 -1.099500000000000028e+02 -1.425120000000000118e+03
1.567599999999999909e+02 -1.312500000000000000e+02 -1.424120000000000118e+03
1.767199999999999989e+02 -1.581599999999999966e+02 -1.422500000000000000e+03
1.673300000000000125e+02 -1.474900000000000091e+02 -1.423180000000000064e+03
1.504399999999999977e+02 -1.171299999999999955e+02 -1.424700000000000045e+03
1.450500000000000114e+02 -9.465000000000000568e+01 -1.425000000000000000e+03
1.463100000000000023e+02 -5.991000000000000369e+01 -1.424730000000000018e+03
1.453000000000000114e+02 -6.601000000000000512e+01 -1.424839999999999918e+03
1.460699999999999932e+02 -1.009099999999999966e+02 -1.425089999999999918e+03
1.578900000000000148e+02 -1.333300000000000125e+02 -1.424009999999999991e+03
1.715500000000000114e+02 -1.525200000000000102e+02 -1.422900000000000091e+03
1.659000000000000057e+02 -1.456200000000000045e+02 -1.423309999999999945e+03
1.540300000000000011e+02 -1.257800000000000011e+02 -1.424269999999999982e+03
1.447700000000000102e+02 -9.240999999999999659e+01 -1.425019999999999982e+03
1.467100000000000080e+02 -5.806000000000000227e+01 -1.424789999999999964e+03
1.450000000000000000e+02 -6.835000000000000853e+01 -1.424940000000000055e+03
1.465099999999999909e+02 -1.031000000000000085e+02 -1.425029999999999973e+03
1.590800000000000125e+02 -1.354000000000000057e+02 -1.423900000000000091e+03
1.730600000000000023e+02 -1.542299999999999898e+02 -1.422809999999999945e+03
1.645600000000000023e+02 -1.437899999999999920e+02 -1.423460000000000036e+03
1.489300000000000068e+02 -1.126500000000000057e+02 -1.424839999999999918e+03
1.445600000000000023e+02 -9.004999999999999716e+01 -1.425009999999999991e+03
1.470000000000000000e+02 -5.674000000000000199e+01 -1.424829999999999927e+03
1.441899999999999977e+02 -8.215999999999999659e+01 -1.425059999999999945e+03
1.469900000000000091e+02 -1.054200000000000017e+02 -1.425019999999999982e+03
1.602800000000000011e+02 -1.373799999999999955e+02 -1.423799999999999955e+03
1.771299999999999955e+02 -1.585500000000000114e+02 -1.422460000000000036e+03
1.631500000000000057e+02 -1.418300000000000125e+02 -1.423460000000000036e+03
1.483000000000000114e+02 -1.105300000000000011e+02 -1.424950000000000045e+03
1.442700000000000102e+02 -7.589000000000000057e+01 -1.424870000000000118e+03
1.471800000000000068e+02 -5.595000000000000284e+01 -1.424700000000000045e+03
1.442299999999999898e+02 -8.445000000000000284e+01 -1.425069999999999936e+03
1.510999999999999943e+02 -1.188200000000000074e+02 -1.424750000000000000e+03
1.615399999999999920e+02 -1.394000000000000057e+02 -1.423710000000000036e+03
1.762000000000000171e+02 -1.576100000000000136e+02 -1.422420000000000073e+03
1.560300000000000011e+02 -1.298600000000000136e+02 -1.424100000000000136e+03
1.476700000000000159e+02 -1.082900000000000063e+02 -1.424920000000000073e+03
1.444099999999999966e+02 -7.360000000000000853e+01 -1.424940000000000055e+03
1.456500000000000057e+02 -6.375999999999999801e+01 -1.424870000000000118e+03
1.443600000000000136e+02 -8.678000000000000114e+01 -1.425100000000000136e+03
1.519300000000000068e+02 -1.208900000000000006e+02 -1.424700000000000045e+03
1.700099999999999909e+02 -1.507599999999999909e+02 -1.423079999999999927e+03
1.749699999999999989e+02 -1.562899999999999920e+02 -1.422589999999999918e+03
1.550300000000000011e+02 -1.278900000000000006e+02 -1.424160000000000082e+03
1.450699999999999932e+02 -9.475000000000000000e+01 -1.424970000000000027e+03
1.445999999999999943e+02 -7.129000000000000625e+01 -1.424900000000000091e+03
1.453199999999999932e+02 -6.595000000000000284e+01 -1.424930000000000064e+03
1.460500000000000114e+02 -1.008299999999999983e+02 -1.425029999999999973e+03
1.527899999999999920e+02 -1.229699999999999989e+02 -1.424519999999999982e+03
1.715000000000000000e+02 -1.524600000000000080e+02 -1.422960000000000036e+03
1.659399999999999977e+02 -1.456899999999999977e+02 -1.423240000000000009e+03
1.540699999999999932e+02 -1.258500000000000085e+02 -1.424269999999999982e+03
1.447899999999999920e+02 -9.251000000000000512e+01 -1.425059999999999945e+03
1.467000000000000171e+02 -5.810999999999999943e+01 -1.424769999999999982e+03
1.450099999999999909e+02 -6.821999999999999886e+01 -1.424920000000000073e+03
1.464799999999999898e+02 -1.030900000000000034e+02 -1.424970000000000027e+03
1.590300000000000011e+02 -1.353900000000000148e+02 -1.423970000000000027e+03
1.730200000000000102e+02 -1.540500000000000114e+02 -1.422779999999999973e+03
1.645999999999999943e+02 -1.437500000000000000e+02 -1.423370000000000118e+03
1.531299999999999955e+02 -1.237600000000000051e+02 -1.424460000000000036e+03
1.445699999999999932e+02 -9.012999999999999545e+01 -1.425059999999999945e+03
1.470000000000000000e+02 -5.670000000000000284e+01 -1.424740000000000009e+03
1.447500000000000000e+02 -7.043999999999999773e+01 -1.425000000000000000e+03
1.469799999999999898e+02 -1.052600000000000051e+02 -1.424990000000000009e+03
1.602400000000000091e+02 -1.372700000000000102e+02 -1.423839999999999918e+03
1.745099999999999909e+02 -1.558000000000000114e+02 -1.422650000000000091e+03
