-1.021599999999999966e+02
-1.021599999999999966e+02
-9.899000000000000909e+01
-9.899000000000000909e+01
-9.899000000000000909e+01
-1.026200000000000045e+02
-1.026200000000000045e+02
-1.045499999999999972e+02
-1.045499999999999972e+02
-1.029699999999999989e+02
-1.029699999999999989e+02
-9.928000000000000114e+01
-9.928000000000000114e+01
-9.928000000000000114e+01
-1.019500000000000028e+02
-1.019500000000000028e+02
-1.045000000000000000e+02
-1.045000000000000000e+02
-1.035199999999999960e+02
-9.954000000000000625e+01
-9.954000000000000625e+01
-9.954000000000000625e+01
-1.011000000000000085e+02
-1.044000000000000057e+02
-1.044000000000000057e+02
-1.040000000000000000e+02
-1.040000000000000000e+02
-1.000499999999999972e+02
-1.000499999999999972e+02
-1.002999999999999972e+02
-1.002999999999999972e+02
-1.002999999999999972e+02
-1.041500000000000057e+02
-1.041500000000000057e+02
-1.042600000000000051e+02
-1.042600000000000051e+02
-1.007300000000000040e+02
-1.007300000000000040e+02
-9.982999999999999829e+01
-9.982999999999999829e+01
-1.037900000000000063e+02
-1.037900000000000063e+02
-1.037900000000000063e+02
-1.043900000000000006e+02
-1.014200000000000017e+02
-1.014200000000000017e+02
-1.014200000000000017e+02
-9.946999999999999886e+01
-9.946999999999999886e+01
-1.033799999999999955e+02
-1.045199999999999960e+02
-1.045199999999999960e+02
-1.021599999999999966e+02
-1.021599999999999966e+02
-9.929000000000000625e+01
-1.028299999999999983e+02
-1.028299999999999983e+02
-1.045499999999999972e+02
-1.045499999999999972e+02
-1.027999999999999972e+02
-9.923000000000000398e+01
-9.923000000000000398e+01
-9.923000000000000398e+01
-1.021400000000000006e+02
-1.021400000000000006e+02
-1.045100000000000051e+02
-1.045100000000000051e+02
-1.045100000000000051e+02
-1.033700000000000045e+02
-1.033700000000000045e+02
-1.033700000000000045e+02
-9.945000000000000284e+01
-9.945000000000000284e+01
-1.013200000000000074e+02
-1.013200000000000074e+02
-1.044300000000000068e+02
-1.044300000000000068e+02
-1.038900000000000006e+02
-1.038900000000000006e+02
-1.038900000000000006e+02
-9.990000000000000568e+01
-9.990000000000000568e+01
-9.990000000000000568e+01
-1.004699999999999989e+02
-1.004699999999999989e+02
-1.004699999999999989e+02
-1.042600000000000051e+02
-1.042600000000000051e+02
-1.042600000000000051e+02
-1.047800000000000011e+02
