0.000000000000000000e+00 8.651280416554304194e-312 0.000000000000000000e+00
1.429099999999999966e+02 -1.143700000000000045e+02 -1.360410000000000082e+03
1.429099999999999966e+02 -1.143700000000000045e+02 -1.360410000000000082e+03
1.399699999999999989e+02 -8.589000000000000057e+01 -1.360390000000000100e+03
1.399699999999999989e+02 -8.589000000000000057e+01 -1.360390000000000100e+03
1.447500000000000000e+02 -5.760000000000000142e+01 -1.359680000000000064e+03
1.522199999999999989e+02 -3.953000000000000114e+01 -1.358839999999999918e+03
1.522199999999999989e+02 -3.953000000000000114e+01 -1.358839999999999918e+03
1.522199999999999989e+02 -3.953000000000000114e+01 -1.358839999999999918e+03
1.452400000000000091e+02 -5.616000000000000369e+01 -1.359769999999999982e+03
1.452400000000000091e+02 -5.616000000000000369e+01 -1.359769999999999982e+03
1.400699999999999932e+02 -8.460999999999999943e+01 -1.360519999999999982e+03
1.400699999999999932e+02 -8.460999999999999943e+01 -1.360519999999999982e+03
1.426700000000000159e+02 -1.132300000000000040e+02 -1.360650000000000091e+03
1.426700000000000159e+02 -1.132300000000000040e+02 -1.360650000000000091e+03
1.505699999999999932e+02 -1.358000000000000114e+02 -1.360150000000000091e+03
1.464500000000000171e+02 -1.260000000000000000e+02 -1.360170000000000073e+03
1.464500000000000171e+02 -1.260000000000000000e+02 -1.360170000000000073e+03
1.402800000000000011e+02 -9.784000000000000341e+01 -1.360329999999999927e+03
1.418400000000000034e+02 -6.909000000000000341e+01 -1.359900000000000091e+03
1.418400000000000034e+02 -6.909000000000000341e+01 -1.359900000000000091e+03
1.499099999999999966e+02 -4.423000000000000398e+01 -1.359029999999999973e+03
1.483700000000000045e+02 -4.788000000000000256e+01 -1.359380000000000109e+03
1.483700000000000045e+02 -4.788000000000000256e+01 -1.359380000000000109e+03
1.408100000000000023e+02 -7.595000000000000284e+01 -1.360350000000000136e+03
1.408100000000000023e+02 -7.595000000000000284e+01 -1.360350000000000136e+03
1.410600000000000023e+02 -1.047000000000000028e+02 -1.360670000000000073e+03
1.410600000000000023e+02 -1.047000000000000028e+02 -1.360670000000000073e+03
1.487500000000000000e+02 -1.318100000000000023e+02 -1.360329999999999927e+03
1.498400000000000034e+02 -1.341800000000000068e+02 -1.360069999999999936e+03
1.498400000000000034e+02 -1.341800000000000068e+02 -1.360069999999999936e+03
1.498400000000000034e+02 -1.341800000000000068e+02 -1.360069999999999936e+03
1.415500000000000114e+02 -1.076899999999999977e+02 -1.360370000000000118e+03
1.415500000000000114e+02 -1.076899999999999977e+02 -1.360370000000000118e+03
1.404300000000000068e+02 -7.893000000000000682e+01 -1.360089999999999918e+03
1.404300000000000068e+02 -7.893000000000000682e+01 -1.360089999999999918e+03
1.469699999999999989e+02 -5.110000000000000142e+01 -1.359319999999999936e+03
1.503000000000000114e+02 -4.342999999999999972e+01 -1.359069999999999936e+03
1.503000000000000114e+02 -4.342999999999999972e+01 -1.359069999999999936e+03
1.424200000000000159e+02 -6.664000000000000057e+01 -1.360180000000000064e+03
1.424200000000000159e+02 -6.664000000000000057e+01 -1.360180000000000064e+03
1.401500000000000057e+02 -9.554999999999999716e+01 -1.360620000000000118e+03
1.401500000000000057e+02 -9.554999999999999716e+01 -1.360620000000000118e+03
1.401500000000000057e+02 -9.554999999999999716e+01 -1.360620000000000118e+03
1.457000000000000171e+02 -1.238900000000000006e+02 -1.360529999999999973e+03
1.457000000000000171e+02 -1.238900000000000006e+02 -1.360529999999999973e+03
1.457000000000000171e+02 -1.238900000000000006e+02 -1.360529999999999973e+03
1.509399999999999977e+02 -1.365800000000000125e+02 -1.360039999999999964e+03
1.509399999999999977e+02 -1.365800000000000125e+02 -1.360039999999999964e+03
1.434099999999999966e+02 -1.163400000000000034e+02 -1.360299999999999955e+03
1.434099999999999966e+02 -1.163400000000000034e+02 -1.360299999999999955e+03
1.399300000000000068e+02 -8.800000000000000000e+01 -1.360289999999999964e+03
1.399300000000000068e+02 -8.800000000000000000e+01 -1.360289999999999964e+03
1.441400000000000148e+02 -5.960000000000000142e+01 -1.359640000000000100e+03
1.507800000000000011e+02 -4.239999999999999858e+01 -1.359100000000000136e+03
1.507800000000000011e+02 -4.239999999999999858e+01 -1.359100000000000136e+03
1.447199999999999989e+02 -5.781000000000000227e+01 -1.359880000000000109e+03
1.447199999999999989e+02 -5.781000000000000227e+01 -1.359880000000000109e+03
1.400099999999999909e+02 -8.620000000000000284e+01 -1.360569999999999936e+03
1.400099999999999909e+02 -8.620000000000000284e+01 -1.360569999999999936e+03
1.430699999999999932e+02 -1.148400000000000034e+02 -1.360660000000000082e+03
1.508600000000000136e+02 -1.364399999999999977e+02 -1.360069999999999936e+03
1.508600000000000136e+02 -1.364399999999999977e+02 -1.360069999999999936e+03
1.462100000000000080e+02 -1.253599999999999994e+02 -1.360160000000000082e+03
1.462100000000000080e+02 -1.253599999999999994e+02 -1.360160000000000082e+03
1.402199999999999989e+02 -9.732999999999999829e+01 -1.360350000000000136e+03
1.402199999999999989e+02 -9.732999999999999829e+01 -1.360350000000000136e+03
1.419399999999999977e+02 -6.860999999999999943e+01 -1.359900000000000091e+03
1.419399999999999977e+02 -6.860999999999999943e+01 -1.359900000000000091e+03
1.498900000000000148e+02 -4.428000000000000114e+01 -1.359059999999999945e+03
1.498900000000000148e+02 -4.428000000000000114e+01 -1.359059999999999945e+03
1.479900000000000091e+02 -4.882000000000000028e+01 -1.359509999999999991e+03
1.406800000000000068e+02 -7.707000000000000739e+01 -1.360420000000000073e+03
1.406800000000000068e+02 -7.707000000000000739e+01 -1.360420000000000073e+03
1.412299999999999898e+02 -1.057600000000000051e+02 -1.360720000000000027e+03
1.412299999999999898e+02 -1.057600000000000051e+02 -1.360720000000000027e+03
1.490600000000000023e+02 -1.325399999999999920e+02 -1.360259999999999991e+03
1.495300000000000011e+02 -1.335200000000000102e+02 -1.360069999999999936e+03
1.495300000000000011e+02 -1.335200000000000102e+02 -1.360069999999999936e+03
1.413499999999999943e+02 -1.065199999999999960e+02 -1.360339999999999918e+03
1.413499999999999943e+02 -1.065199999999999960e+02 -1.360339999999999918e+03
1.413499999999999943e+02 -1.065199999999999960e+02 -1.360339999999999918e+03
1.405399999999999920e+02 -7.776000000000000512e+01 -1.360100000000000136e+03
1.405399999999999920e+02 -7.776000000000000512e+01 -1.360100000000000136e+03
1.405399999999999920e+02 -7.776000000000000512e+01 -1.360100000000000136e+03
1.473700000000000045e+02 -5.012000000000000455e+01 -1.359329999999999927e+03
1.473700000000000045e+02 -5.012000000000000455e+01 -1.359329999999999927e+03
1.473700000000000045e+02 -5.012000000000000455e+01 -1.359329999999999927e+03
1.502100000000000080e+02 -4.368999999999999773e+01 -1.359130000000000109e+03
1.502100000000000080e+02 -4.368999999999999773e+01 -1.359130000000000109e+03
1.502100000000000080e+02 -4.368999999999999773e+01 -1.359130000000000109e+03
1.421700000000000159e+02 -6.779000000000000625e+01 -1.360160000000000082e+03
1.421700000000000159e+02 -6.779000000000000625e+01 -1.360160000000000082e+03
1.421700000000000159e+02 -6.779000000000000625e+01 -1.360160000000000082e+03
1.402199999999999989e+02 -9.674000000000000909e+01 -1.360620000000000118e+03
1.402199999999999989e+02 -9.674000000000000909e+01 -1.360620000000000118e+03
1.402199999999999989e+02 -9.674000000000000909e+01 -1.360620000000000118e+03
1.460900000000000034e+02 -1.250300000000000011e+02 -1.360519999999999982e+03
1.460900000000000034e+02 -1.250300000000000011e+02 -1.360519999999999982e+03
1.460900000000000034e+02 -1.250300000000000011e+02 -1.360519999999999982e+03
1.509300000000000068e+02 -1.365399999999999920e+02 -1.360039999999999964e+03
1.509300000000000068e+02 -1.365399999999999920e+02 -1.360039999999999964e+03
1.509300000000000068e+02 -1.365399999999999920e+02 -1.360039999999999964e+03
1.431400000000000148e+02 -1.152800000000000011e+02 -1.360289999999999964e+03
1.431400000000000148e+02 -1.152800000000000011e+02 -1.360289999999999964e+03
1.399500000000000171e+02 -8.690000000000000568e+01 -1.360289999999999964e+03
1.399500000000000171e+02 -8.690000000000000568e+01 -1.360289999999999964e+03
1.444500000000000171e+02 -5.852000000000000313e+01 -1.359579999999999927e+03
1.444500000000000171e+02 -5.852000000000000313e+01 -1.359579999999999927e+03
1.444500000000000171e+02 -5.852000000000000313e+01 -1.359579999999999927e+03
1.507400000000000091e+02 -4.246999999999999886e+01 -1.359079999999999927e+03
1.507400000000000091e+02 -4.246999999999999886e+01 -1.359079999999999927e+03
1.507400000000000091e+02 -4.246999999999999886e+01 -1.359079999999999927e+03
1.443499999999999943e+02 -5.900000000000000000e+01 -1.359870000000000118e+03
1.443499999999999943e+02 -5.900000000000000000e+01 -1.359870000000000118e+03
1.443499999999999943e+02 -5.900000000000000000e+01 -1.359870000000000118e+03
1.399799999999999898e+02 -8.748999999999999488e+01 -1.360579999999999927e+03
1.399799999999999898e+02 -8.748999999999999488e+01 -1.360579999999999927e+03
1.433700000000000045e+02 -1.161000000000000085e+02 -1.360600000000000136e+03
1.510099999999999909e+02 -1.367400000000000091e+02 -1.360069999999999936e+03
1.510099999999999909e+02 -1.367400000000000091e+02 -1.360069999999999936e+03
1.510099999999999909e+02 -1.367400000000000091e+02 -1.360069999999999936e+03
1.458400000000000034e+02 -1.242999999999999972e+02 -1.360190000000000055e+03
1.458400000000000034e+02 -1.242999999999999972e+02 -1.360190000000000055e+03
1.401500000000000057e+02 -9.626000000000000512e+01 -1.360350000000000136e+03
1.401500000000000057e+02 -9.626000000000000512e+01 -1.360350000000000136e+03
1.421599999999999966e+02 -6.759000000000000341e+01 -1.359900000000000091e+03
1.421599999999999966e+02 -6.759000000000000341e+01 -1.359900000000000091e+03
1.500800000000000125e+02 -4.389000000000000057e+01 -1.359049999999999955e+03
1.500800000000000125e+02 -4.389000000000000057e+01 -1.359049999999999955e+03
1.475099999999999909e+02 -4.995000000000000284e+01 -1.359529999999999973e+03
1.475099999999999909e+02 -4.995000000000000284e+01 -1.359529999999999973e+03
1.475099999999999909e+02 -4.995000000000000284e+01 -1.359529999999999973e+03
1.405500000000000114e+02 -7.823999999999999488e+01 -1.360440000000000055e+03
1.405500000000000114e+02 -7.823999999999999488e+01 -1.360440000000000055e+03
1.405500000000000114e+02 -7.823999999999999488e+01 -1.360440000000000055e+03
1.414200000000000159e+02 -1.068900000000000006e+02 -1.360700000000000045e+03
1.414200000000000159e+02 -1.068900000000000006e+02 -1.360700000000000045e+03
1.493400000000000034e+02 -1.331500000000000057e+02 -1.360269999999999982e+03
1.493400000000000034e+02 -1.331500000000000057e+02 -1.360269999999999982e+03
1.492400000000000091e+02 -1.328700000000000045e+02 -1.360049999999999955e+03
1.492400000000000091e+02 -1.328700000000000045e+02 -1.360049999999999955e+03
1.492400000000000091e+02 -1.328700000000000045e+02 -1.360049999999999955e+03
1.411800000000000068e+02 -1.054800000000000040e+02 -1.360360000000000127e+03
1.411800000000000068e+02 -1.054800000000000040e+02 -1.360360000000000127e+03
1.406599999999999966e+02 -7.671000000000000796e+01 -1.360110000000000127e+03
1.406599999999999966e+02 -7.671000000000000796e+01 -1.360110000000000127e+03
1.477100000000000080e+02 -4.930000000000000426e+01 -1.359269999999999982e+03
1.477100000000000080e+02 -4.930000000000000426e+01 -1.359269999999999982e+03
1.500300000000000011e+02 -4.409000000000000341e+01 -1.359130000000000109e+03
1.500300000000000011e+02 -4.409000000000000341e+01 -1.359130000000000109e+03
1.419300000000000068e+02 -6.900000000000000000e+01 -1.360170000000000073e+03
1.419300000000000068e+02 -6.900000000000000000e+01 -1.360170000000000073e+03
1.419300000000000068e+02 -6.900000000000000000e+01 -1.360170000000000073e+03
1.403100000000000023e+02 -9.795000000000000284e+01 -1.360640000000000100e+03
1.403100000000000023e+02 -9.795000000000000284e+01 -1.360640000000000100e+03
1.464900000000000091e+02 -1.261099999999999994e+02 -1.360509999999999991e+03
1.464900000000000091e+02 -1.261099999999999994e+02 -1.360509999999999991e+03
1.509099999999999966e+02 -1.364900000000000091e+02 -1.360059999999999945e+03
1.509099999999999966e+02 -1.364900000000000091e+02 -1.360059999999999945e+03
1.428900000000000148e+02 -1.142300000000000040e+02 -1.360329999999999927e+03
1.428900000000000148e+02 -1.142300000000000040e+02 -1.360329999999999927e+03
1.428900000000000148e+02 -1.142300000000000040e+02 -1.360329999999999927e+03
1.399799999999999898e+02 -8.582999999999999829e+01 -1.360250000000000000e+03
1.447800000000000011e+02 -5.746999999999999886e+01 -1.359579999999999927e+03
1.447800000000000011e+02 -5.746999999999999886e+01 -1.359579999999999927e+03
1.507000000000000171e+02 -4.253999999999999915e+01 -1.359049999999999955e+03
1.507000000000000171e+02 -4.253999999999999915e+01 -1.359049999999999955e+03
1.507000000000000171e+02 -4.253999999999999915e+01 -1.359049999999999955e+03
1.440600000000000023e+02 -6.003000000000000114e+01 -1.359910000000000082e+03
1.440600000000000023e+02 -6.003000000000000114e+01 -1.359910000000000082e+03
1.440600000000000023e+02 -6.003000000000000114e+01 -1.359910000000000082e+03
1.399699999999999989e+02 -8.862000000000000455e+01 -1.360610000000000127e+03
1.399699999999999989e+02 -8.862000000000000455e+01 -1.360610000000000127e+03
1.436500000000000057e+02 -1.171899999999999977e+02 -1.360600000000000136e+03
1.436500000000000057e+02 -1.171899999999999977e+02 -1.360600000000000136e+03
1.527899999999999920e+02 -1.403199999999999932e+02 -1.359990000000000009e+03
1.527899999999999920e+02 -1.403199999999999932e+02 -1.359990000000000009e+03
1.552000000000000171e+02 -1.449399999999999977e+02 -1.359710000000000036e+03
1.552000000000000171e+02 -1.449399999999999977e+02 -1.359710000000000036e+03
1.552000000000000171e+02 -1.449399999999999977e+02 -1.359710000000000036e+03
