1.362276468512225386e-311 1.362276468524082961e-311 9.881312916824930884e-324
1.463100000000000023e+02 -5.262000000000000455e+01 -1.359490000000000009e+03
1.463100000000000023e+02 -5.262000000000000455e+01 -1.359490000000000009e+03
1.409099999999999966e+02 -7.400000000000000000e+01 -1.360069999999999936e+03
1.409099999999999966e+02 -7.400000000000000000e+01 -1.360069999999999936e+03
1.517700000000000102e+02 -1.379799999999999898e+02 -1.359960000000000036e+03
1.517700000000000102e+02 -1.379799999999999898e+02 -1.359960000000000036e+03
1.417700000000000102e+02 -6.907999999999999829e+01 -1.359710000000000036e+03
1.417700000000000102e+02 -6.907999999999999829e+01 -1.359710000000000036e+03
1.417700000000000102e+02 -6.907999999999999829e+01 -1.359710000000000036e+03
1.435999999999999943e+02 -6.141000000000000369e+01 -1.360140000000000100e+03
1.435999999999999943e+02 -6.141000000000000369e+01 -1.360140000000000100e+03
1.503799999999999955e+02 -1.350200000000000102e+02 -1.360190000000000055e+03
1.402800000000000011e+02 -7.904999999999999716e+01 -1.359730000000000018e+03
1.402800000000000011e+02 -7.904999999999999716e+01 -1.359730000000000018e+03
1.458499999999999943e+02 -5.417999999999999972e+01 -1.359920000000000073e+03
1.458499999999999943e+02 -5.417999999999999972e+01 -1.359920000000000073e+03
1.458499999999999943e+02 -5.417999999999999972e+01 -1.359920000000000073e+03
1.484399999999999977e+02 -1.305399999999999920e+02 -1.360490000000000009e+03
1.484399999999999977e+02 -1.305399999999999920e+02 -1.360490000000000009e+03
1.398300000000000125e+02 -8.590000000000000568e+01 -1.359860000000000127e+03
1.476100000000000136e+02 -4.943999999999999773e+01 -1.359600000000000136e+03
1.476100000000000136e+02 -4.943999999999999773e+01 -1.359600000000000136e+03
1.469300000000000068e+02 -1.267600000000000051e+02 -1.360539999999999964e+03
1.469300000000000068e+02 -1.267600000000000051e+02 -1.360539999999999964e+03
1.398900000000000148e+02 -9.321000000000000796e+01 -1.359940000000000055e+03
1.398900000000000148e+02 -9.321000000000000796e+01 -1.359940000000000055e+03
1.398900000000000148e+02 -9.321000000000000796e+01 -1.359940000000000055e+03
1.494500000000000171e+02 -4.505000000000000426e+01 -1.359350000000000136e+03
1.494500000000000171e+02 -4.505000000000000426e+01 -1.359350000000000136e+03
1.494500000000000171e+02 -4.505000000000000426e+01 -1.359350000000000136e+03
1.449699999999999989e+02 -1.211200000000000045e+02 -1.360680000000000064e+03
1.449699999999999989e+02 -1.211200000000000045e+02 -1.360680000000000064e+03
1.449699999999999989e+02 -1.211200000000000045e+02 -1.360680000000000064e+03
1.407299999999999898e+02 -1.025700000000000074e+02 -1.359890000000000100e+03
1.407299999999999898e+02 -1.025700000000000074e+02 -1.359890000000000100e+03
1.407299999999999898e+02 -1.025700000000000074e+02 -1.359890000000000100e+03
1.500000000000000000e+02 -4.371999999999999886e+01 -1.359130000000000109e+03
1.500000000000000000e+02 -4.371999999999999886e+01 -1.359130000000000109e+03
1.434600000000000080e+02 -1.159800000000000040e+02 -1.360860000000000127e+03
1.420000000000000000e+02 -1.099500000000000028e+02 -1.359940000000000055e+03
1.420000000000000000e+02 -1.099500000000000028e+02 -1.359940000000000055e+03
1.500000000000000000e+02 -4.373000000000000398e+01 -1.359009999999999991e+03
1.500000000000000000e+02 -4.373000000000000398e+01 -1.359009999999999991e+03
1.420900000000000034e+02 -1.101800000000000068e+02 -1.360940000000000055e+03
1.420900000000000034e+02 -1.101800000000000068e+02 -1.360940000000000055e+03
1.436500000000000057e+02 -1.167999999999999972e+02 -1.359930000000000064e+03
1.492800000000000011e+02 -4.532999999999999829e+01 -1.359059999999999945e+03
1.492800000000000011e+02 -4.532999999999999829e+01 -1.359059999999999945e+03
1.409600000000000080e+02 -1.038200000000000074e+02 -1.360970000000000027e+03
1.409600000000000080e+02 -1.038200000000000074e+02 -1.360970000000000027e+03
1.458400000000000034e+02 -1.238299999999999983e+02 -1.359900000000000091e+03
1.458400000000000034e+02 -1.238299999999999983e+02 -1.359900000000000091e+03
1.480399999999999920e+02 -4.828000000000000114e+01 -1.359079999999999927e+03
1.480399999999999920e+02 -4.828000000000000114e+01 -1.359079999999999927e+03
1.480399999999999920e+02 -4.828000000000000114e+01 -1.359079999999999927e+03
1.401100000000000136e+02 -9.540000000000000568e+01 -1.361049999999999955e+03
1.401100000000000136e+02 -9.540000000000000568e+01 -1.361049999999999955e+03
1.401100000000000136e+02 -9.540000000000000568e+01 -1.361049999999999955e+03
1.476200000000000045e+02 -1.286500000000000057e+02 -1.359920000000000073e+03
1.476200000000000045e+02 -1.286500000000000057e+02 -1.359920000000000073e+03
1.466299999999999955e+02 -5.185000000000000142e+01 -1.359160000000000082e+03
1.466299999999999955e+02 -5.185000000000000142e+01 -1.359160000000000082e+03
1.399300000000000068e+02 -8.831000000000000227e+01 -1.360930000000000064e+03
1.549500000000000171e+02 -1.440600000000000023e+02 -1.359799999999999955e+03
1.549500000000000171e+02 -1.440600000000000023e+02 -1.359799999999999955e+03
