-2.105999999999999872e+01 -8.642000000000000171e+01 -1.406410000000000082e+03
-2.458000000000000185e+01 -1.576500000000000057e+02 -1.400230000000000018e+03
-2.458000000000000185e+01 -1.576500000000000057e+02 -1.400230000000000018e+03
-7.000000000000000666e-02 -1.870099999999999909e+02 -1.404210000000000036e+03
-1.771000000000000085e+01 -1.552500000000000000e+02 -1.405480000000000018e+03
-5.350000000000000533e+00 -1.777700000000000102e+02 -1.405509999999999991e+03
-2.503000000000000114e+01 -1.222500000000000000e+02 -1.405559999999999945e+03
-9.460000000000000853e+00 -1.714300000000000068e+02 -1.405259999999999991e+03
-1.214000000000000057e+01 -1.669000000000000057e+02 -1.405480000000000018e+03
-2.487000000000000099e+01 -1.077500000000000000e+02 -1.405680000000000064e+03
-3.740000000000000213e+00 -1.799200000000000159e+02 -1.405509999999999991e+03
-1.921000000000000085e+01 -1.513499999999999943e+02 -1.405710000000000036e+03
-2.464000000000000057e+01 -1.045700000000000074e+02 -1.405670000000000073e+03
-3.030000000000000249e+00 -1.809200000000000159e+02 -1.405559999999999945e+03
-2.376999999999999957e+01 -1.333600000000000136e+02 -1.405569999999999936e+03
-2.515000000000000213e+01 -1.105600000000000023e+02 -1.405559999999999945e+03
-1.062000000000000099e+01 -1.695000000000000000e+02 -1.405180000000000064e+03
-2.524000000000000199e+01 -1.157999999999999972e+02 -1.405569999999999936e+03
-2.487000000000000099e+01 -1.247400000000000091e+02 -1.405259999999999991e+03
6.690000000000000391e+00 -1.920600000000000023e+02 -1.405920000000000073e+03
