4.850000000000000000e+02
4.940000000000000000e+02
5.030000000000000000e+02
5.090000000000000000e+02
5.180000000000000000e+02
5.240000000000000000e+02
5.330000000000000000e+02
5.420000000000000000e+02
5.480000000000000000e+02
5.570000000000000000e+02
5.660000000000000000e+02
5.720000000000000000e+02
5.810000000000000000e+02
5.900000000000000000e+02
5.960000000000000000e+02
6.050000000000000000e+02
6.110000000000000000e+02
6.200000000000000000e+02
6.260000000000000000e+02
6.350000000000000000e+02
6.410000000000000000e+02
6.500000000000000000e+02
6.590000000000000000e+02
6.650000000000000000e+02
6.740000000000000000e+02
6.800000000000000000e+02
6.890000000000000000e+02
6.980000000000000000e+02
7.040000000000000000e+02
7.130000000000000000e+02
7.220000000000000000e+02
7.280000000000000000e+02
7.370000000000000000e+02
7.460000000000000000e+02
7.520000000000000000e+02
7.610000000000000000e+02
7.700000000000000000e+02
7.760000000000000000e+02
7.850000000000000000e+02
7.940000000000000000e+02
8.000000000000000000e+02
8.090000000000000000e+02
8.180000000000000000e+02
8.240000000000000000e+02
8.330000000000000000e+02
8.420000000000000000e+02
8.480000000000000000e+02
8.570000000000000000e+02
8.660000000000000000e+02
8.720000000000000000e+02
8.810000000000000000e+02
8.900000000000000000e+02
8.960000000000000000e+02
9.050000000000000000e+02
9.140000000000000000e+02
9.200000000000000000e+02
9.290000000000000000e+02
9.380000000000000000e+02
9.440000000000000000e+02
9.530000000000000000e+02
9.620000000000000000e+02
9.680000000000000000e+02
9.770000000000000000e+02
9.860000000000000000e+02
9.920000000000000000e+02
1.001000000000000000e+03
1.010000000000000000e+03
1.016000000000000000e+03
1.025000000000000000e+03
1.034000000000000000e+03
1.040000000000000000e+03
1.049000000000000000e+03
1.055000000000000000e+03
1.064000000000000000e+03
1.073000000000000000e+03
1.079000000000000000e+03
1.088000000000000000e+03
1.097000000000000000e+03
1.103000000000000000e+03
