3.460000000000000000e+02
3.490000000000000000e+02
3.490000000000000000e+02
3.490000000000000000e+02
3.520000000000000000e+02
3.520000000000000000e+02
3.520000000000000000e+02
3.550000000000000000e+02
3.550000000000000000e+02
3.550000000000000000e+02
3.580000000000000000e+02
3.580000000000000000e+02
3.580000000000000000e+02
3.610000000000000000e+02
3.610000000000000000e+02
3.610000000000000000e+02
3.640000000000000000e+02
3.640000000000000000e+02
3.640000000000000000e+02
3.670000000000000000e+02
3.670000000000000000e+02
3.670000000000000000e+02
3.700000000000000000e+02
3.700000000000000000e+02
3.700000000000000000e+02
3.730000000000000000e+02
3.730000000000000000e+02
3.730000000000000000e+02
3.760000000000000000e+02
3.760000000000000000e+02
3.760000000000000000e+02
3.790000000000000000e+02
3.790000000000000000e+02
3.820000000000000000e+02
3.850000000000000000e+02
3.850000000000000000e+02
3.880000000000000000e+02
3.880000000000000000e+02
3.910000000000000000e+02
3.910000000000000000e+02
3.940000000000000000e+02
3.940000000000000000e+02
3.970000000000000000e+02
3.970000000000000000e+02
4.000000000000000000e+02
4.030000000000000000e+02
4.030000000000000000e+02
4.060000000000000000e+02
4.060000000000000000e+02
4.060000000000000000e+02
4.090000000000000000e+02
4.090000000000000000e+02
4.090000000000000000e+02
4.120000000000000000e+02
4.120000000000000000e+02
4.120000000000000000e+02
4.150000000000000000e+02
4.150000000000000000e+02
4.180000000000000000e+02
4.210000000000000000e+02
4.210000000000000000e+02
4.240000000000000000e+02
4.240000000000000000e+02
4.240000000000000000e+02
4.270000000000000000e+02
4.270000000000000000e+02
4.270000000000000000e+02
4.300000000000000000e+02
4.300000000000000000e+02
4.300000000000000000e+02
4.330000000000000000e+02
4.330000000000000000e+02
4.330000000000000000e+02
4.360000000000000000e+02
4.390000000000000000e+02
4.390000000000000000e+02
4.420000000000000000e+02
4.450000000000000000e+02
4.450000000000000000e+02
4.480000000000000000e+02
4.510000000000000000e+02
4.510000000000000000e+02
4.540000000000000000e+02
4.570000000000000000e+02
4.570000000000000000e+02
4.600000000000000000e+02
4.630000000000000000e+02
4.630000000000000000e+02
4.660000000000000000e+02
4.660000000000000000e+02
4.690000000000000000e+02
4.690000000000000000e+02
4.690000000000000000e+02
4.720000000000000000e+02
4.720000000000000000e+02
4.750000000000000000e+02
4.780000000000000000e+02
4.780000000000000000e+02
4.810000000000000000e+02
4.810000000000000000e+02
4.810000000000000000e+02
4.840000000000000000e+02
4.840000000000000000e+02
4.840000000000000000e+02
4.870000000000000000e+02
4.870000000000000000e+02
4.870000000000000000e+02
4.900000000000000000e+02
4.900000000000000000e+02
4.900000000000000000e+02
4.930000000000000000e+02
4.930000000000000000e+02
4.930000000000000000e+02
4.960000000000000000e+02
4.960000000000000000e+02
4.960000000000000000e+02
4.990000000000000000e+02
4.990000000000000000e+02
4.990000000000000000e+02
5.020000000000000000e+02
5.020000000000000000e+02
5.020000000000000000e+02
5.050000000000000000e+02
5.050000000000000000e+02
5.050000000000000000e+02
5.080000000000000000e+02
5.080000000000000000e+02
5.080000000000000000e+02
5.110000000000000000e+02
5.110000000000000000e+02
5.110000000000000000e+02
5.140000000000000000e+02
5.140000000000000000e+02
5.140000000000000000e+02
5.170000000000000000e+02
5.170000000000000000e+02
5.200000000000000000e+02
5.230000000000000000e+02
5.230000000000000000e+02
5.260000000000000000e+02
5.290000000000000000e+02
5.290000000000000000e+02
5.290000000000000000e+02
5.320000000000000000e+02
5.320000000000000000e+02
5.320000000000000000e+02
5.350000000000000000e+02
5.350000000000000000e+02
5.380000000000000000e+02
5.410000000000000000e+02
5.410000000000000000e+02
5.410000000000000000e+02
5.440000000000000000e+02
5.440000000000000000e+02
5.470000000000000000e+02
5.470000000000000000e+02
5.500000000000000000e+02
5.500000000000000000e+02
5.530000000000000000e+02
5.530000000000000000e+02
5.530000000000000000e+02
5.560000000000000000e+02
5.560000000000000000e+02
5.590000000000000000e+02
5.590000000000000000e+02
5.620000000000000000e+02
5.620000000000000000e+02
5.650000000000000000e+02
5.680000000000000000e+02
5.680000000000000000e+02
5.710000000000000000e+02
5.710000000000000000e+02
5.740000000000000000e+02
5.740000000000000000e+02
5.740000000000000000e+02
5.770000000000000000e+02
5.770000000000000000e+02
5.770000000000000000e+02
5.800000000000000000e+02
5.800000000000000000e+02
5.800000000000000000e+02
5.830000000000000000e+02
5.830000000000000000e+02
5.830000000000000000e+02
5.860000000000000000e+02
5.860000000000000000e+02
5.860000000000000000e+02
5.890000000000000000e+02
5.890000000000000000e+02
5.890000000000000000e+02
5.920000000000000000e+02
5.920000000000000000e+02
5.920000000000000000e+02
5.950000000000000000e+02
5.950000000000000000e+02
5.980000000000000000e+02
5.980000000000000000e+02
5.980000000000000000e+02
6.010000000000000000e+02
6.010000000000000000e+02
6.040000000000000000e+02
6.070000000000000000e+02
6.070000000000000000e+02
6.070000000000000000e+02
6.100000000000000000e+02
6.100000000000000000e+02
6.100000000000000000e+02
6.130000000000000000e+02
6.130000000000000000e+02
6.130000000000000000e+02
6.160000000000000000e+02
6.160000000000000000e+02
6.160000000000000000e+02
6.190000000000000000e+02
6.190000000000000000e+02
6.220000000000000000e+02
6.220000000000000000e+02
6.250000000000000000e+02
6.250000000000000000e+02
6.250000000000000000e+02
6.280000000000000000e+02
6.280000000000000000e+02
6.280000000000000000e+02
6.310000000000000000e+02
6.310000000000000000e+02
6.310000000000000000e+02
6.340000000000000000e+02
6.340000000000000000e+02
6.340000000000000000e+02
6.370000000000000000e+02
6.370000000000000000e+02
6.370000000000000000e+02
6.400000000000000000e+02
6.400000000000000000e+02
6.400000000000000000e+02
6.430000000000000000e+02
6.430000000000000000e+02
6.430000000000000000e+02
6.460000000000000000e+02
6.460000000000000000e+02
6.460000000000000000e+02
6.490000000000000000e+02
6.520000000000000000e+02
6.520000000000000000e+02
6.550000000000000000e+02
6.550000000000000000e+02
6.550000000000000000e+02
6.580000000000000000e+02
6.580000000000000000e+02
6.580000000000000000e+02
6.610000000000000000e+02
6.610000000000000000e+02
6.640000000000000000e+02
6.640000000000000000e+02
6.640000000000000000e+02
6.670000000000000000e+02
6.670000000000000000e+02
6.670000000000000000e+02
6.700000000000000000e+02
6.700000000000000000e+02
6.700000000000000000e+02
6.730000000000000000e+02
6.730000000000000000e+02
6.730000000000000000e+02
6.760000000000000000e+02
6.760000000000000000e+02
6.760000000000000000e+02
6.790000000000000000e+02
6.790000000000000000e+02
6.790000000000000000e+02
6.820000000000000000e+02
6.820000000000000000e+02
6.820000000000000000e+02
6.850000000000000000e+02
6.850000000000000000e+02
6.850000000000000000e+02
6.880000000000000000e+02
6.880000000000000000e+02
6.880000000000000000e+02
6.910000000000000000e+02
6.910000000000000000e+02
6.910000000000000000e+02
6.940000000000000000e+02
6.940000000000000000e+02
6.940000000000000000e+02
6.970000000000000000e+02
6.970000000000000000e+02
6.970000000000000000e+02
7.000000000000000000e+02
7.000000000000000000e+02
7.000000000000000000e+02
7.030000000000000000e+02
7.030000000000000000e+02
7.030000000000000000e+02
7.060000000000000000e+02
7.060000000000000000e+02
7.060000000000000000e+02
7.090000000000000000e+02
7.090000000000000000e+02
7.090000000000000000e+02
7.120000000000000000e+02
7.120000000000000000e+02
7.120000000000000000e+02
7.150000000000000000e+02
7.150000000000000000e+02
7.150000000000000000e+02
7.180000000000000000e+02
7.180000000000000000e+02
7.180000000000000000e+02
7.210000000000000000e+02
7.210000000000000000e+02
7.210000000000000000e+02
7.240000000000000000e+02
7.240000000000000000e+02
7.270000000000000000e+02
7.270000000000000000e+02
7.300000000000000000e+02
7.300000000000000000e+02
7.300000000000000000e+02
7.330000000000000000e+02
7.330000000000000000e+02
7.330000000000000000e+02
7.360000000000000000e+02
7.360000000000000000e+02
7.360000000000000000e+02
7.390000000000000000e+02
7.390000000000000000e+02
7.420000000000000000e+02
7.420000000000000000e+02
7.450000000000000000e+02
7.450000000000000000e+02
7.480000000000000000e+02
7.510000000000000000e+02
7.510000000000000000e+02
7.510000000000000000e+02
7.540000000000000000e+02
7.540000000000000000e+02
7.570000000000000000e+02
7.600000000000000000e+02
7.600000000000000000e+02
7.630000000000000000e+02
7.660000000000000000e+02
7.660000000000000000e+02
7.690000000000000000e+02
7.720000000000000000e+02
7.720000000000000000e+02
7.750000000000000000e+02
7.750000000000000000e+02
7.780000000000000000e+02
7.810000000000000000e+02
7.810000000000000000e+02
7.840000000000000000e+02
7.840000000000000000e+02
7.870000000000000000e+02
7.870000000000000000e+02
7.870000000000000000e+02
7.900000000000000000e+02
7.900000000000000000e+02
7.900000000000000000e+02
7.930000000000000000e+02
7.930000000000000000e+02
7.930000000000000000e+02
7.960000000000000000e+02
7.960000000000000000e+02
7.990000000000000000e+02
7.990000000000000000e+02
8.020000000000000000e+02
8.020000000000000000e+02
8.050000000000000000e+02
8.050000000000000000e+02
8.050000000000000000e+02
8.080000000000000000e+02
8.080000000000000000e+02
8.080000000000000000e+02
8.110000000000000000e+02
8.110000000000000000e+02
8.110000000000000000e+02
8.140000000000000000e+02
8.140000000000000000e+02
8.140000000000000000e+02
8.170000000000000000e+02
8.170000000000000000e+02
8.170000000000000000e+02
8.200000000000000000e+02
8.200000000000000000e+02
8.200000000000000000e+02
8.230000000000000000e+02
8.230000000000000000e+02
8.230000000000000000e+02
8.260000000000000000e+02
8.260000000000000000e+02
8.260000000000000000e+02
8.290000000000000000e+02
8.290000000000000000e+02
8.290000000000000000e+02
8.320000000000000000e+02
8.320000000000000000e+02
8.320000000000000000e+02
8.350000000000000000e+02
8.350000000000000000e+02
8.380000000000000000e+02
8.380000000000000000e+02
8.410000000000000000e+02
8.410000000000000000e+02
8.440000000000000000e+02
8.440000000000000000e+02
8.440000000000000000e+02
8.470000000000000000e+02
8.470000000000000000e+02
8.470000000000000000e+02
8.500000000000000000e+02
8.500000000000000000e+02
8.500000000000000000e+02
8.530000000000000000e+02
8.530000000000000000e+02
8.560000000000000000e+02
8.590000000000000000e+02
8.590000000000000000e+02
8.620000000000000000e+02
8.650000000000000000e+02
8.650000000000000000e+02
8.680000000000000000e+02
8.680000000000000000e+02
8.710000000000000000e+02
8.740000000000000000e+02
8.740000000000000000e+02
8.770000000000000000e+02
8.770000000000000000e+02
8.800000000000000000e+02
8.830000000000000000e+02
8.830000000000000000e+02
8.860000000000000000e+02
8.890000000000000000e+02
8.890000000000000000e+02
8.920000000000000000e+02
8.920000000000000000e+02
8.950000000000000000e+02
8.950000000000000000e+02
8.980000000000000000e+02
8.980000000000000000e+02
9.010000000000000000e+02
9.010000000000000000e+02
9.010000000000000000e+02
9.040000000000000000e+02
9.040000000000000000e+02
9.040000000000000000e+02
9.070000000000000000e+02
9.070000000000000000e+02
9.070000000000000000e+02
9.100000000000000000e+02
9.100000000000000000e+02
9.100000000000000000e+02
9.130000000000000000e+02
9.130000000000000000e+02
9.130000000000000000e+02
9.160000000000000000e+02
9.160000000000000000e+02
9.190000000000000000e+02
9.190000000000000000e+02
9.190000000000000000e+02
9.220000000000000000e+02
9.220000000000000000e+02
9.250000000000000000e+02
9.280000000000000000e+02
9.280000000000000000e+02
9.310000000000000000e+02
9.340000000000000000e+02
9.340000000000000000e+02
9.370000000000000000e+02
9.400000000000000000e+02
9.400000000000000000e+02
9.430000000000000000e+02
9.460000000000000000e+02
9.460000000000000000e+02
9.490000000000000000e+02
9.490000000000000000e+02
9.520000000000000000e+02
9.520000000000000000e+02
9.550000000000000000e+02
9.580000000000000000e+02
9.580000000000000000e+02
9.610000000000000000e+02
9.640000000000000000e+02
9.640000000000000000e+02
9.670000000000000000e+02
9.700000000000000000e+02
9.700000000000000000e+02
9.730000000000000000e+02
9.730000000000000000e+02
9.760000000000000000e+02
9.760000000000000000e+02
9.760000000000000000e+02
9.790000000000000000e+02
9.790000000000000000e+02
9.790000000000000000e+02
9.820000000000000000e+02
9.820000000000000000e+02
9.820000000000000000e+02
9.850000000000000000e+02
9.850000000000000000e+02
9.850000000000000000e+02
9.880000000000000000e+02
9.880000000000000000e+02
9.880000000000000000e+02
9.910000000000000000e+02
9.910000000000000000e+02
9.910000000000000000e+02
9.940000000000000000e+02
9.940000000000000000e+02
9.940000000000000000e+02
9.970000000000000000e+02
9.970000000000000000e+02
9.970000000000000000e+02
1.000000000000000000e+03
1.000000000000000000e+03
1.000000000000000000e+03
1.003000000000000000e+03
1.003000000000000000e+03
1.003000000000000000e+03
1.006000000000000000e+03
1.006000000000000000e+03
1.006000000000000000e+03
1.009000000000000000e+03
1.009000000000000000e+03
1.009000000000000000e+03
1.012000000000000000e+03
1.012000000000000000e+03
1.015000000000000000e+03
1.018000000000000000e+03
1.018000000000000000e+03
1.018000000000000000e+03
1.021000000000000000e+03
1.021000000000000000e+03
1.024000000000000000e+03
1.024000000000000000e+03
1.027000000000000000e+03
1.027000000000000000e+03
1.030000000000000000e+03
1.030000000000000000e+03
1.030000000000000000e+03
1.033000000000000000e+03
1.033000000000000000e+03
1.036000000000000000e+03
1.039000000000000000e+03
1.039000000000000000e+03
1.042000000000000000e+03
1.045000000000000000e+03
1.045000000000000000e+03
1.045000000000000000e+03
1.048000000000000000e+03
1.048000000000000000e+03
1.051000000000000000e+03
1.051000000000000000e+03
1.051000000000000000e+03
1.054000000000000000e+03
1.054000000000000000e+03
1.057000000000000000e+03
1.057000000000000000e+03
1.057000000000000000e+03
1.060000000000000000e+03
1.060000000000000000e+03
1.063000000000000000e+03
1.066000000000000000e+03
1.066000000000000000e+03
1.069000000000000000e+03
1.069000000000000000e+03
1.072000000000000000e+03
1.075000000000000000e+03
1.075000000000000000e+03
1.078000000000000000e+03
1.081000000000000000e+03
1.081000000000000000e+03
1.084000000000000000e+03
1.087000000000000000e+03
1.087000000000000000e+03
1.090000000000000000e+03
1.090000000000000000e+03
1.093000000000000000e+03
1.096000000000000000e+03
1.096000000000000000e+03
1.096000000000000000e+03
1.099000000000000000e+03
1.099000000000000000e+03
1.099000000000000000e+03
1.102000000000000000e+03
1.102000000000000000e+03
1.102000000000000000e+03
1.105000000000000000e+03
1.105000000000000000e+03
1.105000000000000000e+03
1.108000000000000000e+03
1.108000000000000000e+03
1.108000000000000000e+03
1.111000000000000000e+03
1.111000000000000000e+03
1.111000000000000000e+03
1.114000000000000000e+03
