4.190000000000000000e+02
4.220000000000000000e+02
4.220000000000000000e+02
4.250000000000000000e+02
4.250000000000000000e+02
4.280000000000000000e+02
4.280000000000000000e+02
4.310000000000000000e+02
4.310000000000000000e+02
4.310000000000000000e+02
4.340000000000000000e+02
4.340000000000000000e+02
4.340000000000000000e+02
4.370000000000000000e+02
4.370000000000000000e+02
4.400000000000000000e+02
4.400000000000000000e+02
4.430000000000000000e+02
4.430000000000000000e+02
4.460000000000000000e+02
4.460000000000000000e+02
4.460000000000000000e+02
4.490000000000000000e+02
4.520000000000000000e+02
4.520000000000000000e+02
4.550000000000000000e+02
4.550000000000000000e+02
4.580000000000000000e+02
4.580000000000000000e+02
4.610000000000000000e+02
4.610000000000000000e+02
4.640000000000000000e+02
4.640000000000000000e+02
4.640000000000000000e+02
4.670000000000000000e+02
4.670000000000000000e+02
4.670000000000000000e+02
4.700000000000000000e+02
4.700000000000000000e+02
4.730000000000000000e+02
4.730000000000000000e+02
4.760000000000000000e+02
4.760000000000000000e+02
4.760000000000000000e+02
4.790000000000000000e+02
4.790000000000000000e+02
4.790000000000000000e+02
4.820000000000000000e+02
4.820000000000000000e+02
4.820000000000000000e+02
4.850000000000000000e+02
4.850000000000000000e+02
4.850000000000000000e+02
4.880000000000000000e+02
4.910000000000000000e+02
4.910000000000000000e+02
4.940000000000000000e+02
4.940000000000000000e+02
4.970000000000000000e+02
4.970000000000000000e+02
5.000000000000000000e+02
5.000000000000000000e+02
5.000000000000000000e+02
5.030000000000000000e+02
5.030000000000000000e+02
5.030000000000000000e+02
5.060000000000000000e+02
5.060000000000000000e+02
5.060000000000000000e+02
5.090000000000000000e+02
5.090000000000000000e+02
5.090000000000000000e+02
5.120000000000000000e+02
5.120000000000000000e+02
5.120000000000000000e+02
5.150000000000000000e+02
5.150000000000000000e+02
5.150000000000000000e+02
5.180000000000000000e+02
5.180000000000000000e+02
5.180000000000000000e+02
5.210000000000000000e+02
5.210000000000000000e+02
5.240000000000000000e+02
5.240000000000000000e+02
5.240000000000000000e+02
5.270000000000000000e+02
5.270000000000000000e+02
5.300000000000000000e+02
5.300000000000000000e+02
5.330000000000000000e+02
5.330000000000000000e+02
5.360000000000000000e+02
5.360000000000000000e+02
5.360000000000000000e+02
5.390000000000000000e+02
5.390000000000000000e+02
5.390000000000000000e+02
5.420000000000000000e+02
