9.470000000000000000e+02
9.470000000000000000e+02
9.500000000000000000e+02
9.500000000000000000e+02
9.530000000000000000e+02
9.530000000000000000e+02
9.560000000000000000e+02
9.560000000000000000e+02
9.590000000000000000e+02
9.590000000000000000e+02
9.620000000000000000e+02
9.620000000000000000e+02
9.650000000000000000e+02
9.650000000000000000e+02
9.650000000000000000e+02
9.680000000000000000e+02
9.680000000000000000e+02
9.680000000000000000e+02
9.710000000000000000e+02
9.710000000000000000e+02
9.710000000000000000e+02
9.740000000000000000e+02
9.740000000000000000e+02
9.770000000000000000e+02
9.770000000000000000e+02
9.770000000000000000e+02
9.800000000000000000e+02
9.800000000000000000e+02
9.830000000000000000e+02
9.860000000000000000e+02
9.860000000000000000e+02
9.890000000000000000e+02
9.890000000000000000e+02
9.890000000000000000e+02
9.920000000000000000e+02
9.920000000000000000e+02
9.920000000000000000e+02
9.950000000000000000e+02
9.950000000000000000e+02
9.950000000000000000e+02
9.980000000000000000e+02
9.980000000000000000e+02
1.001000000000000000e+03
1.001000000000000000e+03
1.004000000000000000e+03
1.004000000000000000e+03
1.004000000000000000e+03
1.007000000000000000e+03
1.007000000000000000e+03
1.007000000000000000e+03
1.010000000000000000e+03
1.010000000000000000e+03
1.013000000000000000e+03
1.013000000000000000e+03
1.016000000000000000e+03
1.016000000000000000e+03
1.019000000000000000e+03
1.022000000000000000e+03
1.022000000000000000e+03
1.025000000000000000e+03
1.025000000000000000e+03
1.025000000000000000e+03
1.028000000000000000e+03
1.028000000000000000e+03
1.031000000000000000e+03
1.031000000000000000e+03
1.031000000000000000e+03
1.034000000000000000e+03
1.034000000000000000e+03
1.037000000000000000e+03
1.040000000000000000e+03
1.040000000000000000e+03
1.043000000000000000e+03
1.043000000000000000e+03
1.046000000000000000e+03
1.046000000000000000e+03
1.049000000000000000e+03
1.049000000000000000e+03
1.052000000000000000e+03
1.052000000000000000e+03
1.055000000000000000e+03
1.055000000000000000e+03
1.058000000000000000e+03
1.061000000000000000e+03
1.061000000000000000e+03
1.064000000000000000e+03
1.064000000000000000e+03
1.067000000000000000e+03
1.067000000000000000e+03
1.070000000000000000e+03
1.070000000000000000e+03
1.073000000000000000e+03
1.073000000000000000e+03
1.076000000000000000e+03
1.079000000000000000e+03
1.079000000000000000e+03
1.082000000000000000e+03
1.082000000000000000e+03
1.082000000000000000e+03
1.085000000000000000e+03
1.085000000000000000e+03
1.088000000000000000e+03
1.091000000000000000e+03
1.091000000000000000e+03
1.094000000000000000e+03
1.094000000000000000e+03
1.097000000000000000e+03
1.097000000000000000e+03
1.097000000000000000e+03
1.100000000000000000e+03
1.100000000000000000e+03
1.100000000000000000e+03
1.103000000000000000e+03
1.103000000000000000e+03
1.103000000000000000e+03
1.106000000000000000e+03
1.106000000000000000e+03
1.106000000000000000e+03
1.109000000000000000e+03
1.109000000000000000e+03
1.109000000000000000e+03
1.112000000000000000e+03
1.112000000000000000e+03
1.115000000000000000e+03
1.115000000000000000e+03
1.115000000000000000e+03
1.118000000000000000e+03
1.118000000000000000e+03
1.118000000000000000e+03
1.121000000000000000e+03
1.121000000000000000e+03
1.121000000000000000e+03
1.124000000000000000e+03
1.124000000000000000e+03
1.124000000000000000e+03
1.127000000000000000e+03
1.127000000000000000e+03
1.127000000000000000e+03
1.130000000000000000e+03
1.130000000000000000e+03
1.130000000000000000e+03
1.133000000000000000e+03
1.133000000000000000e+03
1.133000000000000000e+03
1.136000000000000000e+03
1.136000000000000000e+03
1.139000000000000000e+03
1.139000000000000000e+03
1.142000000000000000e+03
1.142000000000000000e+03
1.142000000000000000e+03
1.145000000000000000e+03
1.145000000000000000e+03
1.145000000000000000e+03
1.148000000000000000e+03
1.148000000000000000e+03
1.148000000000000000e+03
1.151000000000000000e+03
1.151000000000000000e+03
1.154000000000000000e+03
1.154000000000000000e+03
1.157000000000000000e+03
1.160000000000000000e+03
1.160000000000000000e+03
1.163000000000000000e+03
1.163000000000000000e+03
1.166000000000000000e+03
1.166000000000000000e+03
1.169000000000000000e+03
1.169000000000000000e+03
1.172000000000000000e+03
1.172000000000000000e+03
1.172000000000000000e+03
1.175000000000000000e+03
1.175000000000000000e+03
1.175000000000000000e+03
1.178000000000000000e+03
1.178000000000000000e+03
1.178000000000000000e+03
1.181000000000000000e+03
1.181000000000000000e+03
1.184000000000000000e+03
1.187000000000000000e+03
1.187000000000000000e+03
1.190000000000000000e+03
1.190000000000000000e+03
1.193000000000000000e+03
1.193000000000000000e+03
