6.951845935406775966e-310 2.000000000000000444e+00 1.443427512603920464e-311
2.386800000000000068e+02 -1.020100000000000051e+02 -1.353460000000000036e+03
2.386800000000000068e+02 -1.020100000000000051e+02 -1.353460000000000036e+03
2.350699999999999932e+02 -9.860999999999999943e+01 -1.353799999999999955e+03
2.350699999999999932e+02 -9.860999999999999943e+01 -1.353799999999999955e+03
2.387199999999999989e+02 -1.020199999999999960e+02 -1.353539999999999964e+03
2.387199999999999989e+02 -1.020199999999999960e+02 -1.353539999999999964e+03
2.440699999999999932e+02 -1.041599999999999966e+02 -1.353220000000000027e+03
2.440699999999999932e+02 -1.041599999999999966e+02 -1.353220000000000027e+03
2.400500000000000114e+02 -1.027900000000000063e+02 -1.353519999999999982e+03
2.400500000000000114e+02 -1.027900000000000063e+02 -1.353519999999999982e+03
2.400500000000000114e+02 -1.027900000000000063e+02 -1.353519999999999982e+03
2.352899999999999920e+02 -9.890000000000000568e+01 -1.353850000000000136e+03
2.352899999999999920e+02 -9.890000000000000568e+01 -1.353850000000000136e+03
2.352899999999999920e+02 -9.890000000000000568e+01 -1.353850000000000136e+03
2.377599999999999909e+02 -1.012600000000000051e+02 -1.353750000000000000e+03
2.377599999999999909e+02 -1.012600000000000051e+02 -1.353750000000000000e+03
2.436899999999999977e+02 -1.041099999999999994e+02 -1.353279999999999973e+03
2.436899999999999977e+02 -1.041099999999999994e+02 -1.353279999999999973e+03
2.411100000000000136e+02 -1.033100000000000023e+02 -1.353460000000000036e+03
2.411100000000000136e+02 -1.033100000000000023e+02 -1.353460000000000036e+03
2.355699999999999932e+02 -9.926000000000000512e+01 -1.353839999999999918e+03
2.355699999999999932e+02 -9.926000000000000512e+01 -1.353839999999999918e+03
2.355699999999999932e+02 -9.926000000000000512e+01 -1.353839999999999918e+03
2.368000000000000114e+02 -1.003900000000000006e+02 -1.353799999999999955e+03
2.430300000000000011e+02 -1.039500000000000028e+02 -1.353329999999999927e+03
2.430300000000000011e+02 -1.039500000000000028e+02 -1.353329999999999927e+03
2.422599999999999909e+02 -1.037300000000000040e+02 -1.353420000000000073e+03
2.422599999999999909e+02 -1.037300000000000040e+02 -1.353420000000000073e+03
2.360900000000000034e+02 -9.982000000000000739e+01 -1.353769999999999982e+03
2.360900000000000034e+02 -9.982000000000000739e+01 -1.353769999999999982e+03
2.359699999999999989e+02 -9.968000000000000682e+01 -1.353839999999999918e+03
2.359699999999999989e+02 -9.968000000000000682e+01 -1.353839999999999918e+03
2.421500000000000057e+02 -1.036500000000000057e+02 -1.353370000000000118e+03
2.421500000000000057e+02 -1.036500000000000057e+02 -1.353370000000000118e+03
2.421500000000000057e+02 -1.036500000000000057e+02 -1.353370000000000118e+03
2.432599999999999909e+02 -1.039600000000000080e+02 -1.353289999999999964e+03
2.432599999999999909e+02 -1.039600000000000080e+02 -1.353289999999999964e+03
2.432599999999999909e+02 -1.039600000000000080e+02 -1.353289999999999964e+03
2.368100000000000023e+02 -1.005499999999999972e+02 -1.353740000000000009e+03
2.368100000000000023e+02 -1.005499999999999972e+02 -1.353740000000000009e+03
2.355999999999999943e+02 -9.925000000000000000e+01 -1.353870000000000118e+03
2.355999999999999943e+02 -9.925000000000000000e+01 -1.353870000000000118e+03
2.411700000000000159e+02 -1.032699999999999960e+02 -1.353480000000000018e+03
2.411700000000000159e+02 -1.032699999999999960e+02 -1.353480000000000018e+03
2.411700000000000159e+02 -1.032699999999999960e+02 -1.353480000000000018e+03
2.437700000000000102e+02 -1.040799999999999983e+02 -1.353200000000000045e+03
2.437700000000000102e+02 -1.040799999999999983e+02 -1.353200000000000045e+03
2.437700000000000102e+02 -1.040799999999999983e+02 -1.353200000000000045e+03
2.376700000000000159e+02 -1.012900000000000063e+02 -1.353710000000000036e+03
2.376700000000000159e+02 -1.012900000000000063e+02 -1.353710000000000036e+03
2.376700000000000159e+02 -1.012900000000000063e+02 -1.353710000000000036e+03
2.354000000000000057e+02 -9.898000000000000398e+01 -1.353890000000000100e+03
2.354000000000000057e+02 -9.898000000000000398e+01 -1.353890000000000100e+03
2.354000000000000057e+02 -9.898000000000000398e+01 -1.353890000000000100e+03
2.400999999999999943e+02 -1.028400000000000034e+02 -1.353569999999999936e+03
2.440399999999999920e+02 -1.041500000000000057e+02 -1.353279999999999973e+03
2.440399999999999920e+02 -1.041500000000000057e+02 -1.353279999999999973e+03
2.385800000000000125e+02 -1.019800000000000040e+02 -1.353589999999999918e+03
2.385800000000000125e+02 -1.019800000000000040e+02 -1.353589999999999918e+03
2.352700000000000102e+02 -9.881000000000000227e+01 -1.353910000000000082e+03
2.352700000000000102e+02 -9.881000000000000227e+01 -1.353910000000000082e+03
2.389800000000000182e+02 -1.022300000000000040e+02 -1.353569999999999936e+03
2.389800000000000182e+02 -1.022300000000000040e+02 -1.353569999999999936e+03
2.389800000000000182e+02 -1.022300000000000040e+02 -1.353569999999999936e+03
2.440800000000000125e+02 -1.041700000000000017e+02 -1.353230000000000018e+03
2.440800000000000125e+02 -1.041700000000000017e+02 -1.353230000000000018e+03
2.440800000000000125e+02 -1.041700000000000017e+02 -1.353230000000000018e+03
2.397400000000000091e+02 -1.026099999999999994e+02 -1.353519999999999982e+03
2.397400000000000091e+02 -1.026099999999999994e+02 -1.353519999999999982e+03
2.397400000000000091e+02 -1.026099999999999994e+02 -1.353519999999999982e+03
2.352700000000000102e+02 -9.885000000000000853e+01 -1.353930000000000064e+03
2.352700000000000102e+02 -9.885000000000000853e+01 -1.353930000000000064e+03
2.352700000000000102e+02 -9.885000000000000853e+01 -1.353930000000000064e+03
2.380200000000000102e+02 -1.014800000000000040e+02 -1.353680000000000064e+03
2.380200000000000102e+02 -1.014800000000000040e+02 -1.353680000000000064e+03
2.380200000000000102e+02 -1.014800000000000040e+02 -1.353680000000000064e+03
2.438199999999999932e+02 -1.041299999999999955e+02 -1.353259999999999991e+03
2.438199999999999932e+02 -1.041299999999999955e+02 -1.353259999999999991e+03
2.438199999999999932e+02 -1.041299999999999955e+02 -1.353259999999999991e+03
2.408300000000000125e+02 -1.031899999999999977e+02 -1.353490000000000009e+03
2.408300000000000125e+02 -1.031899999999999977e+02 -1.353490000000000009e+03
2.408300000000000125e+02 -1.031899999999999977e+02 -1.353490000000000009e+03
2.354900000000000091e+02 -9.914000000000000057e+01 -1.353870000000000118e+03
2.354900000000000091e+02 -9.914000000000000057e+01 -1.353870000000000118e+03
2.370399999999999920e+02 -1.006200000000000045e+02 -1.353779999999999973e+03
2.370399999999999920e+02 -1.006200000000000045e+02 -1.353779999999999973e+03
2.370399999999999920e+02 -1.006200000000000045e+02 -1.353779999999999973e+03
2.432100000000000080e+02 -1.039900000000000091e+02 -1.353279999999999973e+03
2.432100000000000080e+02 -1.039900000000000091e+02 -1.353279999999999973e+03
2.419500000000000171e+02 -1.036400000000000006e+02 -1.353390000000000100e+03
2.419500000000000171e+02 -1.036400000000000006e+02 -1.353390000000000100e+03
2.359399999999999977e+02 -9.968000000000000682e+01 -1.353799999999999955e+03
2.359399999999999977e+02 -9.968000000000000682e+01 -1.353799999999999955e+03
2.362100000000000080e+02 -9.987000000000000455e+01 -1.353880000000000109e+03
2.362100000000000080e+02 -9.987000000000000455e+01 -1.353880000000000109e+03
2.362100000000000080e+02 -9.987000000000000455e+01 -1.353880000000000109e+03
2.425399999999999920e+02 -1.037699999999999960e+02 -1.353360000000000127e+03
2.425399999999999920e+02 -1.037699999999999960e+02 -1.353360000000000127e+03
2.425399999999999920e+02 -1.037699999999999960e+02 -1.353360000000000127e+03
2.460200000000000102e+02 -1.044000000000000057e+02 -1.353190000000000055e+03
