4.090000000000000000e+02
4.180000000000000000e+02
4.270000000000000000e+02
4.330000000000000000e+02
4.420000000000000000e+02
4.510000000000000000e+02
4.570000000000000000e+02
4.660000000000000000e+02
4.750000000000000000e+02
4.810000000000000000e+02
4.900000000000000000e+02
4.990000000000000000e+02
5.050000000000000000e+02
5.140000000000000000e+02
5.200000000000000000e+02
5.290000000000000000e+02
5.380000000000000000e+02
5.440000000000000000e+02
5.530000000000000000e+02
5.620000000000000000e+02
5.680000000000000000e+02
5.770000000000000000e+02
5.860000000000000000e+02
5.920000000000000000e+02
6.010000000000000000e+02
6.100000000000000000e+02
6.160000000000000000e+02
6.250000000000000000e+02
6.340000000000000000e+02
6.400000000000000000e+02
6.490000000000000000e+02
6.580000000000000000e+02
6.640000000000000000e+02
6.730000000000000000e+02
6.820000000000000000e+02
6.880000000000000000e+02
6.970000000000000000e+02
7.060000000000000000e+02
7.120000000000000000e+02
7.210000000000000000e+02
7.300000000000000000e+02
7.360000000000000000e+02
7.450000000000000000e+02
7.540000000000000000e+02
7.600000000000000000e+02
7.690000000000000000e+02
7.780000000000000000e+02
7.870000000000000000e+02
7.930000000000000000e+02
8.020000000000000000e+02
8.110000000000000000e+02
8.170000000000000000e+02
8.260000000000000000e+02
8.350000000000000000e+02
8.410000000000000000e+02
8.500000000000000000e+02
8.590000000000000000e+02
8.650000000000000000e+02
8.740000000000000000e+02
8.830000000000000000e+02
8.890000000000000000e+02
8.980000000000000000e+02
9.070000000000000000e+02
9.130000000000000000e+02
9.220000000000000000e+02
9.310000000000000000e+02
9.370000000000000000e+02
9.460000000000000000e+02
9.550000000000000000e+02
9.610000000000000000e+02
9.700000000000000000e+02
9.760000000000000000e+02
9.850000000000000000e+02
9.940000000000000000e+02
1.000000000000000000e+03
1.009000000000000000e+03
1.015000000000000000e+03
1.024000000000000000e+03
1.033000000000000000e+03
1.039000000000000000e+03
1.048000000000000000e+03
1.054000000000000000e+03
1.063000000000000000e+03
1.072000000000000000e+03
1.078000000000000000e+03
1.087000000000000000e+03
1.096000000000000000e+03
1.102000000000000000e+03
1.111000000000000000e+03
1.117000000000000000e+03
1.126000000000000000e+03
1.135000000000000000e+03
1.141000000000000000e+03
1.150000000000000000e+03
1.159000000000000000e+03
1.165000000000000000e+03
1.174000000000000000e+03
1.180000000000000000e+03
1.189000000000000000e+03
1.198000000000000000e+03
1.204000000000000000e+03
1.213000000000000000e+03
1.222000000000000000e+03
1.228000000000000000e+03
1.237000000000000000e+03
1.246000000000000000e+03
1.252000000000000000e+03
1.261000000000000000e+03
1.270000000000000000e+03
1.276000000000000000e+03
1.285000000000000000e+03
1.291000000000000000e+03
1.300000000000000000e+03
1.309000000000000000e+03
1.315000000000000000e+03
1.324000000000000000e+03
1.333000000000000000e+03
1.339000000000000000e+03
1.348000000000000000e+03
1.357000000000000000e+03
1.363000000000000000e+03
1.372000000000000000e+03
1.381000000000000000e+03
1.387000000000000000e+03
1.396000000000000000e+03
1.405000000000000000e+03
1.411000000000000000e+03
1.420000000000000000e+03
1.429000000000000000e+03
1.435000000000000000e+03
1.444000000000000000e+03
1.453000000000000000e+03
1.459000000000000000e+03
1.468000000000000000e+03
1.477000000000000000e+03
1.483000000000000000e+03
1.492000000000000000e+03
1.501000000000000000e+03
1.507000000000000000e+03
1.516000000000000000e+03
1.525000000000000000e+03
1.531000000000000000e+03
1.540000000000000000e+03
1.549000000000000000e+03
1.555000000000000000e+03
1.564000000000000000e+03
1.573000000000000000e+03
1.579000000000000000e+03
1.588000000000000000e+03
1.597000000000000000e+03
1.603000000000000000e+03
1.612000000000000000e+03
1.621000000000000000e+03
1.627000000000000000e+03
1.636000000000000000e+03
1.645000000000000000e+03
1.651000000000000000e+03
1.660000000000000000e+03
1.669000000000000000e+03
1.675000000000000000e+03
1.684000000000000000e+03
1.693000000000000000e+03
1.699000000000000000e+03
1.708000000000000000e+03
1.717000000000000000e+03
1.723000000000000000e+03
1.732000000000000000e+03
1.738000000000000000e+03
1.747000000000000000e+03
1.756000000000000000e+03
1.762000000000000000e+03
1.771000000000000000e+03
1.780000000000000000e+03
1.786000000000000000e+03
1.795000000000000000e+03
1.804000000000000000e+03
1.810000000000000000e+03
1.819000000000000000e+03
1.828000000000000000e+03
1.834000000000000000e+03
1.843000000000000000e+03
1.849000000000000000e+03
1.858000000000000000e+03
1.867000000000000000e+03
1.873000000000000000e+03
1.882000000000000000e+03
1.888000000000000000e+03
1.897000000000000000e+03
1.906000000000000000e+03
1.912000000000000000e+03
1.921000000000000000e+03
1.927000000000000000e+03
1.936000000000000000e+03
1.945000000000000000e+03
1.951000000000000000e+03
1.960000000000000000e+03
1.966000000000000000e+03
1.975000000000000000e+03
1.981000000000000000e+03
1.990000000000000000e+03
1.999000000000000000e+03
2.005000000000000000e+03
2.014000000000000000e+03
2.023000000000000000e+03
2.029000000000000000e+03
2.038000000000000000e+03
2.047000000000000000e+03
2.053000000000000000e+03
2.062000000000000000e+03
2.071000000000000000e+03
2.077000000000000000e+03
2.086000000000000000e+03
2.092000000000000000e+03
2.101000000000000000e+03
2.110000000000000000e+03
2.116000000000000000e+03
2.125000000000000000e+03
2.131000000000000000e+03
2.140000000000000000e+03
2.149000000000000000e+03
2.155000000000000000e+03
2.164000000000000000e+03
2.170000000000000000e+03
2.179000000000000000e+03
2.185000000000000000e+03
2.194000000000000000e+03
2.200000000000000000e+03
2.209000000000000000e+03
2.215000000000000000e+03
2.224000000000000000e+03
2.233000000000000000e+03
2.239000000000000000e+03
2.248000000000000000e+03
2.254000000000000000e+03
2.263000000000000000e+03
2.269000000000000000e+03
2.278000000000000000e+03
2.287000000000000000e+03
2.293000000000000000e+03
2.302000000000000000e+03
2.311000000000000000e+03
2.317000000000000000e+03
2.326000000000000000e+03
2.335000000000000000e+03
2.341000000000000000e+03
2.350000000000000000e+03
2.356000000000000000e+03
2.365000000000000000e+03
2.371000000000000000e+03
2.380000000000000000e+03
2.386000000000000000e+03
2.395000000000000000e+03
2.404000000000000000e+03
2.410000000000000000e+03
2.419000000000000000e+03
2.428000000000000000e+03
2.434000000000000000e+03
2.443000000000000000e+03
2.449000000000000000e+03
2.458000000000000000e+03
2.464000000000000000e+03
2.473000000000000000e+03
2.482000000000000000e+03
2.488000000000000000e+03
2.497000000000000000e+03
2.503000000000000000e+03
2.512000000000000000e+03
2.521000000000000000e+03
2.527000000000000000e+03
2.536000000000000000e+03
2.542000000000000000e+03
2.551000000000000000e+03
2.560000000000000000e+03
2.566000000000000000e+03
2.575000000000000000e+03
2.581000000000000000e+03
2.590000000000000000e+03
2.596000000000000000e+03
2.605000000000000000e+03
2.611000000000000000e+03
2.620000000000000000e+03
2.629000000000000000e+03
2.635000000000000000e+03
2.644000000000000000e+03
2.653000000000000000e+03
2.659000000000000000e+03
2.668000000000000000e+03
2.677000000000000000e+03
2.683000000000000000e+03
2.692000000000000000e+03
2.701000000000000000e+03
2.707000000000000000e+03
2.716000000000000000e+03
2.722000000000000000e+03
2.731000000000000000e+03
2.737000000000000000e+03
2.746000000000000000e+03
2.752000000000000000e+03
2.761000000000000000e+03
2.770000000000000000e+03
2.776000000000000000e+03
2.785000000000000000e+03
2.794000000000000000e+03
2.800000000000000000e+03
2.809000000000000000e+03
2.818000000000000000e+03
2.824000000000000000e+03
2.833000000000000000e+03
2.842000000000000000e+03
2.848000000000000000e+03
2.857000000000000000e+03
2.863000000000000000e+03
2.872000000000000000e+03
2.881000000000000000e+03
2.887000000000000000e+03
2.896000000000000000e+03
2.905000000000000000e+03
2.911000000000000000e+03
2.920000000000000000e+03
2.929000000000000000e+03
2.935000000000000000e+03
2.944000000000000000e+03
2.953000000000000000e+03
2.959000000000000000e+03
2.968000000000000000e+03
2.974000000000000000e+03
2.983000000000000000e+03
2.989000000000000000e+03
2.998000000000000000e+03
3.007000000000000000e+03
3.013000000000000000e+03
3.022000000000000000e+03
3.031000000000000000e+03
3.037000000000000000e+03
3.046000000000000000e+03
3.055000000000000000e+03
3.061000000000000000e+03
3.070000000000000000e+03
3.079000000000000000e+03
3.085000000000000000e+03
3.094000000000000000e+03
3.103000000000000000e+03
3.109000000000000000e+03
3.118000000000000000e+03
3.124000000000000000e+03
3.133000000000000000e+03
3.142000000000000000e+03
3.148000000000000000e+03
3.157000000000000000e+03
3.166000000000000000e+03
3.172000000000000000e+03
3.181000000000000000e+03
3.190000000000000000e+03
3.196000000000000000e+03
3.205000000000000000e+03
3.214000000000000000e+03
3.220000000000000000e+03
3.229000000000000000e+03
3.235000000000000000e+03
3.244000000000000000e+03
3.253000000000000000e+03
3.259000000000000000e+03
3.268000000000000000e+03
3.277000000000000000e+03
3.283000000000000000e+03
3.292000000000000000e+03
3.301000000000000000e+03
3.307000000000000000e+03
3.316000000000000000e+03
3.322000000000000000e+03
3.331000000000000000e+03
3.340000000000000000e+03
3.346000000000000000e+03
3.355000000000000000e+03
3.364000000000000000e+03
3.370000000000000000e+03
3.379000000000000000e+03
3.388000000000000000e+03
3.394000000000000000e+03
3.403000000000000000e+03
3.412000000000000000e+03
3.418000000000000000e+03
3.427000000000000000e+03
3.433000000000000000e+03
3.442000000000000000e+03
3.451000000000000000e+03
3.457000000000000000e+03
3.466000000000000000e+03
3.475000000000000000e+03
3.481000000000000000e+03
3.490000000000000000e+03
3.496000000000000000e+03
3.505000000000000000e+03
3.511000000000000000e+03
3.520000000000000000e+03
3.529000000000000000e+03
3.535000000000000000e+03
3.544000000000000000e+03
3.553000000000000000e+03
3.559000000000000000e+03
3.568000000000000000e+03
3.577000000000000000e+03
3.583000000000000000e+03
3.592000000000000000e+03
3.601000000000000000e+03
3.607000000000000000e+03
3.616000000000000000e+03
3.622000000000000000e+03
3.631000000000000000e+03
3.640000000000000000e+03
3.646000000000000000e+03
3.655000000000000000e+03
3.664000000000000000e+03
3.670000000000000000e+03
3.679000000000000000e+03
3.688000000000000000e+03
3.694000000000000000e+03
3.703000000000000000e+03
3.712000000000000000e+03
3.718000000000000000e+03
3.727000000000000000e+03
3.733000000000000000e+03
3.742000000000000000e+03
3.751000000000000000e+03
3.757000000000000000e+03
3.766000000000000000e+03
3.775000000000000000e+03
3.781000000000000000e+03
3.790000000000000000e+03
3.799000000000000000e+03
3.805000000000000000e+03
3.814000000000000000e+03
3.820000000000000000e+03
3.829000000000000000e+03
3.838000000000000000e+03
3.844000000000000000e+03
3.853000000000000000e+03
3.859000000000000000e+03
3.868000000000000000e+03
3.877000000000000000e+03
3.883000000000000000e+03
3.892000000000000000e+03
3.901000000000000000e+03
3.907000000000000000e+03
3.916000000000000000e+03
3.925000000000000000e+03
3.931000000000000000e+03
3.940000000000000000e+03
3.946000000000000000e+03
3.955000000000000000e+03
3.961000000000000000e+03
3.970000000000000000e+03
3.979000000000000000e+03
3.985000000000000000e+03
3.994000000000000000e+03
4.003000000000000000e+03
4.009000000000000000e+03
4.018000000000000000e+03
4.024000000000000000e+03
4.033000000000000000e+03
4.042000000000000000e+03
4.048000000000000000e+03
4.057000000000000000e+03
4.066000000000000000e+03
4.072000000000000000e+03
4.081000000000000000e+03
4.090000000000000000e+03
4.096000000000000000e+03
4.105000000000000000e+03
4.114000000000000000e+03
4.120000000000000000e+03
4.129000000000000000e+03
4.135000000000000000e+03
4.144000000000000000e+03
4.153000000000000000e+03
4.159000000000000000e+03
4.168000000000000000e+03
4.177000000000000000e+03
4.183000000000000000e+03
4.192000000000000000e+03
4.201000000000000000e+03
4.210000000000000000e+03
4.216000000000000000e+03
4.225000000000000000e+03
4.234000000000000000e+03
4.240000000000000000e+03
4.249000000000000000e+03
4.255000000000000000e+03
4.264000000000000000e+03
4.273000000000000000e+03
4.279000000000000000e+03
4.288000000000000000e+03
4.297000000000000000e+03
4.303000000000000000e+03
4.312000000000000000e+03
4.321000000000000000e+03
4.327000000000000000e+03
4.336000000000000000e+03
4.345000000000000000e+03
4.351000000000000000e+03
4.360000000000000000e+03
4.369000000000000000e+03
4.375000000000000000e+03
4.384000000000000000e+03
4.393000000000000000e+03
4.399000000000000000e+03
4.408000000000000000e+03
4.414000000000000000e+03
4.423000000000000000e+03
4.432000000000000000e+03
4.438000000000000000e+03
4.447000000000000000e+03
4.456000000000000000e+03
4.462000000000000000e+03
4.471000000000000000e+03
4.480000000000000000e+03
4.486000000000000000e+03
4.495000000000000000e+03
4.504000000000000000e+03
4.510000000000000000e+03
4.519000000000000000e+03
4.528000000000000000e+03
4.534000000000000000e+03
4.543000000000000000e+03
4.549000000000000000e+03
4.558000000000000000e+03
4.567000000000000000e+03
4.573000000000000000e+03
4.582000000000000000e+03
4.591000000000000000e+03
4.597000000000000000e+03
4.606000000000000000e+03
4.615000000000000000e+03
4.621000000000000000e+03
4.630000000000000000e+03
4.639000000000000000e+03
4.645000000000000000e+03
4.654000000000000000e+03
4.663000000000000000e+03
4.669000000000000000e+03
4.678000000000000000e+03
4.687000000000000000e+03
4.693000000000000000e+03
4.702000000000000000e+03
4.711000000000000000e+03
4.717000000000000000e+03
4.726000000000000000e+03
4.735000000000000000e+03
4.741000000000000000e+03
4.750000000000000000e+03
4.759000000000000000e+03
4.765000000000000000e+03
4.774000000000000000e+03
4.783000000000000000e+03
4.789000000000000000e+03
4.798000000000000000e+03
4.807000000000000000e+03
4.813000000000000000e+03
4.822000000000000000e+03
4.828000000000000000e+03
4.837000000000000000e+03
4.843000000000000000e+03
4.852000000000000000e+03
4.858000000000000000e+03
4.867000000000000000e+03
4.876000000000000000e+03
4.882000000000000000e+03
4.891000000000000000e+03
4.900000000000000000e+03
4.906000000000000000e+03
4.915000000000000000e+03
4.924000000000000000e+03
4.930000000000000000e+03
4.939000000000000000e+03
4.948000000000000000e+03
4.954000000000000000e+03
4.963000000000000000e+03
4.969000000000000000e+03
4.978000000000000000e+03
4.987000000000000000e+03
4.993000000000000000e+03
5.002000000000000000e+03
5.011000000000000000e+03
5.017000000000000000e+03
5.026000000000000000e+03
5.035000000000000000e+03
5.041000000000000000e+03
5.050000000000000000e+03
5.059000000000000000e+03
5.065000000000000000e+03
5.074000000000000000e+03
5.083000000000000000e+03
5.089000000000000000e+03
5.098000000000000000e+03
5.104000000000000000e+03
5.113000000000000000e+03
5.122000000000000000e+03
5.128000000000000000e+03
5.137000000000000000e+03
5.146000000000000000e+03
5.152000000000000000e+03
5.161000000000000000e+03
5.170000000000000000e+03
5.176000000000000000e+03
5.185000000000000000e+03
5.191000000000000000e+03
5.200000000000000000e+03
5.206000000000000000e+03
