0.000000000000000000e+00 8.594915215131974299e-312 6.953294194428452639e-310
1.607599999999999909e+02 -1.314699999999999989e+02 -1.425500000000000000e+03
1.579900000000000091e+02 -1.265100000000000051e+02 -1.425789999999999964e+03
1.579900000000000091e+02 -1.265100000000000051e+02 -1.425789999999999964e+03
1.555099999999999909e+02 -1.214900000000000091e+02 -1.425930000000000064e+03
1.555099999999999909e+02 -1.214900000000000091e+02 -1.425930000000000064e+03
1.555099999999999909e+02 -1.214900000000000091e+02 -1.425930000000000064e+03
1.532000000000000171e+02 -1.161299999999999955e+02 -1.426079999999999927e+03
1.532000000000000171e+02 -1.161299999999999955e+02 -1.426079999999999927e+03
1.511800000000000068e+02 -1.105900000000000034e+02 -1.426269999999999982e+03
1.495099999999999909e+02 -1.050799999999999983e+02 -1.426360000000000127e+03
1.495099999999999909e+02 -1.050799999999999983e+02 -1.426360000000000127e+03
1.480999999999999943e+02 -9.943999999999999773e+01 -1.426450000000000045e+03
1.470099999999999909e+02 -9.384000000000000341e+01 -1.426519999999999982e+03
1.470099999999999909e+02 -9.384000000000000341e+01 -1.426519999999999982e+03
1.462000000000000171e+02 -8.800000000000000000e+01 -1.426539999999999964e+03
1.462000000000000171e+02 -8.800000000000000000e+01 -1.426539999999999964e+03
1.462000000000000171e+02 -8.800000000000000000e+01 -1.426539999999999964e+03
1.457299999999999898e+02 -8.226999999999999602e+01 -1.426500000000000000e+03
1.457299999999999898e+02 -8.226999999999999602e+01 -1.426500000000000000e+03
1.455900000000000034e+02 -7.768000000000000682e+01 -1.426519999999999982e+03
1.455900000000000034e+02 -7.768000000000000682e+01 -1.426519999999999982e+03
1.456500000000000057e+02 -7.950000000000000000e+01 -1.426490000000000009e+03
1.456500000000000057e+02 -7.950000000000000000e+01 -1.426490000000000009e+03
1.456500000000000057e+02 -7.950000000000000000e+01 -1.426490000000000009e+03
1.460200000000000102e+02 -8.539000000000000057e+01 -1.426670000000000073e+03
1.460200000000000102e+02 -8.539000000000000057e+01 -1.426670000000000073e+03
1.460200000000000102e+02 -8.539000000000000057e+01 -1.426670000000000073e+03
1.466500000000000057e+02 -9.114000000000000057e+01 -1.426600000000000136e+03
1.466500000000000057e+02 -9.114000000000000057e+01 -1.426600000000000136e+03
1.466500000000000057e+02 -9.114000000000000057e+01 -1.426600000000000136e+03
1.476299999999999955e+02 -9.696999999999999886e+01 -1.426559999999999945e+03
1.476299999999999955e+02 -9.696999999999999886e+01 -1.426559999999999945e+03
1.476299999999999955e+02 -9.696999999999999886e+01 -1.426559999999999945e+03
1.488799999999999955e+02 -1.026000000000000085e+02 -1.426470000000000027e+03
1.488799999999999955e+02 -1.026000000000000085e+02 -1.426470000000000027e+03
1.504300000000000068e+02 -1.082300000000000040e+02 -1.426329999999999927e+03
1.523100000000000023e+02 -1.137500000000000000e+02 -1.426220000000000027e+03
1.523100000000000023e+02 -1.137500000000000000e+02 -1.426220000000000027e+03
1.523100000000000023e+02 -1.137500000000000000e+02 -1.426220000000000027e+03
1.544699999999999989e+02 -1.191200000000000045e+02 -1.426160000000000082e+03
1.544699999999999989e+02 -1.191200000000000045e+02 -1.426160000000000082e+03
1.544699999999999989e+02 -1.191200000000000045e+02 -1.426160000000000082e+03
1.568100000000000023e+02 -1.241899999999999977e+02 -1.426009999999999991e+03
1.568100000000000023e+02 -1.241899999999999977e+02 -1.426009999999999991e+03
1.568100000000000023e+02 -1.241899999999999977e+02 -1.426009999999999991e+03
1.595600000000000023e+02 -1.293600000000000136e+02 -1.425750000000000000e+03
1.595600000000000023e+02 -1.293600000000000136e+02 -1.425750000000000000e+03
1.595600000000000023e+02 -1.293600000000000136e+02 -1.425750000000000000e+03
1.623100000000000023e+02 -1.339699999999999989e+02 -1.425539999999999964e+03
1.623100000000000023e+02 -1.339699999999999989e+02 -1.425539999999999964e+03
1.623100000000000023e+02 -1.339699999999999989e+02 -1.425539999999999964e+03
1.620000000000000000e+02 -1.334600000000000080e+02 -1.425529999999999973e+03
1.620000000000000000e+02 -1.334600000000000080e+02 -1.425529999999999973e+03
1.620000000000000000e+02 -1.334600000000000080e+02 -1.425529999999999973e+03
1.590699999999999932e+02 -1.284900000000000091e+02 -1.425779999999999973e+03
1.590699999999999932e+02 -1.284900000000000091e+02 -1.425779999999999973e+03
1.590699999999999932e+02 -1.284900000000000091e+02 -1.425779999999999973e+03
1.564500000000000171e+02 -1.234800000000000040e+02 -1.425920000000000073e+03
1.564500000000000171e+02 -1.234800000000000040e+02 -1.425920000000000073e+03
1.540800000000000125e+02 -1.182500000000000000e+02 -1.426110000000000127e+03
1.540800000000000125e+02 -1.182500000000000000e+02 -1.426110000000000127e+03
1.519399999999999977e+02 -1.127900000000000063e+02 -1.426259999999999991e+03
1.501200000000000045e+02 -1.072699999999999960e+02 -1.426329999999999927e+03
1.501200000000000045e+02 -1.072699999999999960e+02 -1.426329999999999927e+03
1.485900000000000034e+02 -1.016500000000000057e+02 -1.426420000000000073e+03
1.474200000000000159e+02 -9.612999999999999545e+01 -1.426500000000000000e+03
1.474200000000000159e+02 -9.612999999999999545e+01 -1.426500000000000000e+03
1.464799999999999898e+02 -9.035000000000000853e+01 -1.426579999999999927e+03
1.464799999999999898e+02 -9.035000000000000853e+01 -1.426579999999999927e+03
1.464799999999999898e+02 -9.035000000000000853e+01 -1.426579999999999927e+03
1.458799999999999955e+02 -8.459000000000000341e+01 -1.426509999999999991e+03
1.458799999999999955e+02 -8.459000000000000341e+01 -1.426509999999999991e+03
1.458799999999999955e+02 -8.459000000000000341e+01 -1.426509999999999991e+03
1.456100000000000136e+02 -7.896000000000000796e+01 -1.426529999999999973e+03
1.456100000000000136e+02 -7.896000000000000796e+01 -1.426529999999999973e+03
1.456100000000000136e+02 -7.896000000000000796e+01 -1.426529999999999973e+03
1.455900000000000034e+02 -7.779999999999999716e+01 -1.426549999999999955e+03
1.455900000000000034e+02 -7.779999999999999716e+01 -1.426549999999999955e+03
1.455900000000000034e+02 -7.779999999999999716e+01 -1.426549999999999955e+03
1.458199999999999932e+02 -8.296000000000000796e+01 -1.426539999999999964e+03
1.458199999999999932e+02 -8.296000000000000796e+01 -1.426539999999999964e+03
1.458199999999999932e+02 -8.296000000000000796e+01 -1.426539999999999964e+03
1.463499999999999943e+02 -8.885000000000000853e+01 -1.426610000000000127e+03
1.463499999999999943e+02 -8.885000000000000853e+01 -1.426610000000000127e+03
1.463499999999999943e+02 -8.885000000000000853e+01 -1.426610000000000127e+03
1.472100000000000080e+02 -9.471000000000000796e+01 -1.426559999999999945e+03
1.483300000000000125e+02 -1.003200000000000074e+02 -1.426460000000000036e+03
1.483300000000000125e+02 -1.003200000000000074e+02 -1.426460000000000036e+03
1.497800000000000011e+02 -1.059900000000000091e+02 -1.426380000000000109e+03
1.515099999999999909e+02 -1.114900000000000091e+02 -1.426269999999999982e+03
1.515099999999999909e+02 -1.114900000000000091e+02 -1.426269999999999982e+03
1.515099999999999909e+02 -1.114900000000000091e+02 -1.426269999999999982e+03
1.535699999999999932e+02 -1.170199999999999960e+02 -1.426120000000000118e+03
1.535699999999999932e+02 -1.170199999999999960e+02 -1.426120000000000118e+03
1.558499999999999943e+02 -1.221899999999999977e+02 -1.426039999999999964e+03
1.584200000000000159e+02 -1.273100000000000023e+02 -1.425860000000000127e+03
1.584200000000000159e+02 -1.273100000000000023e+02 -1.425860000000000127e+03
1.584200000000000159e+02 -1.273100000000000023e+02 -1.425860000000000127e+03
1.613300000000000125e+02 -1.323799999999999955e+02 -1.425579999999999927e+03
1.613300000000000125e+02 -1.323799999999999955e+02 -1.425579999999999927e+03
1.613300000000000125e+02 -1.323799999999999955e+02 -1.425579999999999927e+03
1.626299999999999955e+02 -1.344799999999999898e+02 -1.425460000000000036e+03
1.626299999999999955e+02 -1.344799999999999898e+02 -1.425460000000000036e+03
1.602100000000000080e+02 -1.305200000000000102e+02 -1.425630000000000109e+03
1.575000000000000000e+02 -1.255499999999999972e+02 -1.425910000000000082e+03
1.575000000000000000e+02 -1.255499999999999972e+02 -1.425910000000000082e+03
1.550200000000000102e+02 -1.204200000000000017e+02 -1.425990000000000009e+03
1.527599999999999909e+02 -1.149699999999999989e+02 -1.426150000000000091e+03
1.527599999999999909e+02 -1.149699999999999989e+02 -1.426150000000000091e+03
1.527599999999999909e+02 -1.149699999999999989e+02 -1.426150000000000091e+03
1.508100000000000023e+02 -1.094800000000000040e+02 -1.426299999999999955e+03
1.508100000000000023e+02 -1.094800000000000040e+02 -1.426299999999999955e+03
1.508100000000000023e+02 -1.094800000000000040e+02 -1.426299999999999955e+03
1.491700000000000159e+02 -1.039099999999999966e+02 -1.426360000000000127e+03
1.491700000000000159e+02 -1.039099999999999966e+02 -1.426360000000000127e+03
1.491700000000000159e+02 -1.039099999999999966e+02 -1.426360000000000127e+03
1.478600000000000136e+02 -9.839000000000000057e+01 -1.426480000000000018e+03
1.478600000000000136e+02 -9.839000000000000057e+01 -1.426480000000000018e+03
1.478600000000000136e+02 -9.839000000000000057e+01 -1.426480000000000018e+03
1.468100000000000023e+02 -9.267000000000000171e+01 -1.426529999999999973e+03
1.468100000000000023e+02 -9.267000000000000171e+01 -1.426529999999999973e+03
1.468100000000000023e+02 -9.267000000000000171e+01 -1.426529999999999973e+03
1.460900000000000034e+02 -8.693999999999999773e+01 -1.426529999999999973e+03
1.460900000000000034e+02 -8.693999999999999773e+01 -1.426529999999999973e+03
1.460900000000000034e+02 -8.693999999999999773e+01 -1.426529999999999973e+03
1.456700000000000159e+02 -8.120000000000000284e+01 -1.426519999999999982e+03
1.456700000000000159e+02 -8.120000000000000284e+01 -1.426519999999999982e+03
1.456700000000000159e+02 -8.120000000000000284e+01 -1.426519999999999982e+03
1.455800000000000125e+02 -7.765999999999999659e+01 -1.426539999999999964e+03
1.455800000000000125e+02 -7.765999999999999659e+01 -1.426539999999999964e+03
1.455800000000000125e+02 -7.765999999999999659e+01 -1.426539999999999964e+03
1.457000000000000171e+02 -8.057999999999999829e+01 -1.426509999999999991e+03
1.457000000000000171e+02 -8.057999999999999829e+01 -1.426509999999999991e+03
1.457000000000000171e+02 -8.057999999999999829e+01 -1.426509999999999991e+03
1.461100000000000136e+02 -8.648999999999999488e+01 -1.426630000000000109e+03
1.461100000000000136e+02 -8.648999999999999488e+01 -1.426630000000000109e+03
1.461100000000000136e+02 -8.648999999999999488e+01 -1.426630000000000109e+03
1.468199999999999932e+02 -9.237000000000000455e+01 -1.426630000000000109e+03
1.468199999999999932e+02 -9.237000000000000455e+01 -1.426630000000000109e+03
1.468199999999999932e+02 -9.237000000000000455e+01 -1.426630000000000109e+03
1.478300000000000125e+02 -9.801999999999999602e+01 -1.426519999999999982e+03
1.478300000000000125e+02 -9.801999999999999602e+01 -1.426519999999999982e+03
1.478300000000000125e+02 -9.801999999999999602e+01 -1.426519999999999982e+03
1.491599999999999966e+02 -1.037500000000000000e+02 -1.426400000000000091e+03
1.491599999999999966e+02 -1.037500000000000000e+02 -1.426400000000000091e+03
1.491599999999999966e+02 -1.037500000000000000e+02 -1.426400000000000091e+03
1.507599999999999909e+02 -1.092600000000000051e+02 -1.426370000000000118e+03
1.507599999999999909e+02 -1.092600000000000051e+02 -1.426370000000000118e+03
1.507599999999999909e+02 -1.092600000000000051e+02 -1.426370000000000118e+03
1.527100000000000080e+02 -1.148500000000000085e+02 -1.426190000000000055e+03
1.527100000000000080e+02 -1.148500000000000085e+02 -1.426190000000000055e+03
1.527100000000000080e+02 -1.148500000000000085e+02 -1.426190000000000055e+03
1.548900000000000148e+02 -1.200900000000000034e+02 -1.426079999999999927e+03
1.548900000000000148e+02 -1.200900000000000034e+02 -1.426079999999999927e+03
1.548900000000000148e+02 -1.200900000000000034e+02 -1.426079999999999927e+03
1.573700000000000045e+02 -1.252900000000000063e+02 -1.425920000000000073e+03
1.573700000000000045e+02 -1.252900000000000063e+02 -1.425920000000000073e+03
1.573700000000000045e+02 -1.252900000000000063e+02 -1.425920000000000073e+03
1.601100000000000136e+02 -1.303499999999999943e+02 -1.425690000000000055e+03
1.601100000000000136e+02 -1.303499999999999943e+02 -1.425690000000000055e+03
1.625900000000000034e+02 -1.344200000000000159e+02 -1.425519999999999982e+03
1.614000000000000057e+02 -1.325000000000000000e+02 -1.425529999999999973e+03
1.614000000000000057e+02 -1.325000000000000000e+02 -1.425529999999999973e+03
1.614000000000000057e+02 -1.325000000000000000e+02 -1.425529999999999973e+03
1.585099999999999909e+02 -1.274900000000000091e+02 -1.425819999999999936e+03
1.585099999999999909e+02 -1.274900000000000091e+02 -1.425819999999999936e+03
1.585099999999999909e+02 -1.274900000000000091e+02 -1.425819999999999936e+03
1.560099999999999909e+02 -1.225499999999999972e+02 -1.425980000000000018e+03
1.536200000000000045e+02 -1.171800000000000068e+02 -1.426110000000000127e+03
1.536200000000000045e+02 -1.171800000000000068e+02 -1.426110000000000127e+03
1.536200000000000045e+02 -1.171800000000000068e+02 -1.426110000000000127e+03
1.515500000000000114e+02 -1.117199999999999989e+02 -1.426269999999999982e+03
1.515500000000000114e+02 -1.117199999999999989e+02 -1.426269999999999982e+03
1.515500000000000114e+02 -1.117199999999999989e+02 -1.426269999999999982e+03
1.497899999999999920e+02 -1.061500000000000057e+02 -1.426380000000000109e+03
1.497899999999999920e+02 -1.061500000000000057e+02 -1.426380000000000109e+03
1.483400000000000034e+02 -1.006000000000000085e+02 -1.426460000000000036e+03
1.483400000000000034e+02 -1.006000000000000085e+02 -1.426460000000000036e+03
1.483400000000000034e+02 -1.006000000000000085e+02 -1.426460000000000036e+03
1.471899999999999977e+02 -9.496999999999999886e+01 -1.426519999999999982e+03
1.471899999999999977e+02 -9.496999999999999886e+01 -1.426519999999999982e+03
1.471899999999999977e+02 -9.496999999999999886e+01 -1.426519999999999982e+03
1.463400000000000034e+02 -8.928000000000000114e+01 -1.426559999999999945e+03
1.463400000000000034e+02 -8.928000000000000114e+01 -1.426559999999999945e+03
1.463400000000000034e+02 -8.928000000000000114e+01 -1.426559999999999945e+03
1.457800000000000011e+02 -8.343000000000000682e+01 -1.426490000000000009e+03
1.457800000000000011e+02 -8.343000000000000682e+01 -1.426490000000000009e+03
1.457800000000000011e+02 -8.343000000000000682e+01 -1.426490000000000009e+03
1.455800000000000125e+02 -7.825000000000000000e+01 -1.426529999999999973e+03
1.455800000000000125e+02 -7.825000000000000000e+01 -1.426529999999999973e+03
1.455800000000000125e+02 -7.825000000000000000e+01 -1.426529999999999973e+03
1.456100000000000136e+02 -7.864000000000000057e+01 -1.426539999999999964e+03
1.456100000000000136e+02 -7.864000000000000057e+01 -1.426539999999999964e+03
1.456100000000000136e+02 -7.864000000000000057e+01 -1.426539999999999964e+03
1.459000000000000057e+02 -8.409000000000000341e+01 -1.426610000000000127e+03
1.459000000000000057e+02 -8.409000000000000341e+01 -1.426610000000000127e+03
1.459000000000000057e+02 -8.409000000000000341e+01 -1.426610000000000127e+03
1.464900000000000091e+02 -9.004999999999999716e+01 -1.426519999999999982e+03
1.464900000000000091e+02 -9.004999999999999716e+01 -1.426519999999999982e+03
1.464900000000000091e+02 -9.004999999999999716e+01 -1.426519999999999982e+03
1.474000000000000057e+02 -9.576999999999999602e+01 -1.426600000000000136e+03
1.474000000000000057e+02 -9.576999999999999602e+01 -1.426600000000000136e+03
1.474000000000000057e+02 -9.576999999999999602e+01 -1.426600000000000136e+03
1.485900000000000034e+02 -1.014900000000000091e+02 -1.426400000000000091e+03
1.485900000000000034e+02 -1.014900000000000091e+02 -1.426400000000000091e+03
1.485900000000000034e+02 -1.014900000000000091e+02 -1.426400000000000091e+03
1.500800000000000125e+02 -1.070199999999999960e+02 -1.426410000000000082e+03
1.500800000000000125e+02 -1.070199999999999960e+02 -1.426410000000000082e+03
1.500800000000000125e+02 -1.070199999999999960e+02 -1.426410000000000082e+03
1.519099999999999966e+02 -1.126800000000000068e+02 -1.426250000000000000e+03
1.519099999999999966e+02 -1.126800000000000068e+02 -1.426250000000000000e+03
1.519099999999999966e+02 -1.126800000000000068e+02 -1.426250000000000000e+03
1.539600000000000080e+02 -1.179600000000000080e+02 -1.426190000000000055e+03
1.539600000000000080e+02 -1.179600000000000080e+02 -1.426190000000000055e+03
1.539600000000000080e+02 -1.179600000000000080e+02 -1.426190000000000055e+03
1.563300000000000125e+02 -1.232300000000000040e+02 -1.425990000000000009e+03
1.563300000000000125e+02 -1.232300000000000040e+02 -1.425990000000000009e+03
1.563300000000000125e+02 -1.232300000000000040e+02 -1.425990000000000009e+03
1.589500000000000171e+02 -1.283100000000000023e+02 -1.425769999999999982e+03
1.589500000000000171e+02 -1.283100000000000023e+02 -1.425769999999999982e+03
1.589500000000000171e+02 -1.283100000000000023e+02 -1.425769999999999982e+03
1.619200000000000159e+02 -1.333499999999999943e+02 -1.425600000000000136e+03
1.619200000000000159e+02 -1.333499999999999943e+02 -1.425600000000000136e+03
1.619200000000000159e+02 -1.333499999999999943e+02 -1.425600000000000136e+03
1.624399999999999977e+02 -1.341899999999999977e+02 -1.425460000000000036e+03
1.624399999999999977e+02 -1.341899999999999977e+02 -1.425460000000000036e+03
1.624399999999999977e+02 -1.341899999999999977e+02 -1.425460000000000036e+03
1.596299999999999955e+02 -1.295099999999999909e+02 -1.425740000000000009e+03
1.596299999999999955e+02 -1.295099999999999909e+02 -1.425740000000000009e+03
1.596299999999999955e+02 -1.295099999999999909e+02 -1.425740000000000009e+03
1.569699999999999989e+02 -1.245400000000000063e+02 -1.425819999999999936e+03
1.569699999999999989e+02 -1.245400000000000063e+02 -1.425819999999999936e+03
1.545399999999999920e+02 -1.193500000000000085e+02 -1.426009999999999991e+03
1.545399999999999920e+02 -1.193500000000000085e+02 -1.426009999999999991e+03
1.545399999999999920e+02 -1.193500000000000085e+02 -1.426009999999999991e+03
1.523600000000000136e+02 -1.139699999999999989e+02 -1.426140000000000100e+03
1.504500000000000171e+02 -1.084099999999999966e+02 -1.426319999999999936e+03
1.504500000000000171e+02 -1.084099999999999966e+02 -1.426319999999999936e+03
1.488900000000000148e+02 -1.028400000000000034e+02 -1.426390000000000100e+03
1.488900000000000148e+02 -1.028400000000000034e+02 -1.426390000000000100e+03
1.476100000000000136e+02 -9.720000000000000284e+01 -1.426509999999999991e+03
1.476100000000000136e+02 -9.720000000000000284e+01 -1.426509999999999991e+03
1.476100000000000136e+02 -9.720000000000000284e+01 -1.426509999999999991e+03
1.466400000000000148e+02 -9.159000000000000341e+01 -1.426539999999999964e+03
1.466400000000000148e+02 -9.159000000000000341e+01 -1.426539999999999964e+03
1.466400000000000148e+02 -9.159000000000000341e+01 -1.426539999999999964e+03
1.459699999999999989e+02 -8.575000000000000000e+01 -1.426549999999999955e+03
1.459699999999999989e+02 -8.575000000000000000e+01 -1.426549999999999955e+03
1.459699999999999989e+02 -8.575000000000000000e+01 -1.426549999999999955e+03
1.456299999999999955e+02 -8.004999999999999716e+01 -1.426480000000000018e+03
1.456299999999999955e+02 -8.004999999999999716e+01 -1.426480000000000018e+03
1.456299999999999955e+02 -8.004999999999999716e+01 -1.426480000000000018e+03
1.455699999999999932e+02 -7.770000000000000284e+01 -1.426539999999999964e+03
1.455699999999999932e+02 -7.770000000000000284e+01 -1.426539999999999964e+03
1.457599999999999909e+02 -8.171999999999999886e+01 -1.426559999999999945e+03
1.457599999999999909e+02 -8.171999999999999886e+01 -1.426559999999999945e+03
1.462199999999999989e+02 -8.770000000000000284e+01 -1.426640000000000100e+03
1.462199999999999989e+02 -8.770000000000000284e+01 -1.426640000000000100e+03
1.462199999999999989e+02 -8.770000000000000284e+01 -1.426640000000000100e+03
1.469900000000000091e+02 -9.343999999999999773e+01 -1.426579999999999927e+03
1.469900000000000091e+02 -9.343999999999999773e+01 -1.426579999999999927e+03
1.480800000000000125e+02 -9.924000000000000909e+01 -1.426509999999999991e+03
1.480800000000000125e+02 -9.924000000000000909e+01 -1.426509999999999991e+03
1.494399999999999977e+02 -1.047900000000000063e+02 -1.426430000000000064e+03
1.494399999999999977e+02 -1.047900000000000063e+02 -1.426430000000000064e+03
1.494399999999999977e+02 -1.047900000000000063e+02 -1.426430000000000064e+03
1.511400000000000148e+02 -1.104200000000000017e+02 -1.426360000000000127e+03
1.511400000000000148e+02 -1.104200000000000017e+02 -1.426360000000000127e+03
1.511400000000000148e+02 -1.104200000000000017e+02 -1.426360000000000127e+03
1.530999999999999943e+02 -1.158500000000000085e+02 -1.426180000000000064e+03
1.530999999999999943e+02 -1.158500000000000085e+02 -1.426180000000000064e+03
1.553799999999999955e+02 -1.212000000000000028e+02 -1.426089999999999918e+03
1.553799999999999955e+02 -1.212000000000000028e+02 -1.426089999999999918e+03
1.553799999999999955e+02 -1.212000000000000028e+02 -1.426089999999999918e+03
1.578300000000000125e+02 -1.262100000000000080e+02 -1.425809999999999945e+03
1.578300000000000125e+02 -1.262100000000000080e+02 -1.425809999999999945e+03
1.578300000000000125e+02 -1.262100000000000080e+02 -1.425809999999999945e+03
1.607500000000000000e+02 -1.314399999999999977e+02 -1.425690000000000055e+03
1.607500000000000000e+02 -1.314399999999999977e+02 -1.425690000000000055e+03
1.607500000000000000e+02 -1.314399999999999977e+02 -1.425690000000000055e+03
1.626299999999999955e+02 -1.344900000000000091e+02 -1.425480000000000018e+03
1.626299999999999955e+02 -1.344900000000000091e+02 -1.425480000000000018e+03
1.626299999999999955e+02 -1.344900000000000091e+02 -1.425480000000000018e+03
1.607899999999999920e+02 -1.315099999999999909e+02 -1.425569999999999936e+03
1.607899999999999920e+02 -1.315099999999999909e+02 -1.425569999999999936e+03
1.580000000000000000e+02 -1.265499999999999972e+02 -1.425769999999999982e+03
1.555099999999999909e+02 -1.215100000000000051e+02 -1.426019999999999982e+03
1.555099999999999909e+02 -1.215100000000000051e+02 -1.426019999999999982e+03
1.532199999999999989e+02 -1.161899999999999977e+02 -1.426120000000000118e+03
1.532199999999999989e+02 -1.161899999999999977e+02 -1.426120000000000118e+03
1.511700000000000159e+02 -1.106200000000000045e+02 -1.426289999999999964e+03
1.494799999999999898e+02 -1.051000000000000085e+02 -1.426350000000000136e+03
1.494799999999999898e+02 -1.051000000000000085e+02 -1.426350000000000136e+03
1.480999999999999943e+02 -9.951000000000000512e+01 -1.426519999999999982e+03
1.470099999999999909e+02 -9.393000000000000682e+01 -1.426600000000000136e+03
1.470099999999999909e+02 -9.393000000000000682e+01 -1.426600000000000136e+03
1.462000000000000171e+02 -8.807000000000000739e+01 -1.426600000000000136e+03
1.462000000000000171e+02 -8.807000000000000739e+01 -1.426600000000000136e+03
1.457299999999999898e+02 -8.237000000000000455e+01 -1.426569999999999936e+03
1.457299999999999898e+02 -8.237000000000000455e+01 -1.426569999999999936e+03
1.457299999999999898e+02 -8.237000000000000455e+01 -1.426569999999999936e+03
1.455699999999999932e+02 -7.771999999999999886e+01 -1.426529999999999973e+03
1.455699999999999932e+02 -7.771999999999999886e+01 -1.426529999999999973e+03
1.455699999999999932e+02 -7.771999999999999886e+01 -1.426529999999999973e+03
1.456400000000000148e+02 -7.950000000000000000e+01 -1.426490000000000009e+03
1.456400000000000148e+02 -7.950000000000000000e+01 -1.426490000000000009e+03
1.456400000000000148e+02 -7.950000000000000000e+01 -1.426490000000000009e+03
1.460099999999999909e+02 -8.532000000000000739e+01 -1.426640000000000100e+03
1.460099999999999909e+02 -8.532000000000000739e+01 -1.426640000000000100e+03
1.460099999999999909e+02 -8.532000000000000739e+01 -1.426640000000000100e+03
1.466200000000000045e+02 -9.110000000000000853e+01 -1.426589999999999918e+03
1.466200000000000045e+02 -9.110000000000000853e+01 -1.426589999999999918e+03
1.466200000000000045e+02 -9.110000000000000853e+01 -1.426589999999999918e+03
1.476200000000000045e+02 -9.693999999999999773e+01 -1.426579999999999927e+03
1.476200000000000045e+02 -9.693999999999999773e+01 -1.426579999999999927e+03
1.488600000000000136e+02 -1.025700000000000074e+02 -1.426400000000000091e+03
1.488600000000000136e+02 -1.025700000000000074e+02 -1.426400000000000091e+03
1.488600000000000136e+02 -1.025700000000000074e+02 -1.426400000000000091e+03
1.504099999999999966e+02 -1.082000000000000028e+02 -1.426329999999999927e+03
1.504099999999999966e+02 -1.082000000000000028e+02 -1.426329999999999927e+03
1.522899999999999920e+02 -1.137199999999999989e+02 -1.426299999999999955e+03
1.522899999999999920e+02 -1.137199999999999989e+02 -1.426299999999999955e+03
1.544399999999999977e+02 -1.190900000000000034e+02 -1.426130000000000109e+03
1.544399999999999977e+02 -1.190900000000000034e+02 -1.426130000000000109e+03
1.544399999999999977e+02 -1.190900000000000034e+02 -1.426130000000000109e+03
1.567899999999999920e+02 -1.241500000000000057e+02 -1.425980000000000018e+03
1.567899999999999920e+02 -1.241500000000000057e+02 -1.425980000000000018e+03
1.595300000000000011e+02 -1.293499999999999943e+02 -1.425769999999999982e+03
1.622899999999999920e+02 -1.339600000000000080e+02 -1.425559999999999945e+03
1.622899999999999920e+02 -1.339600000000000080e+02 -1.425559999999999945e+03
1.622899999999999920e+02 -1.339600000000000080e+02 -1.425559999999999945e+03
1.620000000000000000e+02 -1.334900000000000091e+02 -1.425529999999999973e+03
1.590900000000000034e+02 -1.285600000000000023e+02 -1.425730000000000018e+03
1.590900000000000034e+02 -1.285600000000000023e+02 -1.425730000000000018e+03
1.564799999999999898e+02 -1.235400000000000063e+02 -1.425950000000000045e+03
1.564799999999999898e+02 -1.235400000000000063e+02 -1.425950000000000045e+03
1.564799999999999898e+02 -1.235400000000000063e+02 -1.425950000000000045e+03
1.540999999999999943e+02 -1.183200000000000074e+02 -1.426100000000000136e+03
1.540999999999999943e+02 -1.183200000000000074e+02 -1.426100000000000136e+03
1.519399999999999977e+02 -1.128500000000000085e+02 -1.426259999999999991e+03
1.501200000000000045e+02 -1.073400000000000034e+02 -1.426329999999999927e+03
1.501200000000000045e+02 -1.073400000000000034e+02 -1.426329999999999927e+03
1.501200000000000045e+02 -1.073400000000000034e+02 -1.426329999999999927e+03
1.486100000000000136e+02 -1.017199999999999989e+02 -1.426490000000000009e+03
1.486100000000000136e+02 -1.017199999999999989e+02 -1.426490000000000009e+03
1.474200000000000159e+02 -9.620000000000000284e+01 -1.426519999999999982e+03
1.474200000000000159e+02 -9.620000000000000284e+01 -1.426519999999999982e+03
1.464699999999999989e+02 -9.042000000000000171e+01 -1.426569999999999936e+03
1.464699999999999989e+02 -9.042000000000000171e+01 -1.426569999999999936e+03
1.464699999999999989e+02 -9.042000000000000171e+01 -1.426569999999999936e+03
1.458700000000000045e+02 -8.467000000000000171e+01 -1.426519999999999982e+03
1.458700000000000045e+02 -8.467000000000000171e+01 -1.426519999999999982e+03
1.455900000000000034e+02 -7.898999999999999488e+01 -1.426539999999999964e+03
1.455900000000000034e+02 -7.898999999999999488e+01 -1.426539999999999964e+03
1.455699999999999932e+02 -7.781000000000000227e+01 -1.426559999999999945e+03
1.455699999999999932e+02 -7.781000000000000227e+01 -1.426559999999999945e+03
1.458199999999999932e+02 -8.293999999999999773e+01 -1.426559999999999945e+03
1.458199999999999932e+02 -8.293999999999999773e+01 -1.426559999999999945e+03
1.458199999999999932e+02 -8.293999999999999773e+01 -1.426559999999999945e+03
1.463300000000000125e+02 -8.879000000000000625e+01 -1.426589999999999918e+03
1.463300000000000125e+02 -8.879000000000000625e+01 -1.426589999999999918e+03
1.463300000000000125e+02 -8.879000000000000625e+01 -1.426589999999999918e+03
1.471800000000000068e+02 -9.467000000000000171e+01 -1.426529999999999973e+03
1.471800000000000068e+02 -9.467000000000000171e+01 -1.426529999999999973e+03
1.471800000000000068e+02 -9.467000000000000171e+01 -1.426529999999999973e+03
1.483100000000000023e+02 -1.002900000000000063e+02 -1.426490000000000009e+03
1.483100000000000023e+02 -1.002900000000000063e+02 -1.426490000000000009e+03
1.483100000000000023e+02 -1.002900000000000063e+02 -1.426490000000000009e+03
1.497599999999999909e+02 -1.059500000000000028e+02 -1.426410000000000082e+03
1.514799999999999898e+02 -1.114600000000000080e+02 -1.426299999999999955e+03
1.514799999999999898e+02 -1.114600000000000080e+02 -1.426299999999999955e+03
1.535500000000000114e+02 -1.169900000000000091e+02 -1.426160000000000082e+03
1.535500000000000114e+02 -1.169900000000000091e+02 -1.426160000000000082e+03
1.535500000000000114e+02 -1.169900000000000091e+02 -1.426160000000000082e+03
1.558100000000000023e+02 -1.221500000000000057e+02 -1.425980000000000018e+03
1.558100000000000023e+02 -1.221500000000000057e+02 -1.425980000000000018e+03
1.558100000000000023e+02 -1.221500000000000057e+02 -1.425980000000000018e+03
1.584000000000000057e+02 -1.272999999999999972e+02 -1.425870000000000118e+03
1.584000000000000057e+02 -1.272999999999999972e+02 -1.425870000000000118e+03
1.612899999999999920e+02 -1.323700000000000045e+02 -1.425579999999999927e+03
1.626100000000000136e+02 -1.344799999999999898e+02 -1.425490000000000009e+03
1.626100000000000136e+02 -1.344799999999999898e+02 -1.425490000000000009e+03
1.602299999999999898e+02 -1.305800000000000125e+02 -1.425579999999999927e+03
1.575099999999999909e+02 -1.256000000000000085e+02 -1.425910000000000082e+03
1.575099999999999909e+02 -1.256000000000000085e+02 -1.425910000000000082e+03
1.575099999999999909e+02 -1.256000000000000085e+02 -1.425910000000000082e+03
1.550300000000000011e+02 -1.204800000000000040e+02 -1.425980000000000018e+03
1.550300000000000011e+02 -1.204800000000000040e+02 -1.425980000000000018e+03
1.527599999999999909e+02 -1.150400000000000063e+02 -1.426140000000000100e+03
1.508100000000000023e+02 -1.095400000000000063e+02 -1.426309999999999945e+03
1.508100000000000023e+02 -1.095400000000000063e+02 -1.426309999999999945e+03
1.508100000000000023e+02 -1.095400000000000063e+02 -1.426309999999999945e+03
1.491700000000000159e+02 -1.039699999999999989e+02 -1.426390000000000100e+03
1.491700000000000159e+02 -1.039699999999999989e+02 -1.426390000000000100e+03
1.478499999999999943e+02 -9.843999999999999773e+01 -1.426440000000000055e+03
1.478499999999999943e+02 -9.843999999999999773e+01 -1.426440000000000055e+03
1.478499999999999943e+02 -9.843999999999999773e+01 -1.426440000000000055e+03
1.468000000000000114e+02 -9.273000000000000398e+01 -1.426559999999999945e+03
1.468000000000000114e+02 -9.273000000000000398e+01 -1.426559999999999945e+03
1.468000000000000114e+02 -9.273000000000000398e+01 -1.426559999999999945e+03
1.460800000000000125e+02 -8.698999999999999488e+01 -1.426539999999999964e+03
1.460800000000000125e+02 -8.698999999999999488e+01 -1.426539999999999964e+03
1.460800000000000125e+02 -8.698999999999999488e+01 -1.426539999999999964e+03
1.456599999999999966e+02 -8.126000000000000512e+01 -1.426500000000000000e+03
1.456599999999999966e+02 -8.126000000000000512e+01 -1.426500000000000000e+03
1.455800000000000125e+02 -7.768999999999999773e+01 -1.426589999999999918e+03
1.455800000000000125e+02 -7.768999999999999773e+01 -1.426589999999999918e+03
1.455800000000000125e+02 -7.768999999999999773e+01 -1.426589999999999918e+03
1.456899999999999977e+02 -8.059000000000000341e+01 -1.426519999999999982e+03
1.456899999999999977e+02 -8.059000000000000341e+01 -1.426519999999999982e+03
1.456899999999999977e+02 -8.059000000000000341e+01 -1.426519999999999982e+03
1.460900000000000034e+02 -8.646999999999999886e+01 -1.426620000000000118e+03
1.468000000000000114e+02 -9.234000000000000341e+01 -1.426600000000000136e+03
1.468000000000000114e+02 -9.234000000000000341e+01 -1.426600000000000136e+03
1.468000000000000114e+02 -9.234000000000000341e+01 -1.426600000000000136e+03
1.478100000000000023e+02 -9.796999999999999886e+01 -1.426539999999999964e+03
1.478100000000000023e+02 -9.796999999999999886e+01 -1.426539999999999964e+03
1.478100000000000023e+02 -9.796999999999999886e+01 -1.426539999999999964e+03
1.491299999999999955e+02 -1.037000000000000028e+02 -1.426360000000000127e+03
1.491299999999999955e+02 -1.037000000000000028e+02 -1.426360000000000127e+03
1.491299999999999955e+02 -1.037000000000000028e+02 -1.426360000000000127e+03
1.507400000000000091e+02 -1.092199999999999989e+02 -1.426400000000000091e+03
1.507400000000000091e+02 -1.092199999999999989e+02 -1.426400000000000091e+03
1.507400000000000091e+02 -1.092199999999999989e+02 -1.426400000000000091e+03
1.527100000000000080e+02 -1.148200000000000074e+02 -1.426240000000000009e+03
1.527100000000000080e+02 -1.148200000000000074e+02 -1.426240000000000009e+03
1.527100000000000080e+02 -1.148200000000000074e+02 -1.426240000000000009e+03
1.548600000000000136e+02 -1.200600000000000023e+02 -1.426089999999999918e+03
1.573400000000000034e+02 -1.252600000000000051e+02 -1.425900000000000091e+03
1.573400000000000034e+02 -1.252600000000000051e+02 -1.425900000000000091e+03
1.600800000000000125e+02 -1.303300000000000125e+02 -1.425690000000000055e+03
1.600800000000000125e+02 -1.303300000000000125e+02 -1.425690000000000055e+03
1.625699999999999932e+02 -1.344099999999999966e+02 -1.425509999999999991e+03
1.625699999999999932e+02 -1.344099999999999966e+02 -1.425509999999999991e+03
1.625699999999999932e+02 -1.344099999999999966e+02 -1.425509999999999991e+03
1.614099999999999966e+02 -1.325399999999999920e+02 -1.425519999999999982e+03
1.614099999999999966e+02 -1.325399999999999920e+02 -1.425519999999999982e+03
1.614099999999999966e+02 -1.325399999999999920e+02 -1.425519999999999982e+03
1.585300000000000011e+02 -1.275700000000000074e+02 -1.425750000000000000e+03
1.585300000000000011e+02 -1.275700000000000074e+02 -1.425750000000000000e+03
1.585300000000000011e+02 -1.275700000000000074e+02 -1.425750000000000000e+03
1.560399999999999920e+02 -1.226299999999999955e+02 -1.425990000000000009e+03
1.560399999999999920e+02 -1.226299999999999955e+02 -1.425990000000000009e+03
1.536299999999999955e+02 -1.172199999999999989e+02 -1.426069999999999936e+03
1.515800000000000125e+02 -1.117999999999999972e+02 -1.426299999999999955e+03
1.515800000000000125e+02 -1.117999999999999972e+02 -1.426299999999999955e+03
1.515800000000000125e+02 -1.117999999999999972e+02 -1.426299999999999955e+03
1.497899999999999920e+02 -1.062100000000000080e+02 -1.426430000000000064e+03
1.497899999999999920e+02 -1.062100000000000080e+02 -1.426430000000000064e+03
1.497899999999999920e+02 -1.062100000000000080e+02 -1.426430000000000064e+03
1.483499999999999943e+02 -1.006700000000000017e+02 -1.426450000000000045e+03
1.483499999999999943e+02 -1.006700000000000017e+02 -1.426450000000000045e+03
1.483499999999999943e+02 -1.006700000000000017e+02 -1.426450000000000045e+03
1.471899999999999977e+02 -9.503000000000000114e+01 -1.426569999999999936e+03
1.471899999999999977e+02 -9.503000000000000114e+01 -1.426569999999999936e+03
1.471899999999999977e+02 -9.503000000000000114e+01 -1.426569999999999936e+03
1.463400000000000034e+02 -8.935000000000000853e+01 -1.426519999999999982e+03
1.463400000000000034e+02 -8.935000000000000853e+01 -1.426519999999999982e+03
1.463400000000000034e+02 -8.935000000000000853e+01 -1.426519999999999982e+03
1.457800000000000011e+02 -8.350000000000000000e+01 -1.426519999999999982e+03
1.457800000000000011e+02 -8.350000000000000000e+01 -1.426519999999999982e+03
1.457800000000000011e+02 -8.350000000000000000e+01 -1.426519999999999982e+03
1.455699999999999932e+02 -7.831000000000000227e+01 -1.426470000000000027e+03
1.455699999999999932e+02 -7.831000000000000227e+01 -1.426470000000000027e+03
1.455699999999999932e+02 -7.831000000000000227e+01 -1.426470000000000027e+03
1.455900000000000034e+02 -7.865999999999999659e+01 -1.426480000000000018e+03
1.455900000000000034e+02 -7.865999999999999659e+01 -1.426480000000000018e+03
1.455900000000000034e+02 -7.865999999999999659e+01 -1.426480000000000018e+03
1.458900000000000148e+02 -8.406000000000000227e+01 -1.426579999999999927e+03
1.458900000000000148e+02 -8.406000000000000227e+01 -1.426579999999999927e+03
1.464799999999999898e+02 -9.003000000000000114e+01 -1.426539999999999964e+03
1.464799999999999898e+02 -9.003000000000000114e+01 -1.426539999999999964e+03
1.473600000000000136e+02 -9.571999999999999886e+01 -1.426519999999999982e+03
1.473600000000000136e+02 -9.571999999999999886e+01 -1.426519999999999982e+03
1.473600000000000136e+02 -9.571999999999999886e+01 -1.426519999999999982e+03
1.485900000000000034e+02 -1.014600000000000080e+02 -1.426500000000000000e+03
1.485900000000000034e+02 -1.014600000000000080e+02 -1.426500000000000000e+03
1.500500000000000114e+02 -1.069900000000000091e+02 -1.426350000000000136e+03
1.500500000000000114e+02 -1.069900000000000091e+02 -1.426350000000000136e+03
1.518900000000000148e+02 -1.126500000000000057e+02 -1.426269999999999982e+03
1.518900000000000148e+02 -1.126500000000000057e+02 -1.426269999999999982e+03
1.518900000000000148e+02 -1.126500000000000057e+02 -1.426269999999999982e+03
1.539300000000000068e+02 -1.179200000000000017e+02 -1.426220000000000027e+03
1.539300000000000068e+02 -1.179200000000000017e+02 -1.426220000000000027e+03
1.563100000000000023e+02 -1.232000000000000028e+02 -1.425960000000000036e+03
1.563100000000000023e+02 -1.232000000000000028e+02 -1.425960000000000036e+03
1.563100000000000023e+02 -1.232000000000000028e+02 -1.425960000000000036e+03
1.589399999999999977e+02 -1.282899999999999920e+02 -1.425809999999999945e+03
1.589399999999999977e+02 -1.282899999999999920e+02 -1.425809999999999945e+03
1.589399999999999977e+02 -1.282899999999999920e+02 -1.425809999999999945e+03
1.618799999999999955e+02 -1.333199999999999932e+02 -1.425620000000000118e+03
1.618799999999999955e+02 -1.333199999999999932e+02 -1.425620000000000118e+03
1.624399999999999977e+02 -1.341999999999999886e+02 -1.425519999999999982e+03
1.624399999999999977e+02 -1.341999999999999886e+02 -1.425519999999999982e+03
1.596400000000000148e+02 -1.295600000000000023e+02 -1.425690000000000055e+03
1.596400000000000148e+02 -1.295600000000000023e+02 -1.425690000000000055e+03
1.596400000000000148e+02 -1.295600000000000023e+02 -1.425690000000000055e+03
1.569699999999999989e+02 -1.245799999999999983e+02 -1.425819999999999936e+03
1.569699999999999989e+02 -1.245799999999999983e+02 -1.425819999999999936e+03
1.569699999999999989e+02 -1.245799999999999983e+02 -1.425819999999999936e+03
1.545500000000000114e+02 -1.194000000000000057e+02 -1.426019999999999982e+03
1.545500000000000114e+02 -1.194000000000000057e+02 -1.426019999999999982e+03
1.545500000000000114e+02 -1.194000000000000057e+02 -1.426019999999999982e+03
1.523799999999999955e+02 -1.140499999999999972e+02 -1.426160000000000082e+03
1.504600000000000080e+02 -1.084600000000000080e+02 -1.426259999999999991e+03
1.504600000000000080e+02 -1.084600000000000080e+02 -1.426259999999999991e+03
1.488900000000000148e+02 -1.029099999999999966e+02 -1.426390000000000100e+03
1.475999999999999943e+02 -9.724000000000000909e+01 -1.426460000000000036e+03
1.475999999999999943e+02 -9.724000000000000909e+01 -1.426460000000000036e+03
1.475999999999999943e+02 -9.724000000000000909e+01 -1.426460000000000036e+03
1.466299999999999955e+02 -9.165000000000000568e+01 -1.426509999999999991e+03
1.466299999999999955e+02 -9.165000000000000568e+01 -1.426509999999999991e+03
1.466299999999999955e+02 -9.165000000000000568e+01 -1.426509999999999991e+03
1.459699999999999989e+02 -8.579999999999999716e+01 -1.426559999999999945e+03
1.459699999999999989e+02 -8.579999999999999716e+01 -1.426559999999999945e+03
1.459699999999999989e+02 -8.579999999999999716e+01 -1.426559999999999945e+03
1.456200000000000045e+02 -8.012000000000000455e+01 -1.426519999999999982e+03
1.456200000000000045e+02 -8.012000000000000455e+01 -1.426519999999999982e+03
1.456200000000000045e+02 -8.012000000000000455e+01 -1.426519999999999982e+03
1.455699999999999932e+02 -7.773000000000000398e+01 -1.426559999999999945e+03
1.455699999999999932e+02 -7.773000000000000398e+01 -1.426559999999999945e+03
1.457500000000000000e+02 -8.168999999999999773e+01 -1.426539999999999964e+03
1.462100000000000080e+02 -8.765000000000000568e+01 -1.426589999999999918e+03
1.462100000000000080e+02 -8.765000000000000568e+01 -1.426589999999999918e+03
1.469699999999999989e+02 -9.339000000000000057e+01 -1.426549999999999955e+03
1.469699999999999989e+02 -9.339000000000000057e+01 -1.426549999999999955e+03
1.469699999999999989e+02 -9.339000000000000057e+01 -1.426549999999999955e+03
1.480600000000000023e+02 -9.920000000000000284e+01 -1.426509999999999991e+03
1.480600000000000023e+02 -9.920000000000000284e+01 -1.426509999999999991e+03
1.480600000000000023e+02 -9.920000000000000284e+01 -1.426509999999999991e+03
1.494099999999999966e+02 -1.047500000000000000e+02 -1.426390000000000100e+03
1.494099999999999966e+02 -1.047500000000000000e+02 -1.426390000000000100e+03
1.494099999999999966e+02 -1.047500000000000000e+02 -1.426390000000000100e+03
1.511100000000000136e+02 -1.104000000000000057e+02 -1.426289999999999964e+03
1.511100000000000136e+02 -1.104000000000000057e+02 -1.426289999999999964e+03
1.511100000000000136e+02 -1.104000000000000057e+02 -1.426289999999999964e+03
1.530699999999999932e+02 -1.158100000000000023e+02 -1.426130000000000109e+03
1.530699999999999932e+02 -1.158100000000000023e+02 -1.426130000000000109e+03
1.530699999999999932e+02 -1.158100000000000023e+02 -1.426130000000000109e+03
1.553499999999999943e+02 -1.211599999999999966e+02 -1.426049999999999955e+03
1.553499999999999943e+02 -1.211599999999999966e+02 -1.426049999999999955e+03
1.553499999999999943e+02 -1.211599999999999966e+02 -1.426049999999999955e+03
1.578100000000000023e+02 -1.261899999999999977e+02 -1.425870000000000118e+03
1.578100000000000023e+02 -1.261899999999999977e+02 -1.425870000000000118e+03
1.578100000000000023e+02 -1.261899999999999977e+02 -1.425870000000000118e+03
1.607199999999999989e+02 -1.314099999999999966e+02 -1.425710000000000036e+03
1.607199999999999989e+02 -1.314099999999999966e+02 -1.425710000000000036e+03
1.607199999999999989e+02 -1.314099999999999966e+02 -1.425710000000000036e+03
1.632100000000000080e+02 -1.354200000000000159e+02 -1.425480000000000018e+03
1.632100000000000080e+02 -1.354200000000000159e+02 -1.425480000000000018e+03
1.636500000000000057e+02 -1.360800000000000125e+02 -1.425370000000000118e+03
