0.000000000000000000e+00 1.307130438505074035e-311 0.000000000000000000e+00
1.802800000000000011e+02 -1.617299999999999898e+02 -1.421910000000000082e+03
1.802800000000000011e+02 -1.617299999999999898e+02 -1.421910000000000082e+03
1.792500000000000000e+02 -1.607599999999999909e+02 -1.422069999999999936e+03
1.766899999999999977e+02 -1.585600000000000023e+02 -1.422230000000000018e+03
1.743799999999999955e+02 -1.561299999999999955e+02 -1.422430000000000064e+03
1.728799999999999955e+02 -1.544699999999999989e+02 -1.422569999999999936e+03
1.705900000000000034e+02 -1.518900000000000148e+02 -1.422769999999999982e+03
1.683199999999999932e+02 -1.491899999999999977e+02 -1.422990000000000009e+03
1.668400000000000034e+02 -1.473499999999999943e+02 -1.423049999999999955e+03
1.647299999999999898e+02 -1.445500000000000114e+02 -1.423339999999999918e+03
1.626500000000000057e+02 -1.416100000000000136e+02 -1.423360000000000127e+03
1.613300000000000125e+02 -1.396200000000000045e+02 -1.423450000000000045e+03
1.594600000000000080e+02 -1.366299999999999955e+02 -1.423630000000000109e+03
1.577299999999999898e+02 -1.336400000000000148e+02 -1.423769999999999982e+03
1.566299999999999955e+02 -1.316100000000000136e+02 -1.423870000000000118e+03
1.550999999999999943e+02 -1.286200000000000045e+02 -1.424019999999999982e+03
1.536400000000000148e+02 -1.255400000000000063e+02 -1.424100000000000136e+03
1.526800000000000068e+02 -1.234000000000000057e+02 -1.424309999999999945e+03
1.513400000000000034e+02 -1.201599999999999966e+02 -1.424440000000000055e+03
1.500999999999999943e+02 -1.168799999999999955e+02 -1.424539999999999964e+03
1.493400000000000034e+02 -1.146400000000000006e+02 -1.424650000000000091e+03
1.483000000000000114e+02 -1.113100000000000023e+02 -1.424799999999999955e+03
1.473700000000000045e+02 -1.079699999999999989e+02 -1.424850000000000136e+03
1.468300000000000125e+02 -1.057199999999999989e+02 -1.424730000000000018e+03
1.461200000000000045e+02 -1.023500000000000085e+02 -1.424769999999999982e+03
1.455000000000000000e+02 -9.900000000000000000e+01 -1.424789999999999964e+03
1.451599999999999966e+02 -9.670000000000000284e+01 -1.424819999999999936e+03
1.447100000000000080e+02 -9.323999999999999488e+01 -1.424930000000000064e+03
1.443900000000000148e+02 -8.973999999999999488e+01 -1.424930000000000064e+03
1.442000000000000171e+02 -8.743999999999999773e+01 -1.424880000000000109e+03
1.440200000000000102e+02 -8.387999999999999545e+01 -1.424789999999999964e+03
1.440099999999999909e+02 -8.031000000000000227e+01 -1.424730000000000018e+03
1.440699999999999932e+02 -7.793000000000000682e+01 -1.424769999999999982e+03
1.442299999999999898e+02 -7.443000000000000682e+01 -1.424720000000000027e+03
1.445300000000000011e+02 -7.098000000000000398e+01 -1.424720000000000027e+03
1.447899999999999920e+02 -6.870000000000000284e+01 -1.424600000000000136e+03
1.452599999999999909e+02 -6.531000000000000227e+01 -1.424650000000000091e+03
1.458499999999999943e+02 -6.189999999999999858e+01 -1.424640000000000100e+03
1.463000000000000114e+02 -5.962000000000000455e+01 -1.424579999999999927e+03
1.470600000000000023e+02 -5.625999999999999801e+01 -1.424559999999999945e+03
1.478600000000000136e+02 -5.306000000000000227e+01 -1.424519999999999982e+03
1.476599999999999966e+02 -5.388000000000000256e+01 -1.424509999999999991e+03
1.469900000000000091e+02 -5.675999999999999801e+01 -1.424490000000000009e+03
1.462800000000000011e+02 -6.010000000000000142e+01 -1.424490000000000009e+03
1.458199999999999932e+02 -6.237000000000000455e+01 -1.424600000000000136e+03
1.452599999999999909e+02 -6.576000000000000512e+01 -1.424559999999999945e+03
1.447899999999999920e+02 -6.918999999999999773e+01 -1.424569999999999936e+03
1.445399999999999920e+02 -7.150000000000000000e+01 -1.424650000000000091e+03
1.442700000000000102e+02 -7.496000000000000796e+01 -1.424700000000000045e+03
1.441500000000000057e+02 -7.721999999999999886e+01 -1.424690000000000055e+03
1.440500000000000114e+02 -8.073000000000000398e+01 -1.424690000000000055e+03
1.440900000000000034e+02 -8.426999999999999602e+01 -1.424690000000000055e+03
1.442700000000000102e+02 -8.778000000000000114e+01 -1.424799999999999955e+03
1.444699999999999989e+02 -9.017000000000000171e+01 -1.424910000000000082e+03
1.448100000000000023e+02 -9.368999999999999773e+01 -1.424880000000000109e+03
1.452599999999999909e+02 -9.717000000000000171e+01 -1.424880000000000109e+03
1.456200000000000045e+02 -9.946000000000000796e+01 -1.424819999999999936e+03
1.462500000000000000e+02 -1.028900000000000006e+02 -1.424710000000000036e+03
1.467299999999999898e+02 -1.051299999999999955e+02 -1.424710000000000036e+03
1.475300000000000011e+02 -1.085199999999999960e+02 -1.424789999999999964e+03
1.484900000000000091e+02 -1.119200000000000017e+02 -1.424710000000000036e+03
1.491899999999999977e+02 -1.141500000000000057e+02 -1.424640000000000100e+03
1.503400000000000034e+02 -1.174699999999999989e+02 -1.424549999999999955e+03
1.515800000000000125e+02 -1.207199999999999989e+02 -1.424410000000000082e+03
1.524600000000000080e+02 -1.228400000000000034e+02 -1.424329999999999927e+03
1.538400000000000034e+02 -1.259500000000000028e+02 -1.424100000000000136e+03
1.553199999999999932e+02 -1.290200000000000102e+02 -1.424049999999999955e+03
1.563499999999999943e+02 -1.310399999999999920e+02 -1.423839999999999918e+03
1.580300000000000011e+02 -1.341500000000000057e+02 -1.423779999999999973e+03
1.592100000000000080e+02 -1.361800000000000068e+02 -1.423610000000000127e+03
1.610900000000000034e+02 -1.392500000000000000e+02 -1.423430000000000064e+03
1.630699999999999932e+02 -1.422199999999999989e+02 -1.423339999999999918e+03
1.644399999999999977e+02 -1.441500000000000057e+02 -1.423279999999999973e+03
1.665699999999999932e+02 -1.470200000000000102e+02 -1.423110000000000127e+03
1.687599999999999909e+02 -1.497599999999999909e+02 -1.422940000000000055e+03
1.702500000000000000e+02 -1.515200000000000102e+02 -1.422789999999999964e+03
1.725000000000000000e+02 -1.540999999999999943e+02 -1.422569999999999936e+03
1.740500000000000114e+02 -1.557800000000000011e+02 -1.422490000000000009e+03
1.762899999999999920e+02 -1.581899999999999977e+02 -1.422360000000000127e+03
1.790300000000000011e+02 -1.605800000000000125e+02 -1.422140000000000100e+03
1.797899999999999920e+02 -1.612700000000000102e+02 -1.422049999999999955e+03
1.773799999999999955e+02 -1.592700000000000102e+02 -1.422200000000000045e+03
1.751100000000000136e+02 -1.569099999999999966e+02 -1.422390000000000100e+03
1.736200000000000045e+02 -1.552899999999999920e+02 -1.422480000000000018e+03
1.713600000000000136e+02 -1.527599999999999909e+02 -1.422730000000000018e+03
1.690600000000000023e+02 -1.500900000000000034e+02 -1.422920000000000073e+03
1.675900000000000034e+02 -1.482800000000000011e+02 -1.423029999999999973e+03
1.654099999999999966e+02 -1.454699999999999989e+02 -1.423190000000000055e+03
1.633400000000000034e+02 -1.425999999999999943e+02 -1.423319999999999936e+03
1.619900000000000091e+02 -1.406200000000000045e+02 -1.423390000000000100e+03
1.600800000000000125e+02 -1.376299999999999955e+02 -1.423509999999999991e+03
1.588700000000000045e+02 -1.356299999999999955e+02 -1.423650000000000091e+03
1.572000000000000171e+02 -1.326299999999999955e+02 -1.423829999999999927e+03
1.556200000000000045e+02 -1.296299999999999955e+02 -1.423990000000000009e+03
1.546200000000000045e+02 -1.276300000000000097e+02 -1.424069999999999936e+03
1.531599999999999966e+02 -1.245000000000000000e+02 -1.424190000000000055e+03
1.517700000000000102e+02 -1.212400000000000091e+02 -1.424390000000000100e+03
1.509300000000000068e+02 -1.191000000000000085e+02 -1.424519999999999982e+03
1.497100000000000080e+02 -1.157900000000000063e+02 -1.424620000000000118e+03
1.486100000000000136e+02 -1.124200000000000017e+02 -1.424670000000000073e+03
1.479799999999999898e+02 -1.102100000000000080e+02 -1.424779999999999973e+03
1.470800000000000125e+02 -1.068599999999999994e+02 -1.424740000000000009e+03
1.463499999999999943e+02 -1.035100000000000051e+02 -1.424799999999999955e+03
1.459000000000000057e+02 -1.012800000000000011e+02 -1.424789999999999964e+03
1.453199999999999932e+02 -9.787999999999999545e+01 -1.424880000000000109e+03
1.448400000000000034e+02 -9.442000000000000171e+01 -1.424940000000000055e+03
1.445800000000000125e+02 -9.210000000000000853e+01 -1.424870000000000118e+03
1.442899999999999920e+02 -8.860999999999999943e+01 -1.424890000000000100e+03
1.440699999999999932e+02 -8.509000000000000341e+01 -1.424789999999999964e+03
1.440000000000000000e+02 -8.268000000000000682e+01 -1.424789999999999964e+03
1.440300000000000011e+02 -7.914000000000000057e+01 -1.424730000000000018e+03
1.441800000000000068e+02 -7.562000000000000455e+01 -1.424799999999999955e+03
1.444200000000000159e+02 -7.217000000000000171e+01 -1.424720000000000027e+03
1.446500000000000057e+02 -6.987000000000000455e+01 -1.424720000000000027e+03
1.450999999999999943e+02 -6.646000000000000796e+01 -1.424759999999999991e+03
1.456500000000000057e+02 -6.306000000000000227e+01 -1.424690000000000055e+03
1.460699999999999932e+02 -6.078000000000000114e+01 -1.424569999999999936e+03
1.468000000000000114e+02 -5.735000000000000142e+01 -1.424600000000000136e+03
1.476100000000000136e+02 -5.402000000000000313e+01 -1.424470000000000027e+03
1.478700000000000045e+02 -5.306000000000000227e+01 -1.424620000000000118e+03
1.472899999999999920e+02 -5.563000000000000256e+01 -1.424490000000000009e+03
1.467599999999999909e+02 -5.782000000000000028e+01 -1.424509999999999991e+03
1.460500000000000114e+02 -6.121000000000000085e+01 -1.424519999999999982e+03
1.454399999999999977e+02 -6.459000000000000341e+01 -1.424610000000000127e+03
1.450999999999999943e+02 -6.687999999999999545e+01 -1.424610000000000127e+03
1.446599999999999966e+02 -7.034000000000000341e+01 -1.424610000000000127e+03
1.443700000000000045e+02 -7.376000000000000512e+01 -1.424750000000000000e+03
1.442199999999999989e+02 -7.606000000000000227e+01 -1.424650000000000091e+03
1.440900000000000034e+02 -7.956000000000000227e+01 -1.424720000000000027e+03
1.440600000000000023e+02 -8.301999999999999602e+01 -1.424730000000000018e+03
1.441299999999999955e+02 -8.537999999999999545e+01 -1.424759999999999991e+03
1.443499999999999943e+02 -8.895000000000000284e+01 -1.424839999999999918e+03
1.446700000000000159e+02 -9.248999999999999488e+01 -1.424839999999999918e+03
1.449300000000000068e+02 -9.482000000000000739e+01 -1.424860000000000127e+03
1.454399999999999977e+02 -9.834000000000000341e+01 -1.424839999999999918e+03
1.460300000000000011e+02 -1.017300000000000040e+02 -1.424799999999999955e+03
1.464699999999999989e+02 -1.039900000000000091e+02 -1.424740000000000009e+03
1.472599999999999909e+02 -1.073799999999999955e+02 -1.424680000000000064e+03
1.481500000000000057e+02 -1.107699999999999960e+02 -1.424819999999999936e+03
1.488199999999999932e+02 -1.130100000000000051e+02 -1.424650000000000091e+03
1.499399999999999977e+02 -1.163599999999999994e+02 -1.424589999999999918e+03
1.511400000000000148e+02 -1.196099999999999994e+02 -1.424440000000000055e+03
1.519900000000000091e+02 -1.217400000000000091e+02 -1.424329999999999927e+03
1.533700000000000045e+02 -1.249200000000000017e+02 -1.424170000000000073e+03
1.543300000000000125e+02 -1.269800000000000040e+02 -1.424089999999999918e+03
1.558100000000000023e+02 -1.300099999999999909e+02 -1.423930000000000064e+03
1.574600000000000080e+02 -1.331100000000000136e+02 -1.423850000000000136e+03
1.586100000000000136e+02 -1.351599999999999966e+02 -1.423710000000000036e+03
1.604399999999999977e+02 -1.382199999999999989e+02 -1.423539999999999964e+03
1.624000000000000057e+02 -1.412500000000000000e+02 -1.423400000000000091e+03
1.637400000000000091e+02 -1.431800000000000068e+02 -1.423329999999999927e+03
1.658300000000000125e+02 -1.460500000000000114e+02 -1.423200000000000045e+03
1.680500000000000114e+02 -1.488600000000000136e+02 -1.423039999999999964e+03
1.694900000000000091e+02 -1.506400000000000148e+02 -1.422839999999999918e+03
1.717599999999999909e+02 -1.532599999999999909e+02 -1.422690000000000055e+03
1.740300000000000011e+02 -1.557700000000000102e+02 -1.422480000000000018e+03
1.755399999999999920e+02 -1.573900000000000148e+02 -1.422430000000000064e+03
1.778499999999999943e+02 -1.597599999999999909e+02 -1.422259999999999991e+03
1.797800000000000011e+02 -1.612599999999999909e+02 -1.422039999999999964e+03
1.780699999999999932e+02 -1.599300000000000068e+02 -1.422210000000000036e+03
1.759000000000000057e+02 -1.577299999999999898e+02 -1.422360000000000127e+03
1.736400000000000148e+02 -1.553100000000000023e+02 -1.422490000000000009e+03
1.721400000000000148e+02 -1.536299999999999955e+02 -1.422600000000000136e+03
1.698300000000000125e+02 -1.509900000000000091e+02 -1.422809999999999945e+03
1.675999999999999943e+02 -1.483000000000000114e+02 -1.423029999999999973e+03
1.661299999999999955e+02 -1.464300000000000068e+02 -1.423160000000000082e+03
1.640500000000000114e+02 -1.435900000000000034e+02 -1.423319999999999936e+03
1.620099999999999909e+02 -1.406500000000000057e+02 -1.423440000000000055e+03
1.607299999999999898e+02 -1.386599999999999966e+02 -1.423460000000000036e+03
1.588900000000000148e+02 -1.356500000000000057e+02 -1.423700000000000045e+03
1.577500000000000000e+02 -1.336599999999999966e+02 -1.423759999999999991e+03
1.561400000000000148e+02 -1.306599999999999966e+02 -1.423829999999999927e+03
1.546299999999999955e+02 -1.276500000000000057e+02 -1.424049999999999955e+03
1.536500000000000057e+02 -1.255600000000000023e+02 -1.424170000000000073e+03
1.522500000000000000e+02 -1.223500000000000085e+02 -1.424400000000000091e+03
1.509300000000000068e+02 -1.191200000000000045e+02 -1.424490000000000009e+03
1.501100000000000136e+02 -1.169000000000000057e+02 -1.424569999999999936e+03
1.489900000000000091e+02 -1.135600000000000023e+02 -1.424700000000000045e+03
1.483000000000000114e+02 -1.113299999999999983e+02 -1.424769999999999982e+03
1.473600000000000136e+02 -1.080000000000000000e+02 -1.424789999999999964e+03
1.465900000000000034e+02 -1.046599999999999966e+02 -1.424779999999999973e+03
1.461299999999999955e+02 -1.023900000000000006e+02 -1.424779999999999973e+03
1.455200000000000102e+02 -9.904999999999999716e+01 -1.424839999999999918e+03
1.450000000000000000e+02 -9.560000000000000853e+01 -1.424910000000000082e+03
1.447199999999999989e+02 -9.326000000000000512e+01 -1.424900000000000091e+03
1.443900000000000148e+02 -8.976000000000000512e+01 -1.424920000000000073e+03
1.442100000000000080e+02 -8.748000000000000398e+01 -1.424860000000000127e+03
1.440300000000000011e+02 -8.390999999999999659e+01 -1.424839999999999918e+03
1.440000000000000000e+02 -8.032999999999999829e+01 -1.424680000000000064e+03
1.440699999999999932e+02 -7.796000000000000796e+01 -1.424769999999999982e+03
1.442400000000000091e+02 -7.446999999999999886e+01 -1.424799999999999955e+03
1.445300000000000011e+02 -7.100000000000000000e+01 -1.424710000000000036e+03
1.447700000000000102e+02 -6.873000000000000398e+01 -1.424620000000000118e+03
1.452599999999999909e+02 -6.534999999999999432e+01 -1.424620000000000118e+03
1.456400000000000148e+02 -6.307999999999999829e+01 -1.424660000000000082e+03
1.463100000000000023e+02 -5.963000000000000256e+01 -1.424579999999999927e+03
1.470500000000000114e+02 -5.625000000000000000e+01 -1.424519999999999982e+03
1.476100000000000136e+02 -5.403999999999999915e+01 -1.424480000000000018e+03
1.476800000000000068e+02 -5.385000000000000142e+01 -1.424509999999999991e+03
1.472899999999999920e+02 -5.559000000000000341e+01 -1.424500000000000000e+03
1.465200000000000102e+02 -5.891000000000000369e+01 -1.424500000000000000e+03
1.458400000000000034e+02 -6.232999999999999829e+01 -1.424579999999999927e+03
1.454399999999999977e+02 -6.457000000000000739e+01 -1.424539999999999964e+03
1.449399999999999977e+02 -6.804999999999999716e+01 -1.424650000000000091e+03
1.446700000000000159e+02 -7.031000000000000227e+01 -1.424650000000000091e+03
1.443700000000000045e+02 -7.373999999999999488e+01 -1.424740000000000009e+03
1.441599999999999966e+02 -7.720000000000000284e+01 -1.424710000000000036e+03
1.440900000000000034e+02 -7.953000000000000114e+01 -1.424720000000000027e+03
1.440699999999999932e+02 -8.300000000000000000e+01 -1.424660000000000082e+03
1.441299999999999955e+02 -8.535999999999999943e+01 -1.424769999999999982e+03
1.443600000000000136e+02 -8.893000000000000682e+01 -1.424860000000000127e+03
1.446800000000000068e+02 -9.246999999999999886e+01 -1.424890000000000100e+03
1.449300000000000068e+02 -9.479999999999999716e+01 -1.424860000000000127e+03
1.454300000000000068e+02 -9.832000000000000739e+01 -1.424779999999999973e+03
1.458199999999999932e+02 -1.006000000000000085e+02 -1.424789999999999964e+03
1.464900000000000091e+02 -1.039699999999999989e+02 -1.424730000000000018e+03
1.472700000000000102e+02 -1.073599999999999994e+02 -1.424730000000000018e+03
1.478400000000000034e+02 -1.096200000000000045e+02 -1.424829999999999927e+03
1.488300000000000125e+02 -1.129699999999999989e+02 -1.424670000000000073e+03
1.499300000000000068e+02 -1.163500000000000085e+02 -1.424630000000000109e+03
1.507299999999999898e+02 -1.185400000000000063e+02 -1.424500000000000000e+03
1.519900000000000091e+02 -1.217300000000000040e+02 -1.424370000000000118e+03
1.529000000000000057e+02 -1.238500000000000085e+02 -1.424299999999999955e+03
1.543199999999999932e+02 -1.269699999999999989e+02 -1.424120000000000118e+03
1.558100000000000023e+02 -1.300000000000000000e+02 -1.423970000000000027e+03
1.568700000000000045e+02 -1.320300000000000011e+02 -1.423819999999999936e+03
1.585999999999999943e+02 -1.351599999999999966e+02 -1.423700000000000045e+03
1.598400000000000034e+02 -1.372199999999999989e+02 -1.423620000000000118e+03
1.617299999999999898e+02 -1.402199999999999989e+02 -1.423519999999999982e+03
1.637500000000000000e+02 -1.431800000000000068e+02 -1.423329999999999927e+03
1.651200000000000045e+02 -1.450999999999999943e+02 -1.423230000000000018e+03
1.672800000000000011e+02 -1.479099999999999966e+02 -1.423069999999999936e+03
1.694900000000000091e+02 -1.506400000000000148e+02 -1.422839999999999918e+03
1.710099999999999909e+02 -1.523900000000000148e+02 -1.422759999999999991e+03
1.732500000000000000e+02 -1.549200000000000159e+02 -1.422549999999999955e+03
1.755200000000000102e+02 -1.573700000000000045e+02 -1.422420000000000073e+03
1.770699999999999932e+02 -1.589799999999999898e+02 -1.422269999999999982e+03
1.797299999999999898e+02 -1.612100000000000080e+02 -1.422019999999999982e+03
1.791299999999999955e+02 -1.606299999999999955e+02 -1.422130000000000109e+03
1.766899999999999977e+02 -1.585500000000000114e+02 -1.422250000000000000e+03
1.743900000000000148e+02 -1.561200000000000045e+02 -1.422460000000000036e+03
1.729000000000000057e+02 -1.544799999999999898e+02 -1.422600000000000136e+03
1.705999999999999943e+02 -1.518900000000000148e+02 -1.422730000000000018e+03
1.683499999999999943e+02 -1.492100000000000080e+02 -1.422930000000000064e+03
1.668700000000000045e+02 -1.473700000000000045e+02 -1.423039999999999964e+03
1.647299999999999898e+02 -1.445399999999999920e+02 -1.423240000000000009e+03
1.626599999999999966e+02 -1.416200000000000045e+02 -1.423370000000000118e+03
1.613499999999999943e+02 -1.396400000000000148e+02 -1.423410000000000082e+03
1.594900000000000091e+02 -1.366599999999999966e+02 -1.423630000000000109e+03
1.583199999999999932e+02 -1.346599999999999966e+02 -1.423750000000000000e+03
1.566500000000000057e+02 -1.316400000000000148e+02 -1.423809999999999945e+03
1.551200000000000045e+02 -1.286599999999999966e+02 -1.423990000000000009e+03
1.541599999999999966e+02 -1.266400000000000006e+02 -1.424079999999999927e+03
1.527000000000000171e+02 -1.234300000000000068e+02 -1.424319999999999936e+03
1.513700000000000045e+02 -1.202000000000000028e+02 -1.424480000000000018e+03
1.505300000000000011e+02 -1.180400000000000063e+02 -1.424529999999999973e+03
1.493499999999999943e+02 -1.146700000000000017e+02 -1.424630000000000109e+03
1.486299999999999955e+02 -1.124300000000000068e+02 -1.424660000000000082e+03
1.476800000000000068e+02 -1.090900000000000034e+02 -1.424720000000000027e+03
1.468400000000000034e+02 -1.057699999999999960e+02 -1.424680000000000064e+03
1.463499999999999943e+02 -1.035600000000000023e+02 -1.424769999999999982e+03
1.457100000000000080e+02 -1.002100000000000080e+02 -1.424789999999999964e+03
1.451599999999999966e+02 -9.676999999999999602e+01 -1.424910000000000082e+03
1.448400000000000034e+02 -9.446000000000000796e+01 -1.424890000000000100e+03
1.444799999999999898e+02 -9.098000000000000398e+01 -1.424880000000000109e+03
1.442000000000000171e+02 -8.751000000000000512e+01 -1.424860000000000127e+03
1.440699999999999932e+02 -8.512000000000000455e+01 -1.424829999999999927e+03
1.440099999999999909e+02 -8.156000000000000227e+01 -1.424750000000000000e+03
1.440699999999999932e+02 -7.798999999999999488e+01 -1.424730000000000018e+03
1.441700000000000159e+02 -7.567000000000000171e+01 -1.424779999999999973e+03
1.444200000000000159e+02 -7.220000000000000284e+01 -1.424740000000000009e+03
1.447800000000000011e+02 -6.876999999999999602e+01 -1.424650000000000091e+03
1.450900000000000034e+02 -6.650000000000000000e+01 -1.424710000000000036e+03
1.456299999999999955e+02 -6.309000000000000341e+01 -1.424579999999999927e+03
1.463000000000000114e+02 -5.966000000000000369e+01 -1.424600000000000136e+03
1.467800000000000011e+02 -5.738000000000000256e+01 -1.424549999999999955e+03
1.475900000000000034e+02 -5.405000000000000426e+01 -1.424529999999999973e+03
1.476800000000000068e+02 -5.385999999999999943e+01 -1.424579999999999927e+03
1.472899999999999920e+02 -5.557000000000000028e+01 -1.424440000000000055e+03
1.465300000000000011e+02 -5.888000000000000256e+01 -1.424509999999999991e+03
1.458499999999999943e+02 -6.230000000000000426e+01 -1.424509999999999991e+03
1.454600000000000080e+02 -6.456000000000000227e+01 -1.424569999999999936e+03
1.449500000000000171e+02 -6.804000000000000625e+01 -1.424680000000000064e+03
1.445600000000000023e+02 -7.143000000000000682e+01 -1.424680000000000064e+03
1.443600000000000136e+02 -7.371999999999999886e+01 -1.424720000000000027e+03
1.441500000000000057e+02 -7.718000000000000682e+01 -1.424640000000000100e+03
1.440800000000000125e+02 -7.951999999999999602e+01 -1.424710000000000036e+03
1.440699999999999932e+02 -8.298000000000000398e+01 -1.424700000000000045e+03
1.441899999999999977e+02 -8.653000000000000114e+01 -1.424839999999999918e+03
1.443600000000000136e+02 -8.890999999999999659e+01 -1.424839999999999918e+03
1.446700000000000159e+02 -9.246000000000000796e+01 -1.424900000000000091e+03
1.450900000000000034e+02 -9.596999999999999886e+01 -1.424870000000000118e+03
1.454300000000000068e+02 -9.829999999999999716e+01 -1.424819999999999936e+03
1.460099999999999909e+02 -1.016899999999999977e+02 -1.424740000000000009e+03
1.467299999999999898e+02 -1.050900000000000034e+02 -1.424740000000000009e+03
1.472599999999999909e+02 -1.073400000000000034e+02 -1.424720000000000027e+03
1.481400000000000148e+02 -1.107199999999999989e+02 -1.424789999999999964e+03
1.491800000000000068e+02 -1.140900000000000034e+02 -1.424620000000000118e+03
1.499200000000000159e+02 -1.163200000000000074e+02 -1.424610000000000127e+03
1.511400000000000148e+02 -1.195900000000000034e+02 -1.424490000000000009e+03
1.524399999999999977e+02 -1.227900000000000063e+02 -1.424309999999999945e+03
1.533600000000000136e+02 -1.248900000000000006e+02 -1.424220000000000027e+03
1.547700000000000102e+02 -1.279000000000000057e+02 -1.424029999999999973e+03
1.563400000000000034e+02 -1.310000000000000000e+02 -1.423930000000000064e+03
1.574399999999999977e+02 -1.330600000000000023e+02 -1.423789999999999964e+03
1.591800000000000068e+02 -1.361299999999999955e+02 -1.423620000000000118e+03
1.610600000000000023e+02 -1.391899999999999977e+02 -1.423440000000000055e+03
1.623799999999999955e+02 -1.412000000000000171e+02 -1.423390000000000100e+03
1.644200000000000159e+02 -1.440999999999999943e+02 -1.423319999999999936e+03
1.665399999999999920e+02 -1.469600000000000080e+02 -1.423089999999999918e+03
1.680200000000000102e+02 -1.488199999999999932e+02 -1.423039999999999964e+03
1.702299999999999898e+02 -1.514699999999999989e+02 -1.422809999999999945e+03
1.717299999999999898e+02 -1.532000000000000171e+02 -1.422670000000000073e+03
1.739900000000000091e+02 -1.557100000000000080e+02 -1.422450000000000045e+03
1.762700000000000102e+02 -1.581400000000000148e+02 -1.422380000000000109e+03
1.778199999999999932e+02 -1.597199999999999989e+02 -1.422220000000000027e+03
1.797599999999999909e+02 -1.612299999999999898e+02 -1.421980000000000018e+03
1.774200000000000159e+02 -1.592899999999999920e+02 -1.422240000000000009e+03
1.759099999999999966e+02 -1.577400000000000091e+02 -1.422360000000000127e+03
1.736500000000000057e+02 -1.553100000000000023e+02 -1.422529999999999973e+03
1.713799999999999955e+02 -1.527800000000000011e+02 -1.422690000000000055e+03
1.698400000000000034e+02 -1.510200000000000102e+02 -1.422789999999999964e+03
1.675999999999999943e+02 -1.483000000000000114e+02 -1.422950000000000045e+03
1.654200000000000159e+02 -1.454799999999999898e+02 -1.423220000000000027e+03
1.640399999999999920e+02 -1.435699999999999932e+02 -1.423309999999999945e+03
1.620000000000000000e+02 -1.406200000000000045e+02 -1.423390000000000100e+03
1.600999999999999943e+02 -1.376500000000000057e+02 -1.423559999999999945e+03
1.588900000000000148e+02 -1.356500000000000057e+02 -1.423640000000000100e+03
1.572100000000000080e+02 -1.326599999999999966e+02 -1.423860000000000127e+03
1.561500000000000057e+02 -1.306800000000000068e+02 -1.423940000000000055e+03
1.546500000000000057e+02 -1.276700000000000017e+02 -1.424079999999999927e+03
1.531899999999999977e+02 -1.245300000000000011e+02 -1.424230000000000018e+03
1.522599999999999909e+02 -1.223700000000000045e+02 -1.424370000000000118e+03
1.509500000000000171e+02 -1.191400000000000006e+02 -1.424529999999999973e+03
1.497500000000000000e+02 -1.158200000000000074e+02 -1.424680000000000064e+03
1.490000000000000000e+02 -1.135900000000000034e+02 -1.424650000000000091e+03
1.479799999999999898e+02 -1.102400000000000091e+02 -1.424759999999999991e+03
1.470999999999999943e+02 -1.068799999999999955e+02 -1.424680000000000064e+03
1.465999999999999943e+02 -1.046899999999999977e+02 -1.424779999999999973e+03
1.459099999999999966e+02 -1.013299999999999983e+02 -1.424769999999999982e+03
1.453300000000000125e+02 -9.792000000000000171e+01 -1.424850000000000136e+03
1.450000000000000000e+02 -9.562999999999999545e+01 -1.424980000000000018e+03
1.445800000000000125e+02 -9.215000000000000568e+01 -1.424839999999999918e+03
1.442899999999999920e+02 -8.865999999999999659e+01 -1.424860000000000127e+03
1.441400000000000148e+02 -8.635000000000000853e+01 -1.424819999999999936e+03
1.440200000000000102e+02 -8.271999999999999886e+01 -1.424769999999999982e+03
1.440500000000000114e+02 -7.917000000000000171e+01 -1.424750000000000000e+03
1.441200000000000045e+02 -7.685000000000000853e+01 -1.424700000000000045e+03
1.443300000000000125e+02 -7.334000000000000341e+01 -1.424740000000000009e+03
1.445300000000000011e+02 -7.103000000000000114e+01 -1.424710000000000036e+03
1.449300000000000068e+02 -6.765000000000000568e+01 -1.424620000000000118e+03
1.454399999999999977e+02 -6.423000000000000398e+01 -1.424610000000000127e+03
1.458499999999999943e+02 -6.194000000000000483e+01 -1.424610000000000127e+03
1.465300000000000011e+02 -5.856000000000000227e+01 -1.424539999999999964e+03
1.473300000000000125e+02 -5.518999999999999773e+01 -1.424569999999999936e+03
1.478600000000000136e+02 -5.307999999999999829e+01 -1.424509999999999991e+03
1.475200000000000102e+02 -5.464999999999999858e+01 -1.424500000000000000e+03
1.467800000000000011e+02 -5.771999999999999886e+01 -1.424509999999999991e+03
1.463000000000000114e+02 -5.996999999999999886e+01 -1.424519999999999982e+03
1.456400000000000148e+02 -6.341000000000000369e+01 -1.424539999999999964e+03
1.452700000000000102e+02 -6.570000000000000284e+01 -1.424620000000000118e+03
1.448000000000000114e+02 -6.910000000000000853e+01 -1.424620000000000118e+03
1.445500000000000114e+02 -7.140000000000000568e+01 -1.424680000000000064e+03
1.442800000000000011e+02 -7.485999999999999943e+01 -1.424690000000000055e+03
1.441100000000000136e+02 -7.829999999999999716e+01 -1.424700000000000045e+03
1.440500000000000114e+02 -8.060999999999999943e+01 -1.424559999999999945e+03
1.440800000000000125e+02 -8.415999999999999659e+01 -1.424710000000000036e+03
1.442599999999999909e+02 -8.768999999999999773e+01 -1.424789999999999964e+03
1.444500000000000171e+02 -9.004999999999999716e+01 -1.424839999999999918e+03
1.447700000000000102e+02 -9.359000000000000341e+01 -1.424850000000000136e+03
1.452500000000000000e+02 -9.709000000000000341e+01 -1.424839999999999918e+03
1.455999999999999943e+02 -9.937999999999999545e+01 -1.424789999999999964e+03
1.462400000000000091e+02 -1.027999999999999972e+02 -1.424710000000000036e+03
1.469799999999999898e+02 -1.061700000000000017e+02 -1.424759999999999991e+03
1.475200000000000102e+02 -1.084399999999999977e+02 -1.424799999999999955e+03
1.484799999999999898e+02 -1.118400000000000034e+02 -1.424710000000000036e+03
1.491800000000000068e+02 -1.140600000000000023e+02 -1.424650000000000091e+03
1.503000000000000114e+02 -1.173799999999999955e+02 -1.424519999999999982e+03
1.515399999999999920e+02 -1.206299999999999955e+02 -1.424309999999999945e+03
1.524300000000000068e+02 -1.227600000000000051e+02 -1.424299999999999955e+03
1.538000000000000114e+02 -1.258700000000000045e+02 -1.424130000000000109e+03
1.547700000000000102e+02 -1.279000000000000057e+02 -1.424059999999999945e+03
1.563199999999999932e+02 -1.309799999999999898e+02 -1.423950000000000045e+03
1.579900000000000091e+02 -1.340600000000000023e+02 -1.423759999999999991e+03
1.591700000000000159e+02 -1.361100000000000136e+02 -1.423660000000000082e+03
1.610500000000000114e+02 -1.391700000000000159e+02 -1.423509999999999991e+03
1.630200000000000102e+02 -1.421299999999999955e+02 -1.423360000000000127e+03
1.643799999999999955e+02 -1.440600000000000023e+02 -1.423250000000000000e+03
1.665300000000000011e+02 -1.469399999999999977e+02 -1.423170000000000073e+03
1.687100000000000080e+02 -1.496700000000000159e+02 -1.422920000000000073e+03
1.702100000000000080e+02 -1.514399999999999977e+02 -1.422839999999999918e+03
1.724600000000000080e+02 -1.540300000000000011e+02 -1.422600000000000136e+03
1.747199999999999989e+02 -1.565099999999999909e+02 -1.422450000000000045e+03
1.762400000000000091e+02 -1.581200000000000045e+02 -1.422309999999999945e+03
1.789500000000000171e+02 -1.604900000000000091e+02 -1.422150000000000091e+03
1.791800000000000068e+02 -1.606599999999999966e+02 -1.422100000000000136e+03
1.774699999999999989e+02 -1.593300000000000125e+02 -1.422259999999999991e+03
1.751700000000000159e+02 -1.569600000000000080e+02 -1.422410000000000082e+03
1.736700000000000159e+02 -1.553400000000000034e+02 -1.422470000000000027e+03
1.714000000000000057e+02 -1.528000000000000114e+02 -1.422680000000000064e+03
1.690999999999999943e+02 -1.501299999999999955e+02 -1.422910000000000082e+03
1.676400000000000148e+02 -1.483199999999999932e+02 -1.423000000000000000e+03
1.654600000000000080e+02 -1.455200000000000102e+02 -1.423210000000000036e+03
1.633900000000000148e+02 -1.426500000000000057e+02 -1.423350000000000136e+03
1.620399999999999920e+02 -1.406700000000000159e+02 -1.423420000000000073e+03
1.601200000000000045e+02 -1.376800000000000068e+02 -1.423500000000000000e+03
1.583300000000000125e+02 -1.346899999999999977e+02 -1.423680000000000064e+03
1.572199999999999989e+02 -1.326899999999999977e+02 -1.423779999999999973e+03
1.556400000000000148e+02 -1.296800000000000068e+02 -1.423940000000000055e+03
1.541700000000000159e+02 -1.266700000000000017e+02 -1.424120000000000118e+03
1.531899999999999977e+02 -1.245499999999999972e+02 -1.424279999999999973e+03
1.517899999999999920e+02 -1.212800000000000011e+02 -1.424380000000000109e+03
1.505399999999999920e+02 -1.180600000000000023e+02 -1.424539999999999964e+03
1.497400000000000091e+02 -1.158299999999999983e+02 -1.424610000000000127e+03
1.486400000000000148e+02 -1.124699999999999989e+02 -1.424740000000000009e+03
1.476700000000000159e+02 -1.091400000000000006e+02 -1.424809999999999945e+03
1.471200000000000045e+02 -1.069000000000000057e+02 -1.424750000000000000e+03
1.463700000000000045e+02 -1.035600000000000023e+02 -1.424750000000000000e+03
1.459200000000000159e+02 -1.013400000000000034e+02 -1.424779999999999973e+03
1.453400000000000034e+02 -9.793000000000000682e+01 -1.424880000000000109e+03
1.450099999999999909e+02 -9.562999999999999545e+01 -1.424930000000000064e+03
1.445900000000000034e+02 -9.215000000000000568e+01 -1.424860000000000127e+03
1.443000000000000114e+02 -8.865000000000000568e+01 -1.424880000000000109e+03
1.441400000000000148e+02 -8.635000000000000853e+01 -1.424839999999999918e+03
1.440099999999999909e+02 -8.273000000000000398e+01 -1.424759999999999991e+03
1.440500000000000114e+02 -7.918000000000000682e+01 -1.424769999999999982e+03
1.441200000000000045e+02 -7.685999999999999943e+01 -1.424769999999999982e+03
1.443300000000000125e+02 -7.335999999999999943e+01 -1.424789999999999964e+03
1.446500000000000057e+02 -6.990999999999999659e+01 -1.424680000000000064e+03
1.449300000000000068e+02 -6.765000000000000568e+01 -1.424620000000000118e+03
1.454399999999999977e+02 -6.423999999999999488e+01 -1.424579999999999927e+03
1.460600000000000023e+02 -6.082000000000000028e+01 -1.424519999999999982e+03
1.465300000000000011e+02 -5.856000000000000227e+01 -1.424539999999999964e+03
1.473199999999999932e+02 -5.517000000000000171e+01 -1.424519999999999982e+03
1.478600000000000136e+02 -5.309000000000000341e+01 -1.424539999999999964e+03
1.475099999999999909e+02 -5.466000000000000369e+01 -1.424490000000000009e+03
1.467800000000000011e+02 -5.771000000000000085e+01 -1.424539999999999964e+03
1.463100000000000023e+02 -5.993999999999999773e+01 -1.424579999999999927e+03
1.456500000000000057e+02 -6.339000000000000057e+01 -1.424559999999999945e+03
1.451200000000000045e+02 -6.678000000000000114e+01 -1.424630000000000109e+03
1.448000000000000114e+02 -6.907999999999999829e+01 -1.424630000000000109e+03
1.444500000000000171e+02 -7.254000000000000625e+01 -1.424700000000000045e+03
1.442100000000000080e+02 -7.596999999999999886e+01 -1.424670000000000073e+03
1.441200000000000045e+02 -7.828000000000000114e+01 -1.424700000000000045e+03
1.440600000000000023e+02 -8.176000000000000512e+01 -1.424660000000000082e+03
1.441299999999999955e+02 -8.529999999999999716e+01 -1.424779999999999973e+03
1.442599999999999909e+02 -8.765000000000000568e+01 -1.424819999999999936e+03
1.445300000000000011e+02 -9.121999999999999886e+01 -1.424789999999999964e+03
1.449200000000000159e+02 -9.471999999999999886e+01 -1.424860000000000127e+03
1.452400000000000091e+02 -9.706000000000000227e+01 -1.424799999999999955e+03
1.458000000000000114e+02 -1.005199999999999960e+02 -1.424779999999999973e+03
1.462299999999999898e+02 -1.027900000000000063e+02 -1.424730000000000018e+03
1.469799999999999898e+02 -1.061599999999999966e+02 -1.424700000000000045e+03
1.478199999999999932e+02 -1.095499999999999972e+02 -1.424789999999999964e+03
1.484699999999999989e+02 -1.118200000000000074e+02 -1.424740000000000009e+03
1.495300000000000011e+02 -1.151400000000000006e+02 -1.424650000000000091e+03
1.502899999999999920e+02 -1.173599999999999994e+02 -1.424500000000000000e+03
1.515399999999999920e+02 -1.206299999999999955e+02 -1.424370000000000118e+03
1.524099999999999966e+02 -1.227400000000000091e+02 -1.424269999999999982e+03
1.538000000000000114e+02 -1.258599999999999994e+02 -1.424120000000000118e+03
1.552700000000000102e+02 -1.289300000000000068e+02 -1.423980000000000018e+03
1.563100000000000023e+02 -1.309699999999999989e+02 -1.423940000000000055e+03
1.579900000000000091e+02 -1.340500000000000114e+02 -1.423829999999999927e+03
1.591500000000000057e+02 -1.360900000000000034e+02 -1.423610000000000127e+03
1.610399999999999920e+02 -1.391500000000000057e+02 -1.423450000000000045e+03
1.623499999999999943e+02 -1.411700000000000159e+02 -1.423400000000000091e+03
1.643799999999999955e+02 -1.440600000000000023e+02 -1.423319999999999936e+03
1.665099999999999909e+02 -1.469200000000000159e+02 -1.423130000000000109e+03
1.679900000000000091e+02 -1.487800000000000011e+02 -1.423000000000000000e+03
1.701899999999999977e+02 -1.514300000000000068e+02 -1.422839999999999918e+03
1.724399999999999977e+02 -1.540099999999999909e+02 -1.422600000000000136e+03
1.739699999999999989e+02 -1.556899999999999977e+02 -1.422509999999999991e+03
1.762299999999999898e+02 -1.580999999999999943e+02 -1.422309999999999945e+03
1.789399999999999977e+02 -1.604699999999999989e+02 -1.422140000000000100e+03
1.797500000000000000e+02 -1.612000000000000171e+02 -1.422049999999999955e+03
1.774500000000000171e+02 -1.593199999999999932e+02 -1.422230000000000018e+03
1.759399999999999977e+02 -1.577700000000000102e+02 -1.422360000000000127e+03
1.736800000000000068e+02 -1.553400000000000034e+02 -1.422470000000000027e+03
1.714200000000000159e+02 -1.528100000000000023e+02 -1.422700000000000045e+03
1.698700000000000045e+02 -1.510300000000000011e+02 -1.422769999999999982e+03
1.676500000000000057e+02 -1.483400000000000034e+02 -1.422990000000000009e+03
1.654799999999999898e+02 -1.455399999999999920e+02 -1.423200000000000045e+03
1.640999999999999943e+02 -1.436500000000000057e+02 -1.423299999999999955e+03
1.620500000000000114e+02 -1.406899999999999977e+02 -1.423400000000000091e+03
1.601400000000000148e+02 -1.377100000000000080e+02 -1.423490000000000009e+03
1.589300000000000068e+02 -1.357100000000000080e+02 -1.423630000000000109e+03
1.572400000000000091e+02 -1.326999999999999886e+02 -1.423779999999999973e+03
1.561800000000000068e+02 -1.307199999999999989e+02 -1.423890000000000100e+03
1.546599999999999966e+02 -1.276899999999999977e+02 -1.424049999999999955e+03
1.532000000000000171e+02 -1.245600000000000023e+02 -1.424240000000000009e+03
1.522599999999999909e+02 -1.223900000000000006e+02 -1.424339999999999918e+03
1.509600000000000080e+02 -1.191599999999999966e+02 -1.424470000000000027e+03
1.497500000000000000e+02 -1.158400000000000034e+02 -1.424660000000000082e+03
1.490200000000000102e+02 -1.136200000000000045e+02 -1.424670000000000073e+03
1.480000000000000000e+02 -1.102699999999999960e+02 -1.424809999999999945e+03
1.474000000000000057e+02 -1.080499999999999972e+02 -1.424819999999999936e+03
1.465999999999999943e+02 -1.047100000000000080e+02 -1.424829999999999927e+03
1.459300000000000068e+02 -1.013599999999999994e+02 -1.424779999999999973e+03
1.455300000000000011e+02 -9.910000000000000853e+01 -1.424850000000000136e+03
1.450099999999999909e+02 -9.564000000000000057e+01 -1.424860000000000127e+03
1.445900000000000034e+02 -9.217000000000000171e+01 -1.424850000000000136e+03
1.444000000000000057e+02 -8.982000000000000739e+01 -1.424930000000000064e+03
1.441400000000000148e+02 -8.635999999999999943e+01 -1.424829999999999927e+03
1.440500000000000114e+02 -8.396999999999999886e+01 -1.424839999999999918e+03
1.440000000000000000e+02 -8.035999999999999943e+01 -1.424680000000000064e+03
1.441100000000000136e+02 -7.689000000000000057e+01 -1.424720000000000027e+03
1.442400000000000091e+02 -7.451999999999999602e+01 -1.424730000000000018e+03
1.445300000000000011e+02 -7.104999999999999716e+01 -1.424759999999999991e+03
1.449200000000000159e+02 -6.765999999999999659e+01 -1.424650000000000091e+03
1.452700000000000102e+02 -6.539000000000000057e+01 -1.424660000000000082e+03
1.458400000000000034e+02 -6.196000000000000085e+01 -1.424600000000000136e+03
1.465300000000000011e+02 -5.859000000000000341e+01 -1.424610000000000127e+03
1.470399999999999920e+02 -5.631000000000000227e+01 -1.424500000000000000e+03
1.478600000000000136e+02 -5.309000000000000341e+01 -1.424559999999999945e+03
1.475200000000000102e+02 -5.463000000000000256e+01 -1.424430000000000064e+03
1.470399999999999920e+02 -5.662000000000000455e+01 -1.424529999999999973e+03
1.463000000000000114e+02 -5.992999999999999972e+01 -1.424579999999999927e+03
1.456500000000000057e+02 -6.335999999999999943e+01 -1.424559999999999945e+03
1.452899999999999920e+02 -6.567000000000000171e+01 -1.424650000000000091e+03
1.448000000000000114e+02 -6.906000000000000227e+01 -1.424630000000000109e+03
1.444600000000000080e+02 -7.253000000000000114e+01 -1.424750000000000000e+03
1.442899999999999920e+02 -7.482000000000000739e+01 -1.424740000000000009e+03
1.441200000000000045e+02 -7.826999999999999602e+01 -1.424690000000000055e+03
1.440600000000000023e+02 -8.176000000000000512e+01 -1.424710000000000036e+03
1.440800000000000125e+02 -8.415000000000000568e+01 -1.424759999999999991e+03
1.442599999999999909e+02 -8.764000000000000057e+01 -1.424789999999999964e+03
1.444500000000000171e+02 -9.001999999999999602e+01 -1.424850000000000136e+03
1.447899999999999920e+02 -9.356000000000000227e+01 -1.424829999999999927e+03
1.452299999999999898e+02 -9.704000000000000625e+01 -1.424829999999999927e+03
1.455999999999999943e+02 -9.935999999999999943e+01 -1.424839999999999918e+03
1.462299999999999898e+02 -1.027800000000000011e+02 -1.424759999999999991e+03
1.467100000000000080e+02 -1.050300000000000011e+02 -1.424769999999999982e+03
1.475200000000000102e+02 -1.084000000000000057e+02 -1.424690000000000055e+03
1.481200000000000045e+02 -1.106500000000000057e+02 -1.424740000000000009e+03
1.491599999999999966e+02 -1.140300000000000011e+02 -1.424650000000000091e+03
1.502899999999999920e+02 -1.173500000000000085e+02 -1.424509999999999991e+03
1.510999999999999943e+02 -1.195000000000000000e+02 -1.424390000000000100e+03
1.524099999999999966e+02 -1.227400000000000091e+02 -1.424319999999999936e+03
1.533199999999999932e+02 -1.248299999999999983e+02 -1.424190000000000055e+03
1.547500000000000000e+02 -1.278800000000000097e+02 -1.424049999999999955e+03
1.557700000000000102e+02 -1.299200000000000159e+02 -1.423950000000000045e+03
1.573900000000000148e+02 -1.330000000000000000e+02 -1.423799999999999955e+03
1.585600000000000023e+02 -1.350800000000000125e+02 -1.423710000000000036e+03
1.604000000000000057e+02 -1.381400000000000148e+02 -1.423539999999999964e+03
1.623499999999999943e+02 -1.411700000000000159e+02 -1.423400000000000091e+03
1.637000000000000171e+02 -1.431100000000000136e+02 -1.423360000000000127e+03
1.657500000000000000e+02 -1.459399999999999977e+02 -1.423210000000000036e+03
1.672299999999999898e+02 -1.478400000000000034e+02 -1.423059999999999945e+03
1.694399999999999977e+02 -1.505600000000000023e+02 -1.422870000000000118e+03
1.717100000000000080e+02 -1.531700000000000159e+02 -1.422670000000000073e+03
1.732000000000000171e+02 -1.548499999999999943e+02 -1.422600000000000136e+03
1.754699999999999989e+02 -1.573100000000000023e+02 -1.422430000000000064e+03
1.770300000000000011e+02 -1.589200000000000159e+02 -1.422279999999999973e+03
1.796899999999999977e+02 -1.611599999999999966e+02 -1.422049999999999955e+03
1.781400000000000148e+02 -1.599900000000000091e+02 -1.422210000000000036e+03
1.767299999999999898e+02 -1.585699999999999932e+02 -1.422230000000000018e+03
1.744399999999999977e+02 -1.561599999999999966e+02 -1.422410000000000082e+03
1.721899999999999977e+02 -1.536899999999999977e+02 -1.422640000000000100e+03
1.706500000000000057e+02 -1.519300000000000068e+02 -1.422730000000000018e+03
1.684099999999999966e+02 -1.492599999999999909e+02 -1.422940000000000055e+03
1.669300000000000068e+02 -1.474200000000000159e+02 -1.423100000000000136e+03
1.647899999999999920e+02 -1.445900000000000034e+02 -1.423279999999999973e+03
1.627199999999999989e+02 -1.416800000000000068e+02 -1.423329999999999927e+03
1.614200000000000159e+02 -1.397100000000000080e+02 -1.423440000000000055e+03
1.595500000000000114e+02 -1.367199999999999989e+02 -1.423620000000000118e+03
1.578000000000000114e+02 -1.337199999999999989e+02 -1.423750000000000000e+03
1.567000000000000171e+02 -1.316999999999999886e+02 -1.423740000000000009e+03
1.551599999999999966e+02 -1.286999999999999886e+02 -1.423990000000000009e+03
1.536899999999999977e+02 -1.256300000000000097e+02 -1.424190000000000055e+03
1.527299999999999898e+02 -1.234800000000000040e+02 -1.424289999999999964e+03
1.513900000000000148e+02 -1.202400000000000091e+02 -1.424490000000000009e+03
1.501400000000000148e+02 -1.169699999999999989e+02 -1.424559999999999945e+03
1.493799999999999955e+02 -1.147600000000000051e+02 -1.424660000000000082e+03
1.483199999999999932e+02 -1.114099999999999966e+02 -1.424799999999999955e+03
1.473900000000000148e+02 -1.080700000000000074e+02 -1.424809999999999945e+03
1.468499999999999943e+02 -1.058500000000000085e+02 -1.424779999999999973e+03
1.461400000000000148e+02 -1.024699999999999989e+02 -1.424769999999999982e+03
1.455200000000000102e+02 -9.912000000000000455e+01 -1.424829999999999927e+03
1.451700000000000159e+02 -9.681000000000000227e+01 -1.424960000000000036e+03
1.447100000000000080e+02 -9.334000000000000341e+01 -1.424980000000000018e+03
1.443799999999999955e+02 -8.982999999999999829e+01 -1.424880000000000109e+03
1.442100000000000080e+02 -8.754000000000000625e+01 -1.424900000000000091e+03
1.440200000000000102e+02 -8.398000000000000398e+01 -1.424769999999999982e+03
1.440000000000000000e+02 -8.159000000000000341e+01 -1.424779999999999973e+03
1.440699999999999932e+02 -7.804000000000000625e+01 -1.424779999999999973e+03
1.442400000000000091e+02 -7.454999999999999716e+01 -1.424779999999999973e+03
1.444099999999999966e+02 -7.225000000000000000e+01 -1.424759999999999991e+03
1.447599999999999909e+02 -6.879000000000000625e+01 -1.424640000000000100e+03
1.452599999999999909e+02 -6.537999999999999545e+01 -1.424579999999999927e+03
1.456299999999999955e+02 -6.314000000000000057e+01 -1.424620000000000118e+03
1.462899999999999920e+02 -5.970000000000000284e+01 -1.424579999999999927e+03
1.470300000000000011e+02 -5.632999999999999829e+01 -1.424519999999999982e+03
1.475699999999999932e+02 -5.409000000000000341e+01 -1.424480000000000018e+03
1.477000000000000171e+02 -5.375999999999999801e+01 -1.424569999999999936e+03
1.470500000000000114e+02 -5.660999999999999943e+01 -1.424500000000000000e+03
1.465500000000000114e+02 -5.878000000000000114e+01 -1.424509999999999991e+03
1.458600000000000136e+02 -6.220000000000000284e+01 -1.424539999999999964e+03
1.452700000000000102e+02 -6.564000000000000057e+01 -1.424549999999999955e+03
1.449600000000000080e+02 -6.793000000000000682e+01 -1.424680000000000064e+03
1.445699999999999932e+02 -7.132000000000000739e+01 -1.424680000000000064e+03
1.443600000000000136e+02 -7.360999999999999943e+01 -1.424720000000000027e+03
1.441700000000000159e+02 -7.710000000000000853e+01 -1.424750000000000000e+03
1.440699999999999932e+02 -8.057999999999999829e+01 -1.424690000000000055e+03
1.440699999999999932e+02 -8.289000000000000057e+01 -1.424740000000000009e+03
1.441899999999999977e+02 -8.646000000000000796e+01 -1.424829999999999927e+03
1.444500000000000171e+02 -9.000000000000000000e+01 -1.424829999999999927e+03
1.446700000000000159e+02 -9.235999999999999943e+01 -1.424910000000000082e+03
1.450900000000000034e+02 -9.587999999999999545e+01 -1.424809999999999945e+03
1.455999999999999943e+02 -9.935000000000000853e+01 -1.424850000000000136e+03
1.459900000000000091e+02 -1.016000000000000085e+02 -1.424740000000000009e+03
1.467100000000000080e+02 -1.050100000000000051e+02 -1.424740000000000009e+03
1.472299999999999898e+02 -1.072699999999999960e+02 -1.424680000000000064e+03
1.481200000000000045e+02 -1.106299999999999955e+02 -1.424750000000000000e+03
1.491599999999999966e+02 -1.140100000000000051e+02 -1.424670000000000073e+03
1.499099999999999966e+02 -1.162400000000000091e+02 -1.424579999999999927e+03
1.511100000000000136e+02 -1.195000000000000000e+02 -1.424460000000000036e+03
1.519600000000000080e+02 -1.216299999999999955e+02 -1.424380000000000109e+03
1.533300000000000125e+02 -1.248100000000000023e+02 -1.424220000000000027e+03
1.547500000000000000e+02 -1.278599999999999994e+02 -1.424039999999999964e+03
1.557599999999999909e+02 -1.299000000000000057e+02 -1.423950000000000045e+03
1.573900000000000148e+02 -1.329799999999999898e+02 -1.423839999999999918e+03
1.591299999999999955e+02 -1.360600000000000023e+02 -1.423640000000000100e+03
1.603900000000000148e+02 -1.381200000000000045e+02 -1.423549999999999955e+03
1.623400000000000034e+02 -1.411500000000000057e+02 -1.423440000000000055e+03
1.643499999999999943e+02 -1.440300000000000011e+02 -1.423269999999999982e+03
1.657500000000000000e+02 -1.459200000000000159e+02 -1.423170000000000073e+03
1.679699999999999989e+02 -1.487599999999999909e+02 -1.422980000000000018e+03
1.694300000000000068e+02 -1.505500000000000114e+02 -1.422860000000000127e+03
1.717000000000000171e+02 -1.531599999999999966e+02 -1.422710000000000036e+03
1.739600000000000080e+02 -1.556800000000000068e+02 -1.422490000000000009e+03
1.754600000000000080e+02 -1.573100000000000023e+02 -1.422440000000000055e+03
1.777700000000000102e+02 -1.596700000000000159e+02 -1.422230000000000018e+03
1.797500000000000000e+02 -1.612199999999999989e+02 -1.422029999999999973e+03
1.781500000000000057e+02 -1.600099999999999909e+02 -1.422250000000000000e+03
1.759600000000000080e+02 -1.577800000000000011e+02 -1.422339999999999918e+03
1.744399999999999977e+02 -1.561599999999999966e+02 -1.422450000000000045e+03
1.721899999999999977e+02 -1.536800000000000068e+02 -1.422620000000000118e+03
1.698900000000000148e+02 -1.510500000000000114e+02 -1.422799999999999955e+03
1.684000000000000057e+02 -1.492599999999999909e+02 -1.422910000000000082e+03
1.662000000000000171e+02 -1.465000000000000000e+02 -1.423100000000000136e+03
1.647899999999999920e+02 -1.446100000000000136e+02 -1.423220000000000027e+03
1.627299999999999898e+02 -1.417000000000000171e+02 -1.423370000000000118e+03
1.614099999999999966e+02 -1.397199999999999989e+02 -1.423390000000000100e+03
1.595500000000000114e+02 -1.367299999999999898e+02 -1.423610000000000127e+03
1.578000000000000114e+02 -1.337299999999999898e+02 -1.423769999999999982e+03
1.567100000000000080e+02 -1.317199999999999989e+02 -1.423870000000000118e+03
1.551599999999999966e+02 -1.287199999999999989e+02 -1.424000000000000000e+03
1.541899999999999977e+02 -1.267000000000000028e+02 -1.424140000000000100e+03
1.527299999999999898e+02 -1.234900000000000091e+02 -1.424339999999999918e+03
1.514000000000000057e+02 -1.202600000000000051e+02 -1.424450000000000045e+03
1.505600000000000023e+02 -1.181099999999999994e+02 -1.424500000000000000e+03
1.493900000000000148e+02 -1.147800000000000011e+02 -1.424640000000000100e+03
1.483400000000000034e+02 -1.114200000000000017e+02 -1.424779999999999973e+03
1.476800000000000068e+02 -1.091899999999999977e+02 -1.424829999999999927e+03
1.468700000000000045e+02 -1.058500000000000085e+02 -1.424779999999999973e+03
1.463700000000000045e+02 -1.036299999999999955e+02 -1.424789999999999964e+03
1.457199999999999989e+02 -1.002900000000000063e+02 -1.424850000000000136e+03
1.453499999999999943e+02 -9.800000000000000000e+01 -1.424890000000000100e+03
1.448700000000000045e+02 -9.451999999999999602e+01 -1.424880000000000109e+03
1.445900000000000034e+02 -9.221000000000000796e+01 -1.424870000000000118e+03
1.442899999999999920e+02 -8.871000000000000796e+01 -1.424920000000000073e+03
1.440800000000000125e+02 -8.520000000000000284e+01 -1.424870000000000118e+03
1.440099999999999909e+02 -8.279999999999999716e+01 -1.424850000000000136e+03
1.440399999999999920e+02 -7.925000000000000000e+01 -1.424730000000000018e+03
1.441700000000000159e+02 -7.573999999999999488e+01 -1.424759999999999991e+03
1.443199999999999932e+02 -7.342000000000000171e+01 -1.424750000000000000e+03
1.446299999999999955e+02 -6.996000000000000796e+01 -1.424630000000000109e+03
1.449200000000000159e+02 -6.771999999999999886e+01 -1.424680000000000064e+03
1.454200000000000159e+02 -6.429999999999999716e+01 -1.424600000000000136e+03
1.458300000000000125e+02 -6.200999999999999801e+01 -1.424600000000000136e+03
1.465099999999999909e+02 -5.862000000000000455e+01 -1.424559999999999945e+03
1.470200000000000102e+02 -5.634000000000000341e+01 -1.424509999999999991e+03
1.478499999999999943e+02 -5.312000000000000455e+01 -1.424569999999999936e+03
1.475200000000000102e+02 -5.460999999999999943e+01 -1.424569999999999936e+03
1.470399999999999920e+02 -5.659000000000000341e+01 -1.424490000000000009e+03
1.463199999999999932e+02 -5.989000000000000057e+01 -1.424569999999999936e+03
1.458799999999999955e+02 -6.219000000000000483e+01 -1.424589999999999918e+03
1.452899999999999920e+02 -6.564000000000000057e+01 -1.424610000000000127e+03
1.448199999999999932e+02 -6.901999999999999602e+01 -1.424680000000000064e+03
1.445699999999999932e+02 -7.129999999999999716e+01 -1.424630000000000109e+03
1.442800000000000011e+02 -7.476000000000000512e+01 -1.424680000000000064e+03
1.441599999999999966e+02 -7.707000000000000739e+01 -1.424700000000000045e+03
1.440600000000000023e+02 -8.053000000000000114e+01 -1.424650000000000091e+03
1.440699999999999932e+02 -8.285999999999999943e+01 -1.424700000000000045e+03
1.441800000000000068e+02 -8.643000000000000682e+01 -1.424850000000000136e+03
1.444399999999999977e+02 -8.996999999999999886e+01 -1.424829999999999927e+03
1.446599999999999966e+02 -9.235000000000000853e+01 -1.424850000000000136e+03
1.450699999999999932e+02 -9.587000000000000455e+01 -1.424860000000000127e+03
1.454099999999999966e+02 -9.818999999999999773e+01 -1.424809999999999945e+03
1.460099999999999909e+02 -1.015799999999999983e+02 -1.424759999999999991e+03
1.464699999999999989e+02 -1.038599999999999994e+02 -1.424779999999999973e+03
1.472299999999999898e+02 -1.072500000000000000e+02 -1.424720000000000027e+03
1.481200000000000045e+02 -1.106099999999999994e+02 -1.424750000000000000e+03
1.487899999999999920e+02 -1.128700000000000045e+02 -1.424690000000000055e+03
1.499099999999999966e+02 -1.162199999999999989e+02 -1.424640000000000100e+03
1.506800000000000068e+02 -1.184200000000000017e+02 -1.424440000000000055e+03
1.519399999999999977e+02 -1.216000000000000085e+02 -1.424339999999999918e+03
1.533100000000000023e+02 -1.247900000000000063e+02 -1.424190000000000055e+03
1.542700000000000102e+02 -1.268500000000000085e+02 -1.424130000000000109e+03
1.557500000000000000e+02 -1.298799999999999955e+02 -1.423940000000000055e+03
1.573799999999999955e+02 -1.329600000000000080e+02 -1.423799999999999955e+03
1.585399999999999920e+02 -1.350300000000000011e+02 -1.423640000000000100e+03
1.603799999999999955e+02 -1.381100000000000136e+02 -1.423509999999999991e+03
1.623300000000000125e+02 -1.411400000000000148e+02 -1.423370000000000118e+03
1.636800000000000068e+02 -1.430800000000000125e+02 -1.423350000000000136e+03
1.657400000000000091e+02 -1.459200000000000159e+02 -1.423200000000000045e+03
1.672199999999999989e+02 -1.478199999999999932e+02 -1.423079999999999927e+03
1.694300000000000068e+02 -1.505500000000000114e+02 -1.422890000000000100e+03
1.716800000000000068e+02 -1.531500000000000057e+02 -1.422670000000000073e+03
1.731899999999999977e+02 -1.548199999999999932e+02 -1.422600000000000136e+03
1.754600000000000080e+02 -1.572899999999999920e+02 -1.422390000000000100e+03
1.777700000000000102e+02 -1.596700000000000159e+02 -1.422230000000000018e+03
1.796800000000000068e+02 -1.611500000000000057e+02 -1.422019999999999982e+03
1.781700000000000159e+02 -1.600300000000000011e+02 -1.422230000000000018e+03
1.767400000000000091e+02 -1.585900000000000034e+02 -1.422259999999999991e+03
1.744600000000000080e+02 -1.561700000000000159e+02 -1.422490000000000009e+03
1.722100000000000080e+02 -1.536899999999999977e+02 -1.422640000000000100e+03
1.706599999999999966e+02 -1.519399999999999977e+02 -1.422690000000000055e+03
1.684099999999999966e+02 -1.492800000000000011e+02 -1.422910000000000082e+03
1.662100000000000080e+02 -1.465099999999999909e+02 -1.423120000000000118e+03
1.647899999999999920e+02 -1.446100000000000136e+02 -1.423220000000000027e+03
1.627299999999999898e+02 -1.417000000000000171e+02 -1.423380000000000109e+03
1.614200000000000159e+02 -1.397199999999999989e+02 -1.423460000000000036e+03
1.595500000000000114e+02 -1.367400000000000091e+02 -1.423630000000000109e+03
1.577899999999999920e+02 -1.337299999999999898e+02 -1.423759999999999991e+03
1.567100000000000080e+02 -1.317199999999999989e+02 -1.423890000000000100e+03
1.551700000000000159e+02 -1.287299999999999898e+02 -1.424019999999999982e+03
1.537000000000000171e+02 -1.256599999999999966e+02 -1.424140000000000100e+03
1.527500000000000000e+02 -1.235100000000000051e+02 -1.424329999999999927e+03
1.514000000000000057e+02 -1.202699999999999960e+02 -1.424470000000000027e+03
1.501500000000000057e+02 -1.170000000000000000e+02 -1.424589999999999918e+03
1.493900000000000148e+02 -1.147900000000000063e+02 -1.424630000000000109e+03
1.483499999999999943e+02 -1.114500000000000028e+02 -1.424839999999999918e+03
1.474000000000000057e+02 -1.081000000000000085e+02 -1.424839999999999918e+03
1.468799999999999955e+02 -1.058700000000000045e+02 -1.424759999999999991e+03
1.461500000000000057e+02 -1.025000000000000000e+02 -1.424769999999999982e+03
1.457299999999999898e+02 -1.002800000000000011e+02 -1.424819999999999936e+03
1.451800000000000068e+02 -9.684000000000000341e+01 -1.424860000000000127e+03
1.447500000000000000e+02 -9.337000000000000455e+01 -1.425000000000000000e+03
1.444900000000000091e+02 -9.104000000000000625e+01 -1.424870000000000118e+03
1.442100000000000080e+02 -8.757999999999999829e+01 -1.424839999999999918e+03
1.440500000000000114e+02 -8.404000000000000625e+01 -1.424750000000000000e+03
1.440200000000000102e+02 -8.162999999999999545e+01 -1.424690000000000055e+03
1.440800000000000125e+02 -7.807999999999999829e+01 -1.424710000000000036e+03
1.442400000000000091e+02 -7.457000000000000739e+01 -1.424730000000000018e+03
1.444200000000000159e+02 -7.226999999999999602e+01 -1.424750000000000000e+03
1.447800000000000011e+02 -6.882000000000000739e+01 -1.424630000000000109e+03
1.452599999999999909e+02 -6.542000000000000171e+01 -1.424620000000000118e+03
1.456299999999999955e+02 -6.316000000000000369e+01 -1.424610000000000127e+03
1.462800000000000011e+02 -5.974000000000000199e+01 -1.424630000000000109e+03
1.470300000000000011e+02 -5.635000000000000142e+01 -1.424500000000000000e+03
1.475699999999999932e+02 -5.412000000000000455e+01 -1.424480000000000018e+03
1.477199999999999989e+02 -5.371000000000000085e+01 -1.424529999999999973e+03
1.473199999999999932e+02 -5.539000000000000057e+01 -1.424470000000000027e+03
1.465399999999999920e+02 -5.874000000000000199e+01 -1.424430000000000064e+03
1.458700000000000045e+02 -6.216000000000000369e+01 -1.424529999999999973e+03
1.454699999999999989e+02 -6.443000000000000682e+01 -1.424589999999999918e+03
1.449500000000000171e+02 -6.789000000000000057e+01 -1.424610000000000127e+03
1.445699999999999932e+02 -7.126999999999999602e+01 -1.424690000000000055e+03
1.443700000000000045e+02 -7.357999999999999829e+01 -1.424710000000000036e+03
1.441599999999999966e+02 -7.704999999999999716e+01 -1.424710000000000036e+03
1.440600000000000023e+02 -8.051000000000000512e+01 -1.424600000000000136e+03
1.440600000000000023e+02 -8.284000000000000341e+01 -1.424730000000000018e+03
1.441800000000000068e+02 -8.640000000000000568e+01 -1.424789999999999964e+03
1.444500000000000171e+02 -8.996000000000000796e+01 -1.424910000000000082e+03
1.446400000000000148e+02 -9.231000000000000227e+01 -1.424799999999999955e+03
1.450800000000000125e+02 -9.587000000000000455e+01 -1.424890000000000100e+03
1.454099999999999966e+02 -9.818000000000000682e+01 -1.424789999999999964e+03
1.460000000000000000e+02 -1.015700000000000074e+02 -1.424809999999999945e+03
1.467100000000000080e+02 -1.049800000000000040e+02 -1.424759999999999991e+03
1.472100000000000080e+02 -1.072699999999999960e+02 -1.424809999999999945e+03
1.481200000000000045e+02 -1.106000000000000085e+02 -1.424799999999999955e+03
1.487899999999999920e+02 -1.128599999999999994e+02 -1.424720000000000027e+03
1.498900000000000148e+02 -1.162100000000000080e+02 -1.424620000000000118e+03
1.510900000000000034e+02 -1.194699999999999989e+02 -1.424460000000000036e+03
1.519500000000000171e+02 -1.216000000000000085e+02 -1.424390000000000100e+03
1.533100000000000023e+02 -1.247699999999999960e+02 -1.424220000000000027e+03
1.547299999999999898e+02 -1.278200000000000074e+02 -1.424059999999999945e+03
1.557400000000000091e+02 -1.298600000000000136e+02 -1.423920000000000073e+03
1.573799999999999955e+02 -1.329499999999999886e+02 -1.423819999999999936e+03
1.591200000000000045e+02 -1.360200000000000102e+02 -1.423720000000000027e+03
1.603700000000000045e+02 -1.380800000000000125e+02 -1.423539999999999964e+03
1.623300000000000125e+02 -1.411200000000000045e+02 -1.423410000000000082e+03
1.636599999999999966e+02 -1.430699999999999932e+02 -1.423299999999999955e+03
1.657299999999999898e+02 -1.458900000000000148e+02 -1.423190000000000055e+03
1.672000000000000171e+02 -1.477899999999999920e+02 -1.423059999999999945e+03
1.694200000000000159e+02 -1.505300000000000011e+02 -1.422880000000000109e+03
1.716700000000000159e+02 -1.531400000000000148e+02 -1.422670000000000073e+03
1.731899999999999977e+02 -1.548199999999999932e+02 -1.422569999999999936e+03
1.754500000000000171e+02 -1.572800000000000011e+02 -1.422440000000000055e+03
1.777500000000000000e+02 -1.596500000000000057e+02 -1.422259999999999991e+03
1.797000000000000171e+02 -1.611700000000000159e+02 -1.422089999999999918e+03
