1.721899999999999977e+02 -1.473900000000000148e+02 -1.424759999999999991e+03
1.687700000000000102e+02 -1.432400000000000091e+02 -1.424900000000000091e+03
1.687700000000000102e+02 -1.432400000000000091e+02 -1.424900000000000091e+03
1.652899999999999920e+02 -1.386100000000000136e+02 -1.425120000000000118e+03
1.652899999999999920e+02 -1.386100000000000136e+02 -1.425120000000000118e+03
1.652899999999999920e+02 -1.386100000000000136e+02 -1.425120000000000118e+03
1.619900000000000091e+02 -1.336500000000000057e+02 -1.425319999999999936e+03
1.619900000000000091e+02 -1.336500000000000057e+02 -1.425319999999999936e+03
1.619900000000000091e+02 -1.336500000000000057e+02 -1.425319999999999936e+03
1.590300000000000011e+02 -1.286299999999999955e+02 -1.425620000000000118e+03
1.590300000000000011e+02 -1.286299999999999955e+02 -1.425620000000000118e+03
1.563700000000000045e+02 -1.235600000000000023e+02 -1.425870000000000118e+03
1.563700000000000045e+02 -1.235600000000000023e+02 -1.425870000000000118e+03
1.540200000000000102e+02 -1.183799999999999955e+02 -1.426019999999999982e+03
1.540200000000000102e+02 -1.183799999999999955e+02 -1.426019999999999982e+03
1.540200000000000102e+02 -1.183799999999999955e+02 -1.426019999999999982e+03
1.518400000000000034e+02 -1.128700000000000045e+02 -1.426100000000000136e+03
1.500399999999999920e+02 -1.073700000000000045e+02 -1.426220000000000027e+03
1.500399999999999920e+02 -1.073700000000000045e+02 -1.426220000000000027e+03
1.485099999999999909e+02 -1.017400000000000091e+02 -1.426289999999999964e+03
1.473300000000000125e+02 -9.623000000000000398e+01 -1.426329999999999927e+03
1.473300000000000125e+02 -9.623000000000000398e+01 -1.426329999999999927e+03
1.473300000000000125e+02 -9.623000000000000398e+01 -1.426329999999999927e+03
1.463799999999999955e+02 -9.042000000000000171e+01 -1.426430000000000064e+03
1.463799999999999955e+02 -9.042000000000000171e+01 -1.426430000000000064e+03
1.463799999999999955e+02 -9.042000000000000171e+01 -1.426430000000000064e+03
1.457800000000000011e+02 -8.468999999999999773e+01 -1.426420000000000073e+03
1.457800000000000011e+02 -8.468999999999999773e+01 -1.426420000000000073e+03
1.457800000000000011e+02 -8.468999999999999773e+01 -1.426420000000000073e+03
1.454900000000000091e+02 -7.882999999999999829e+01 -1.426410000000000082e+03
1.454900000000000091e+02 -7.882999999999999829e+01 -1.426410000000000082e+03
1.454900000000000091e+02 -7.882999999999999829e+01 -1.426410000000000082e+03
1.455200000000000102e+02 -7.301000000000000512e+01 -1.426339999999999918e+03
1.455200000000000102e+02 -7.301000000000000512e+01 -1.426339999999999918e+03
1.455200000000000102e+02 -7.301000000000000512e+01 -1.426339999999999918e+03
1.458700000000000045e+02 -6.718000000000000682e+01 -1.426279999999999973e+03
1.458700000000000045e+02 -6.718000000000000682e+01 -1.426279999999999973e+03
1.458700000000000045e+02 -6.718000000000000682e+01 -1.426279999999999973e+03
1.462299999999999898e+02 -6.367000000000000171e+01 -1.426240000000000009e+03
1.462299999999999898e+02 -6.367000000000000171e+01 -1.426240000000000009e+03
1.462299999999999898e+02 -6.367000000000000171e+01 -1.426240000000000009e+03
1.459799999999999898e+02 -6.667000000000000171e+01 -1.426279999999999973e+03
1.459799999999999898e+02 -6.667000000000000171e+01 -1.426279999999999973e+03
1.459799999999999898e+02 -6.667000000000000171e+01 -1.426279999999999973e+03
1.456100000000000136e+02 -7.245000000000000284e+01 -1.426450000000000045e+03
1.456100000000000136e+02 -7.245000000000000284e+01 -1.426450000000000045e+03
1.456100000000000136e+02 -7.245000000000000284e+01 -1.426450000000000045e+03
1.455399999999999920e+02 -7.835000000000000853e+01 -1.426380000000000109e+03
1.455399999999999920e+02 -7.835000000000000853e+01 -1.426380000000000109e+03
1.455399999999999920e+02 -7.835000000000000853e+01 -1.426380000000000109e+03
1.457899999999999920e+02 -8.409000000000000341e+01 -1.426450000000000045e+03
1.457899999999999920e+02 -8.409000000000000341e+01 -1.426450000000000045e+03
1.457899999999999920e+02 -8.409000000000000341e+01 -1.426450000000000045e+03
1.463799999999999955e+02 -9.003000000000000114e+01 -1.426420000000000073e+03
1.463799999999999955e+02 -9.003000000000000114e+01 -1.426420000000000073e+03
1.463799999999999955e+02 -9.003000000000000114e+01 -1.426420000000000073e+03
1.472700000000000102e+02 -9.575000000000000000e+01 -1.426460000000000036e+03
1.472700000000000102e+02 -9.575000000000000000e+01 -1.426460000000000036e+03
1.484799999999999898e+02 -1.014900000000000091e+02 -1.426350000000000136e+03
1.484799999999999898e+02 -1.014900000000000091e+02 -1.426350000000000136e+03
1.484799999999999898e+02 -1.014900000000000091e+02 -1.426350000000000136e+03
1.499600000000000080e+02 -1.070100000000000051e+02 -1.426309999999999945e+03
1.499600000000000080e+02 -1.070100000000000051e+02 -1.426309999999999945e+03
1.499600000000000080e+02 -1.070100000000000051e+02 -1.426309999999999945e+03
1.518000000000000114e+02 -1.126899999999999977e+02 -1.426210000000000036e+03
1.518000000000000114e+02 -1.126899999999999977e+02 -1.426210000000000036e+03
1.518000000000000114e+02 -1.126899999999999977e+02 -1.426210000000000036e+03
1.538400000000000034e+02 -1.179500000000000028e+02 -1.426089999999999918e+03
1.538400000000000034e+02 -1.179500000000000028e+02 -1.426089999999999918e+03
1.538400000000000034e+02 -1.179500000000000028e+02 -1.426089999999999918e+03
1.562199999999999989e+02 -1.232500000000000000e+02 -1.425819999999999936e+03
1.562199999999999989e+02 -1.232500000000000000e+02 -1.425819999999999936e+03
1.562199999999999989e+02 -1.232500000000000000e+02 -1.425819999999999936e+03
1.588400000000000034e+02 -1.283199999999999932e+02 -1.425700000000000045e+03
1.588400000000000034e+02 -1.283199999999999932e+02 -1.425700000000000045e+03
1.588400000000000034e+02 -1.283199999999999932e+02 -1.425700000000000045e+03
1.618900000000000148e+02 -1.335099999999999909e+02 -1.425509999999999991e+03
1.618900000000000148e+02 -1.335099999999999909e+02 -1.425509999999999991e+03
1.618900000000000148e+02 -1.335099999999999909e+02 -1.425509999999999991e+03
1.651800000000000068e+02 -1.384600000000000080e+02 -1.425259999999999991e+03
1.651800000000000068e+02 -1.384600000000000080e+02 -1.425259999999999991e+03
1.651800000000000068e+02 -1.384600000000000080e+02 -1.425259999999999991e+03
1.687599999999999909e+02 -1.432400000000000091e+02 -1.425029999999999973e+03
1.687599999999999909e+02 -1.432400000000000091e+02 -1.425029999999999973e+03
1.687599999999999909e+02 -1.432400000000000091e+02 -1.425029999999999973e+03
1.709699999999999989e+02 -1.459600000000000080e+02 -1.424799999999999955e+03
1.709699999999999989e+02 -1.459600000000000080e+02 -1.424799999999999955e+03
1.709699999999999989e+02 -1.459600000000000080e+02 -1.424799999999999955e+03
1.687899999999999920e+02 -1.432700000000000102e+02 -1.424890000000000100e+03
1.687899999999999920e+02 -1.432700000000000102e+02 -1.424890000000000100e+03
1.687899999999999920e+02 -1.432700000000000102e+02 -1.424890000000000100e+03
1.652899999999999920e+02 -1.385900000000000034e+02 -1.425150000000000091e+03
1.652899999999999920e+02 -1.385900000000000034e+02 -1.425150000000000091e+03
1.620000000000000000e+02 -1.336599999999999966e+02 -1.425390000000000100e+03
1.590300000000000011e+02 -1.286599999999999966e+02 -1.425610000000000127e+03
1.590300000000000011e+02 -1.286599999999999966e+02 -1.425610000000000127e+03
1.590300000000000011e+02 -1.286599999999999966e+02 -1.425610000000000127e+03
1.563799999999999955e+02 -1.235799999999999983e+02 -1.425809999999999945e+03
1.563799999999999955e+02 -1.235799999999999983e+02 -1.425809999999999945e+03
1.563799999999999955e+02 -1.235799999999999983e+02 -1.425809999999999945e+03
1.540200000000000102e+02 -1.184000000000000057e+02 -1.425970000000000027e+03
1.540200000000000102e+02 -1.184000000000000057e+02 -1.425970000000000027e+03
1.518600000000000136e+02 -1.129000000000000057e+02 -1.426140000000000100e+03
1.500300000000000011e+02 -1.073799999999999955e+02 -1.426259999999999991e+03
1.500300000000000011e+02 -1.073799999999999955e+02 -1.426259999999999991e+03
1.485000000000000000e+02 -1.017400000000000091e+02 -1.426319999999999936e+03
1.473300000000000125e+02 -9.626000000000000512e+01 -1.426400000000000091e+03
1.473300000000000125e+02 -9.626000000000000512e+01 -1.426400000000000091e+03
1.463799999999999955e+02 -9.043999999999999773e+01 -1.426450000000000045e+03
1.457800000000000011e+02 -8.470000000000000284e+01 -1.426460000000000036e+03
1.457800000000000011e+02 -8.470000000000000284e+01 -1.426460000000000036e+03
1.454900000000000091e+02 -7.885999999999999943e+01 -1.426400000000000091e+03
1.454900000000000091e+02 -7.885999999999999943e+01 -1.426400000000000091e+03
1.455300000000000011e+02 -7.301999999999999602e+01 -1.426400000000000091e+03
1.458600000000000136e+02 -6.718000000000000682e+01 -1.426250000000000000e+03
1.458600000000000136e+02 -6.718000000000000682e+01 -1.426250000000000000e+03
1.462299999999999898e+02 -6.367000000000000171e+01 -1.426240000000000009e+03
1.459900000000000091e+02 -6.667000000000000171e+01 -1.426350000000000136e+03
1.459900000000000091e+02 -6.667000000000000171e+01 -1.426350000000000136e+03
1.459900000000000091e+02 -6.667000000000000171e+01 -1.426350000000000136e+03
1.456200000000000045e+02 -7.243999999999999773e+01 -1.426480000000000018e+03
1.456200000000000045e+02 -7.243999999999999773e+01 -1.426480000000000018e+03
1.456200000000000045e+02 -7.243999999999999773e+01 -1.426480000000000018e+03
1.455399999999999920e+02 -7.834000000000000341e+01 -1.426380000000000109e+03
1.455399999999999920e+02 -7.834000000000000341e+01 -1.426380000000000109e+03
1.455399999999999920e+02 -7.834000000000000341e+01 -1.426380000000000109e+03
1.457899999999999920e+02 -8.407999999999999829e+01 -1.426460000000000036e+03
1.457899999999999920e+02 -8.407999999999999829e+01 -1.426460000000000036e+03
1.457899999999999920e+02 -8.407999999999999829e+01 -1.426460000000000036e+03
1.463799999999999955e+02 -9.004000000000000625e+01 -1.426430000000000064e+03
1.463799999999999955e+02 -9.004000000000000625e+01 -1.426430000000000064e+03
1.463799999999999955e+02 -9.004000000000000625e+01 -1.426430000000000064e+03
1.472700000000000102e+02 -9.574000000000000909e+01 -1.426470000000000027e+03
1.472700000000000102e+02 -9.574000000000000909e+01 -1.426470000000000027e+03
1.472700000000000102e+02 -9.574000000000000909e+01 -1.426470000000000027e+03
1.484799999999999898e+02 -1.014699999999999989e+02 -1.426410000000000082e+03
1.484799999999999898e+02 -1.014699999999999989e+02 -1.426410000000000082e+03
1.484799999999999898e+02 -1.014699999999999989e+02 -1.426410000000000082e+03
1.499600000000000080e+02 -1.070100000000000051e+02 -1.426329999999999927e+03
1.499600000000000080e+02 -1.070100000000000051e+02 -1.426329999999999927e+03
1.499600000000000080e+02 -1.070100000000000051e+02 -1.426329999999999927e+03
1.518000000000000114e+02 -1.126700000000000017e+02 -1.426220000000000027e+03
1.518000000000000114e+02 -1.126700000000000017e+02 -1.426220000000000027e+03
1.518000000000000114e+02 -1.126700000000000017e+02 -1.426220000000000027e+03
1.538400000000000034e+02 -1.179500000000000028e+02 -1.426110000000000127e+03
1.538400000000000034e+02 -1.179500000000000028e+02 -1.426110000000000127e+03
1.562199999999999989e+02 -1.232400000000000091e+02 -1.425890000000000100e+03
1.562199999999999989e+02 -1.232400000000000091e+02 -1.425890000000000100e+03
1.588400000000000034e+02 -1.283100000000000023e+02 -1.425690000000000055e+03
1.588400000000000034e+02 -1.283100000000000023e+02 -1.425690000000000055e+03
1.618700000000000045e+02 -1.335000000000000000e+02 -1.425470000000000027e+03
1.618700000000000045e+02 -1.335000000000000000e+02 -1.425470000000000027e+03
1.618700000000000045e+02 -1.335000000000000000e+02 -1.425470000000000027e+03
1.651599999999999966e+02 -1.384500000000000171e+02 -1.425250000000000000e+03
1.687599999999999909e+02 -1.432500000000000000e+02 -1.425029999999999973e+03
1.687599999999999909e+02 -1.432500000000000000e+02 -1.425029999999999973e+03
1.709699999999999989e+02 -1.459600000000000080e+02 -1.424789999999999964e+03
1.709699999999999989e+02 -1.459600000000000080e+02 -1.424789999999999964e+03
1.709699999999999989e+02 -1.459600000000000080e+02 -1.424789999999999964e+03
1.688300000000000125e+02 -1.433199999999999932e+02 -1.425019999999999982e+03
1.688300000000000125e+02 -1.433199999999999932e+02 -1.425019999999999982e+03
1.688300000000000125e+02 -1.433199999999999932e+02 -1.425019999999999982e+03
1.653100000000000023e+02 -1.386100000000000136e+02 -1.425200000000000045e+03
1.653100000000000023e+02 -1.386100000000000136e+02 -1.425200000000000045e+03
1.653100000000000023e+02 -1.386100000000000136e+02 -1.425200000000000045e+03
1.620099999999999909e+02 -1.336700000000000159e+02 -1.425420000000000073e+03
1.620099999999999909e+02 -1.336700000000000159e+02 -1.425420000000000073e+03
1.620099999999999909e+02 -1.336700000000000159e+02 -1.425420000000000073e+03
1.590399999999999920e+02 -1.286599999999999966e+02 -1.425600000000000136e+03
1.590399999999999920e+02 -1.286599999999999966e+02 -1.425600000000000136e+03
1.590399999999999920e+02 -1.286599999999999966e+02 -1.425600000000000136e+03
1.563799999999999955e+02 -1.235799999999999983e+02 -1.425829999999999927e+03
1.563799999999999955e+02 -1.235799999999999983e+02 -1.425829999999999927e+03
1.563799999999999955e+02 -1.235799999999999983e+02 -1.425829999999999927e+03
1.540200000000000102e+02 -1.184000000000000057e+02 -1.425940000000000055e+03
1.540200000000000102e+02 -1.184000000000000057e+02 -1.425940000000000055e+03
1.518700000000000045e+02 -1.129200000000000017e+02 -1.426180000000000064e+03
1.518700000000000045e+02 -1.129200000000000017e+02 -1.426180000000000064e+03
1.500399999999999920e+02 -1.074099999999999966e+02 -1.426250000000000000e+03
1.485099999999999909e+02 -1.017699999999999960e+02 -1.426319999999999936e+03
1.485099999999999909e+02 -1.017699999999999960e+02 -1.426319999999999936e+03
1.473199999999999932e+02 -9.626000000000000512e+01 -1.426420000000000073e+03
1.473199999999999932e+02 -9.626000000000000512e+01 -1.426420000000000073e+03
1.463799999999999955e+02 -9.046999999999999886e+01 -1.426460000000000036e+03
1.457800000000000011e+02 -8.471000000000000796e+01 -1.426410000000000082e+03
1.457800000000000011e+02 -8.471000000000000796e+01 -1.426410000000000082e+03
1.455000000000000000e+02 -7.889000000000000057e+01 -1.426440000000000055e+03
1.455000000000000000e+02 -7.889000000000000057e+01 -1.426440000000000055e+03
1.455000000000000000e+02 -7.889000000000000057e+01 -1.426440000000000055e+03
1.455300000000000011e+02 -7.304999999999999716e+01 -1.426380000000000109e+03
1.455300000000000011e+02 -7.304999999999999716e+01 -1.426380000000000109e+03
1.455300000000000011e+02 -7.304999999999999716e+01 -1.426380000000000109e+03
1.458600000000000136e+02 -6.721000000000000796e+01 -1.426240000000000009e+03
1.458600000000000136e+02 -6.721000000000000796e+01 -1.426240000000000009e+03
1.462400000000000091e+02 -6.360999999999999943e+01 -1.426220000000000027e+03
1.462400000000000091e+02 -6.360999999999999943e+01 -1.426220000000000027e+03
1.462400000000000091e+02 -6.360999999999999943e+01 -1.426220000000000027e+03
1.459900000000000091e+02 -6.664000000000000057e+01 -1.426380000000000109e+03
1.459900000000000091e+02 -6.664000000000000057e+01 -1.426380000000000109e+03
1.459900000000000091e+02 -6.664000000000000057e+01 -1.426380000000000109e+03
1.455999999999999943e+02 -7.242000000000000171e+01 -1.426400000000000091e+03
1.455999999999999943e+02 -7.242000000000000171e+01 -1.426400000000000091e+03
1.455999999999999943e+02 -7.242000000000000171e+01 -1.426400000000000091e+03
1.455300000000000011e+02 -7.832000000000000739e+01 -1.426380000000000109e+03
1.455300000000000011e+02 -7.832000000000000739e+01 -1.426380000000000109e+03
1.457899999999999920e+02 -8.407999999999999829e+01 -1.426490000000000009e+03
1.463799999999999955e+02 -9.001999999999999602e+01 -1.426460000000000036e+03
1.463799999999999955e+02 -9.001999999999999602e+01 -1.426460000000000036e+03
1.472800000000000011e+02 -9.573000000000000398e+01 -1.426480000000000018e+03
1.472800000000000011e+02 -9.573000000000000398e+01 -1.426480000000000018e+03
1.472800000000000011e+02 -9.573000000000000398e+01 -1.426480000000000018e+03
1.484699999999999989e+02 -1.014500000000000028e+02 -1.426350000000000136e+03
1.484699999999999989e+02 -1.014500000000000028e+02 -1.426350000000000136e+03
1.484699999999999989e+02 -1.014500000000000028e+02 -1.426350000000000136e+03
1.499399999999999977e+02 -1.069900000000000091e+02 -1.426259999999999991e+03
1.517899999999999920e+02 -1.126599999999999966e+02 -1.426220000000000027e+03
1.517899999999999920e+02 -1.126599999999999966e+02 -1.426220000000000027e+03
1.538400000000000034e+02 -1.179600000000000080e+02 -1.426089999999999918e+03
1.562100000000000080e+02 -1.232300000000000040e+02 -1.425850000000000136e+03
1.562100000000000080e+02 -1.232300000000000040e+02 -1.425850000000000136e+03
1.588300000000000125e+02 -1.283100000000000023e+02 -1.425670000000000073e+03
1.588300000000000125e+02 -1.283100000000000023e+02 -1.425670000000000073e+03
1.588300000000000125e+02 -1.283100000000000023e+02 -1.425670000000000073e+03
1.618799999999999955e+02 -1.334799999999999898e+02 -1.425519999999999982e+03
1.618799999999999955e+02 -1.334799999999999898e+02 -1.425519999999999982e+03
1.618799999999999955e+02 -1.334799999999999898e+02 -1.425519999999999982e+03
1.651500000000000057e+02 -1.384200000000000159e+02 -1.425269999999999982e+03
1.651500000000000057e+02 -1.384200000000000159e+02 -1.425269999999999982e+03
1.651500000000000057e+02 -1.384200000000000159e+02 -1.425269999999999982e+03
1.687100000000000080e+02 -1.431899999999999977e+02 -1.425059999999999945e+03
1.687100000000000080e+02 -1.431899999999999977e+02 -1.425059999999999945e+03
1.709699999999999989e+02 -1.459600000000000080e+02 -1.424829999999999927e+03
1.688700000000000045e+02 -1.433799999999999955e+02 -1.424980000000000018e+03
1.688700000000000045e+02 -1.433799999999999955e+02 -1.424980000000000018e+03
1.653199999999999932e+02 -1.386400000000000148e+02 -1.425160000000000082e+03
1.620200000000000102e+02 -1.336999999999999886e+02 -1.425390000000000100e+03
1.620200000000000102e+02 -1.336999999999999886e+02 -1.425390000000000100e+03
1.620200000000000102e+02 -1.336999999999999886e+02 -1.425390000000000100e+03
1.590500000000000114e+02 -1.286800000000000068e+02 -1.425620000000000118e+03
1.590500000000000114e+02 -1.286800000000000068e+02 -1.425620000000000118e+03
1.590500000000000114e+02 -1.286800000000000068e+02 -1.425620000000000118e+03
1.563900000000000148e+02 -1.235900000000000034e+02 -1.425829999999999927e+03
1.563900000000000148e+02 -1.235900000000000034e+02 -1.425829999999999927e+03
1.540200000000000102e+02 -1.184200000000000017e+02 -1.425970000000000027e+03
1.540200000000000102e+02 -1.184200000000000017e+02 -1.425970000000000027e+03
1.518700000000000045e+02 -1.129300000000000068e+02 -1.426180000000000064e+03
1.500500000000000114e+02 -1.074300000000000068e+02 -1.426259999999999991e+03
1.500500000000000114e+02 -1.074300000000000068e+02 -1.426259999999999991e+03
1.485099999999999909e+02 -1.017800000000000011e+02 -1.426360000000000127e+03
1.485099999999999909e+02 -1.017800000000000011e+02 -1.426360000000000127e+03
1.473300000000000125e+02 -9.628000000000000114e+01 -1.426390000000000100e+03
1.473300000000000125e+02 -9.628000000000000114e+01 -1.426390000000000100e+03
1.473300000000000125e+02 -9.628000000000000114e+01 -1.426390000000000100e+03
1.463900000000000148e+02 -9.048000000000000398e+01 -1.426470000000000027e+03
1.463900000000000148e+02 -9.048000000000000398e+01 -1.426470000000000027e+03
1.457800000000000011e+02 -8.473999999999999488e+01 -1.426390000000000100e+03
1.454900000000000091e+02 -7.889000000000000057e+01 -1.426390000000000100e+03
1.454900000000000091e+02 -7.889000000000000057e+01 -1.426390000000000100e+03
1.455399999999999920e+02 -7.307000000000000739e+01 -1.426420000000000073e+03
1.455399999999999920e+02 -7.307000000000000739e+01 -1.426420000000000073e+03
1.455399999999999920e+02 -7.307000000000000739e+01 -1.426420000000000073e+03
1.458600000000000136e+02 -6.723000000000000398e+01 -1.426259999999999991e+03
1.458600000000000136e+02 -6.723000000000000398e+01 -1.426259999999999991e+03
1.458600000000000136e+02 -6.723000000000000398e+01 -1.426259999999999991e+03
1.462400000000000091e+02 -6.363000000000000256e+01 -1.426259999999999991e+03
1.462400000000000091e+02 -6.363000000000000256e+01 -1.426259999999999991e+03
1.462400000000000091e+02 -6.363000000000000256e+01 -1.426259999999999991e+03
1.459799999999999898e+02 -6.662000000000000455e+01 -1.426329999999999927e+03
1.459799999999999898e+02 -6.662000000000000455e+01 -1.426329999999999927e+03
1.456200000000000045e+02 -7.243000000000000682e+01 -1.426460000000000036e+03
1.455399999999999920e+02 -7.831000000000000227e+01 -1.426390000000000100e+03
1.455399999999999920e+02 -7.831000000000000227e+01 -1.426390000000000100e+03
1.458000000000000114e+02 -8.406000000000000227e+01 -1.426500000000000000e+03
1.458000000000000114e+02 -8.406000000000000227e+01 -1.426500000000000000e+03
1.463799999999999955e+02 -9.001000000000000512e+01 -1.426460000000000036e+03
1.463799999999999955e+02 -9.001000000000000512e+01 -1.426460000000000036e+03
1.463799999999999955e+02 -9.001000000000000512e+01 -1.426460000000000036e+03
1.472800000000000011e+02 -9.573000000000000398e+01 -1.426500000000000000e+03
1.472800000000000011e+02 -9.573000000000000398e+01 -1.426500000000000000e+03
1.472800000000000011e+02 -9.573000000000000398e+01 -1.426500000000000000e+03
1.484799999999999898e+02 -1.014500000000000028e+02 -1.426410000000000082e+03
1.484799999999999898e+02 -1.014500000000000028e+02 -1.426410000000000082e+03
1.484799999999999898e+02 -1.014500000000000028e+02 -1.426410000000000082e+03
1.499399999999999977e+02 -1.069800000000000040e+02 -1.426259999999999991e+03
1.499399999999999977e+02 -1.069800000000000040e+02 -1.426259999999999991e+03
1.499399999999999977e+02 -1.069800000000000040e+02 -1.426259999999999991e+03
1.517899999999999920e+02 -1.126500000000000057e+02 -1.426170000000000073e+03
1.517899999999999920e+02 -1.126500000000000057e+02 -1.426170000000000073e+03
1.517899999999999920e+02 -1.126500000000000057e+02 -1.426170000000000073e+03
1.538400000000000034e+02 -1.179699999999999989e+02 -1.426079999999999927e+03
1.538400000000000034e+02 -1.179699999999999989e+02 -1.426079999999999927e+03
1.538400000000000034e+02 -1.179699999999999989e+02 -1.426079999999999927e+03
1.562000000000000171e+02 -1.232100000000000080e+02 -1.425850000000000136e+03
1.562000000000000171e+02 -1.232100000000000080e+02 -1.425850000000000136e+03
1.562000000000000171e+02 -1.232100000000000080e+02 -1.425850000000000136e+03
1.588300000000000125e+02 -1.283000000000000114e+02 -1.425690000000000055e+03
1.588300000000000125e+02 -1.283000000000000114e+02 -1.425690000000000055e+03
1.588300000000000125e+02 -1.283000000000000114e+02 -1.425690000000000055e+03
1.618700000000000045e+02 -1.334699999999999989e+02 -1.425519999999999982e+03
1.618700000000000045e+02 -1.334699999999999989e+02 -1.425519999999999982e+03
1.651500000000000057e+02 -1.384099999999999966e+02 -1.425269999999999982e+03
1.651500000000000057e+02 -1.384099999999999966e+02 -1.425269999999999982e+03
1.687000000000000171e+02 -1.431700000000000159e+02 -1.425029999999999973e+03
1.709699999999999989e+02 -1.459699999999999989e+02 -1.424839999999999918e+03
1.709699999999999989e+02 -1.459699999999999989e+02 -1.424839999999999918e+03
1.689000000000000057e+02 -1.434000000000000057e+02 -1.424990000000000009e+03
1.653199999999999932e+02 -1.386400000000000148e+02 -1.425180000000000064e+03
1.653199999999999932e+02 -1.386400000000000148e+02 -1.425180000000000064e+03
1.653199999999999932e+02 -1.386400000000000148e+02 -1.425180000000000064e+03
1.620200000000000102e+02 -1.336999999999999886e+02 -1.425390000000000100e+03
1.620200000000000102e+02 -1.336999999999999886e+02 -1.425390000000000100e+03
1.590500000000000114e+02 -1.286899999999999977e+02 -1.425600000000000136e+03
1.564000000000000057e+02 -1.236099999999999994e+02 -1.425839999999999918e+03
1.564000000000000057e+02 -1.236099999999999994e+02 -1.425839999999999918e+03
1.540300000000000011e+02 -1.184200000000000017e+02 -1.425970000000000027e+03
1.518799999999999955e+02 -1.129500000000000028e+02 -1.426160000000000082e+03
1.518799999999999955e+02 -1.129500000000000028e+02 -1.426160000000000082e+03
1.518799999999999955e+02 -1.129500000000000028e+02 -1.426160000000000082e+03
1.500500000000000114e+02 -1.074500000000000028e+02 -1.426269999999999982e+03
1.500500000000000114e+02 -1.074500000000000028e+02 -1.426269999999999982e+03
1.500500000000000114e+02 -1.074500000000000028e+02 -1.426269999999999982e+03
1.485200000000000102e+02 -1.017999999999999972e+02 -1.426319999999999936e+03
1.485200000000000102e+02 -1.017999999999999972e+02 -1.426319999999999936e+03
1.485200000000000102e+02 -1.017999999999999972e+02 -1.426319999999999936e+03
1.473300000000000125e+02 -9.629000000000000625e+01 -1.426420000000000073e+03
1.473300000000000125e+02 -9.629000000000000625e+01 -1.426420000000000073e+03
1.473300000000000125e+02 -9.629000000000000625e+01 -1.426420000000000073e+03
1.463799999999999955e+02 -9.048999999999999488e+01 -1.426460000000000036e+03
1.463799999999999955e+02 -9.048999999999999488e+01 -1.426460000000000036e+03
1.463799999999999955e+02 -9.048999999999999488e+01 -1.426460000000000036e+03
1.458000000000000114e+02 -8.476000000000000512e+01 -1.426500000000000000e+03
1.458000000000000114e+02 -8.476000000000000512e+01 -1.426500000000000000e+03
1.458000000000000114e+02 -8.476000000000000512e+01 -1.426500000000000000e+03
1.454900000000000091e+02 -7.890000000000000568e+01 -1.426400000000000091e+03
1.455200000000000102e+02 -7.307999999999999829e+01 -1.426329999999999927e+03
1.455200000000000102e+02 -7.307999999999999829e+01 -1.426329999999999927e+03
1.458600000000000136e+02 -6.723999999999999488e+01 -1.426289999999999964e+03
1.458600000000000136e+02 -6.723999999999999488e+01 -1.426289999999999964e+03
1.458600000000000136e+02 -6.723999999999999488e+01 -1.426289999999999964e+03
1.462400000000000091e+02 -6.364000000000000057e+01 -1.426259999999999991e+03
1.462400000000000091e+02 -6.364000000000000057e+01 -1.426259999999999991e+03
1.462400000000000091e+02 -6.364000000000000057e+01 -1.426259999999999991e+03
1.459799999999999898e+02 -6.662999999999999545e+01 -1.426289999999999964e+03
1.459799999999999898e+02 -6.662999999999999545e+01 -1.426289999999999964e+03
1.456100000000000136e+02 -7.240999999999999659e+01 -1.426420000000000073e+03
1.456100000000000136e+02 -7.240999999999999659e+01 -1.426420000000000073e+03
1.456100000000000136e+02 -7.240999999999999659e+01 -1.426420000000000073e+03
1.455500000000000114e+02 -7.831000000000000227e+01 -1.426470000000000027e+03
1.457899999999999920e+02 -8.404999999999999716e+01 -1.426470000000000027e+03
1.457899999999999920e+02 -8.404999999999999716e+01 -1.426470000000000027e+03
1.463700000000000045e+02 -9.000000000000000000e+01 -1.426410000000000082e+03
1.472700000000000102e+02 -9.570000000000000284e+01 -1.426420000000000073e+03
1.472700000000000102e+02 -9.570000000000000284e+01 -1.426420000000000073e+03
1.484699999999999989e+02 -1.014300000000000068e+02 -1.426360000000000127e+03
1.499399999999999977e+02 -1.069699999999999989e+02 -1.426269999999999982e+03
1.499399999999999977e+02 -1.069699999999999989e+02 -1.426269999999999982e+03
1.517800000000000011e+02 -1.126299999999999955e+02 -1.426160000000000082e+03
1.538400000000000034e+02 -1.179399999999999977e+02 -1.426069999999999936e+03
1.538400000000000034e+02 -1.179399999999999977e+02 -1.426069999999999936e+03
1.562000000000000171e+02 -1.232100000000000080e+02 -1.425829999999999927e+03
1.562000000000000171e+02 -1.232100000000000080e+02 -1.425829999999999927e+03
1.588300000000000125e+02 -1.283000000000000114e+02 -1.425700000000000045e+03
1.588300000000000125e+02 -1.283000000000000114e+02 -1.425700000000000045e+03
1.588300000000000125e+02 -1.283000000000000114e+02 -1.425700000000000045e+03
1.618600000000000136e+02 -1.334699999999999989e+02 -1.425490000000000009e+03
1.618600000000000136e+02 -1.334699999999999989e+02 -1.425490000000000009e+03
1.651299999999999955e+02 -1.384000000000000057e+02 -1.425279999999999973e+03
1.651299999999999955e+02 -1.384000000000000057e+02 -1.425279999999999973e+03
1.687000000000000171e+02 -1.431700000000000159e+02 -1.425019999999999982e+03
1.687000000000000171e+02 -1.431700000000000159e+02 -1.425019999999999982e+03
1.709500000000000171e+02 -1.459500000000000171e+02 -1.424750000000000000e+03
1.709500000000000171e+02 -1.459500000000000171e+02 -1.424750000000000000e+03
1.688700000000000045e+02 -1.433900000000000148e+02 -1.424920000000000073e+03
1.688700000000000045e+02 -1.433900000000000148e+02 -1.424920000000000073e+03
1.653400000000000034e+02 -1.386599999999999966e+02 -1.425200000000000045e+03
1.653400000000000034e+02 -1.386599999999999966e+02 -1.425200000000000045e+03
1.653400000000000034e+02 -1.386599999999999966e+02 -1.425200000000000045e+03
1.620399999999999920e+02 -1.337100000000000080e+02 -1.425370000000000118e+03
1.620399999999999920e+02 -1.337100000000000080e+02 -1.425370000000000118e+03
1.620399999999999920e+02 -1.337100000000000080e+02 -1.425370000000000118e+03
1.590600000000000023e+02 -1.287100000000000080e+02 -1.425620000000000118e+03
1.590600000000000023e+02 -1.287100000000000080e+02 -1.425620000000000118e+03
1.590600000000000023e+02 -1.287100000000000080e+02 -1.425620000000000118e+03
1.564000000000000057e+02 -1.236200000000000045e+02 -1.425819999999999936e+03
1.564000000000000057e+02 -1.236200000000000045e+02 -1.425819999999999936e+03
1.564000000000000057e+02 -1.236200000000000045e+02 -1.425819999999999936e+03
1.540399999999999920e+02 -1.184500000000000028e+02 -1.425970000000000027e+03
1.540399999999999920e+02 -1.184500000000000028e+02 -1.425970000000000027e+03
1.518700000000000045e+02 -1.129500000000000028e+02 -1.426110000000000127e+03
1.500500000000000114e+02 -1.074500000000000028e+02 -1.426210000000000036e+03
1.500500000000000114e+02 -1.074500000000000028e+02 -1.426210000000000036e+03
1.485200000000000102e+02 -1.018200000000000074e+02 -1.426370000000000118e+03
1.473300000000000125e+02 -9.631000000000000227e+01 -1.426390000000000100e+03
1.473300000000000125e+02 -9.631000000000000227e+01 -1.426390000000000100e+03
1.463900000000000148e+02 -9.050000000000000000e+01 -1.426450000000000045e+03
1.457800000000000011e+02 -8.476999999999999602e+01 -1.426390000000000100e+03
1.457800000000000011e+02 -8.476999999999999602e+01 -1.426390000000000100e+03
1.454900000000000091e+02 -7.892000000000000171e+01 -1.426410000000000082e+03
1.455300000000000011e+02 -7.310000000000000853e+01 -1.426390000000000100e+03
1.455300000000000011e+02 -7.310000000000000853e+01 -1.426390000000000100e+03
1.455300000000000011e+02 -7.310000000000000853e+01 -1.426390000000000100e+03
1.458600000000000136e+02 -6.725000000000000000e+01 -1.426250000000000000e+03
1.458600000000000136e+02 -6.725000000000000000e+01 -1.426250000000000000e+03
1.458600000000000136e+02 -6.725000000000000000e+01 -1.426250000000000000e+03
1.462299999999999898e+02 -6.363000000000000256e+01 -1.426220000000000027e+03
1.462299999999999898e+02 -6.363000000000000256e+01 -1.426220000000000027e+03
1.462299999999999898e+02 -6.363000000000000256e+01 -1.426220000000000027e+03
1.459900000000000091e+02 -6.660999999999999943e+01 -1.426339999999999918e+03
1.459900000000000091e+02 -6.660999999999999943e+01 -1.426339999999999918e+03
1.459900000000000091e+02 -6.660999999999999943e+01 -1.426339999999999918e+03
1.456100000000000136e+02 -7.239000000000000057e+01 -1.426430000000000064e+03
1.456100000000000136e+02 -7.239000000000000057e+01 -1.426430000000000064e+03
1.455399999999999920e+02 -7.829999999999999716e+01 -1.426440000000000055e+03
1.457899999999999920e+02 -8.404000000000000625e+01 -1.426490000000000009e+03
1.457899999999999920e+02 -8.404000000000000625e+01 -1.426490000000000009e+03
1.463700000000000045e+02 -8.998000000000000398e+01 -1.426470000000000027e+03
1.463700000000000045e+02 -8.998000000000000398e+01 -1.426470000000000027e+03
1.472700000000000102e+02 -9.570000000000000284e+01 -1.426440000000000055e+03
1.472700000000000102e+02 -9.570000000000000284e+01 -1.426440000000000055e+03
1.484699999999999989e+02 -1.014200000000000017e+02 -1.426339999999999918e+03
1.499500000000000171e+02 -1.069699999999999989e+02 -1.426309999999999945e+03
1.499500000000000171e+02 -1.069699999999999989e+02 -1.426309999999999945e+03
1.517800000000000011e+02 -1.126200000000000045e+02 -1.426180000000000064e+03
1.538400000000000034e+02 -1.179399999999999977e+02 -1.426120000000000118e+03
1.538400000000000034e+02 -1.179399999999999977e+02 -1.426120000000000118e+03
1.561899999999999977e+02 -1.232000000000000028e+02 -1.425870000000000118e+03
1.561899999999999977e+02 -1.232000000000000028e+02 -1.425870000000000118e+03
1.588199999999999932e+02 -1.282899999999999920e+02 -1.425720000000000027e+03
1.618499999999999943e+02 -1.334499999999999886e+02 -1.425519999999999982e+03
1.618499999999999943e+02 -1.334499999999999886e+02 -1.425519999999999982e+03
1.651299999999999955e+02 -1.384000000000000057e+02 -1.425269999999999982e+03
1.687000000000000171e+02 -1.431700000000000159e+02 -1.425049999999999955e+03
1.687000000000000171e+02 -1.431700000000000159e+02 -1.425049999999999955e+03
1.709699999999999989e+02 -1.459600000000000080e+02 -1.424799999999999955e+03
1.709699999999999989e+02 -1.459600000000000080e+02 -1.424799999999999955e+03
1.688900000000000148e+02 -1.434099999999999966e+02 -1.424980000000000018e+03
1.688900000000000148e+02 -1.434099999999999966e+02 -1.424980000000000018e+03
1.688900000000000148e+02 -1.434099999999999966e+02 -1.424980000000000018e+03
1.653499999999999943e+02 -1.386800000000000068e+02 -1.425180000000000064e+03
1.653499999999999943e+02 -1.386800000000000068e+02 -1.425180000000000064e+03
1.653499999999999943e+02 -1.386800000000000068e+02 -1.425180000000000064e+03
1.620399999999999920e+02 -1.337199999999999989e+02 -1.425380000000000109e+03
1.590699999999999932e+02 -1.287199999999999989e+02 -1.425610000000000127e+03
1.590699999999999932e+02 -1.287199999999999989e+02 -1.425610000000000127e+03
1.564000000000000057e+02 -1.236300000000000097e+02 -1.425850000000000136e+03
1.540500000000000114e+02 -1.184699999999999989e+02 -1.426000000000000000e+03
1.540500000000000114e+02 -1.184699999999999989e+02 -1.426000000000000000e+03
1.518799999999999955e+02 -1.129699999999999989e+02 -1.426170000000000073e+03
1.518799999999999955e+02 -1.129699999999999989e+02 -1.426170000000000073e+03
1.518799999999999955e+02 -1.129699999999999989e+02 -1.426170000000000073e+03
1.500600000000000023e+02 -1.074699999999999989e+02 -1.426230000000000018e+03
1.500600000000000023e+02 -1.074699999999999989e+02 -1.426230000000000018e+03
1.500600000000000023e+02 -1.074699999999999989e+02 -1.426230000000000018e+03
1.485200000000000102e+02 -1.018299999999999983e+02 -1.426319999999999936e+03
1.485200000000000102e+02 -1.018299999999999983e+02 -1.426319999999999936e+03
1.485200000000000102e+02 -1.018299999999999983e+02 -1.426319999999999936e+03
1.473400000000000034e+02 -9.632999999999999829e+01 -1.426410000000000082e+03
1.473400000000000034e+02 -9.632999999999999829e+01 -1.426410000000000082e+03
1.473400000000000034e+02 -9.632999999999999829e+01 -1.426410000000000082e+03
1.463799999999999955e+02 -9.051000000000000512e+01 -1.426430000000000064e+03
1.463799999999999955e+02 -9.051000000000000512e+01 -1.426430000000000064e+03
1.463799999999999955e+02 -9.051000000000000512e+01 -1.426430000000000064e+03
1.457899999999999920e+02 -8.478000000000000114e+01 -1.426440000000000055e+03
1.454900000000000091e+02 -7.893999999999999773e+01 -1.426400000000000091e+03
1.454900000000000091e+02 -7.893999999999999773e+01 -1.426400000000000091e+03
1.455200000000000102e+02 -7.312000000000000455e+01 -1.426380000000000109e+03
1.458600000000000136e+02 -6.726999999999999602e+01 -1.426319999999999936e+03
1.458600000000000136e+02 -6.726999999999999602e+01 -1.426319999999999936e+03
1.462299999999999898e+02 -6.364000000000000057e+01 -1.426190000000000055e+03
1.462299999999999898e+02 -6.364000000000000057e+01 -1.426190000000000055e+03
1.462299999999999898e+02 -6.364000000000000057e+01 -1.426190000000000055e+03
1.459799999999999898e+02 -6.662000000000000455e+01 -1.426289999999999964e+03
1.459799999999999898e+02 -6.662000000000000455e+01 -1.426289999999999964e+03
1.456200000000000045e+02 -7.237999999999999545e+01 -1.426500000000000000e+03
1.455300000000000011e+02 -7.828000000000000114e+01 -1.426450000000000045e+03
1.455300000000000011e+02 -7.828000000000000114e+01 -1.426450000000000045e+03
1.455300000000000011e+02 -7.828000000000000114e+01 -1.426450000000000045e+03
1.457899999999999920e+02 -8.401999999999999602e+01 -1.426509999999999991e+03
1.457899999999999920e+02 -8.401999999999999602e+01 -1.426509999999999991e+03
1.463700000000000045e+02 -8.996999999999999886e+01 -1.426460000000000036e+03
1.472700000000000102e+02 -9.570000000000000284e+01 -1.426500000000000000e+03
1.472700000000000102e+02 -9.570000000000000284e+01 -1.426500000000000000e+03
1.484699999999999989e+02 -1.014099999999999966e+02 -1.426350000000000136e+03
1.499399999999999977e+02 -1.069600000000000080e+02 -1.426299999999999955e+03
1.499399999999999977e+02 -1.069600000000000080e+02 -1.426299999999999955e+03
1.517800000000000011e+02 -1.126299999999999955e+02 -1.426220000000000027e+03
1.538199999999999932e+02 -1.179300000000000068e+02 -1.426079999999999927e+03
1.538199999999999932e+02 -1.179300000000000068e+02 -1.426079999999999927e+03
1.562000000000000171e+02 -1.231899999999999977e+02 -1.425880000000000109e+03
1.562000000000000171e+02 -1.231899999999999977e+02 -1.425880000000000109e+03
1.588100000000000023e+02 -1.282700000000000102e+02 -1.425680000000000064e+03
1.588100000000000023e+02 -1.282700000000000102e+02 -1.425680000000000064e+03
1.618400000000000034e+02 -1.334499999999999886e+02 -1.425460000000000036e+03
1.618400000000000034e+02 -1.334499999999999886e+02 -1.425460000000000036e+03
1.618400000000000034e+02 -1.334499999999999886e+02 -1.425460000000000036e+03
1.651200000000000045e+02 -1.383900000000000148e+02 -1.425289999999999964e+03
1.686899999999999977e+02 -1.431700000000000159e+02 -1.425059999999999945e+03
1.686899999999999977e+02 -1.431700000000000159e+02 -1.425059999999999945e+03
1.686899999999999977e+02 -1.431700000000000159e+02 -1.425059999999999945e+03
1.709600000000000080e+02 -1.459500000000000171e+02 -1.424819999999999936e+03
1.709600000000000080e+02 -1.459500000000000171e+02 -1.424819999999999936e+03
1.709600000000000080e+02 -1.459500000000000171e+02 -1.424819999999999936e+03
1.688900000000000148e+02 -1.434099999999999966e+02 -1.424970000000000027e+03
1.688900000000000148e+02 -1.434099999999999966e+02 -1.424970000000000027e+03
1.688900000000000148e+02 -1.434099999999999966e+02 -1.424970000000000027e+03
1.653600000000000136e+02 -1.387000000000000171e+02 -1.425160000000000082e+03
1.653600000000000136e+02 -1.387000000000000171e+02 -1.425160000000000082e+03
1.653600000000000136e+02 -1.387000000000000171e+02 -1.425160000000000082e+03
1.620500000000000114e+02 -1.337400000000000091e+02 -1.425380000000000109e+03
1.620500000000000114e+02 -1.337400000000000091e+02 -1.425380000000000109e+03
1.620500000000000114e+02 -1.337400000000000091e+02 -1.425380000000000109e+03
1.590699999999999932e+02 -1.287400000000000091e+02 -1.425600000000000136e+03
1.590699999999999932e+02 -1.287400000000000091e+02 -1.425600000000000136e+03
1.590699999999999932e+02 -1.287400000000000091e+02 -1.425600000000000136e+03
1.564000000000000057e+02 -1.236400000000000006e+02 -1.425789999999999964e+03
1.564000000000000057e+02 -1.236400000000000006e+02 -1.425789999999999964e+03
1.564000000000000057e+02 -1.236400000000000006e+02 -1.425789999999999964e+03
1.540399999999999920e+02 -1.184800000000000040e+02 -1.425930000000000064e+03
1.540399999999999920e+02 -1.184800000000000040e+02 -1.425930000000000064e+03
1.540399999999999920e+02 -1.184800000000000040e+02 -1.425930000000000064e+03
1.518799999999999955e+02 -1.129800000000000040e+02 -1.426089999999999918e+03
1.518799999999999955e+02 -1.129800000000000040e+02 -1.426089999999999918e+03
1.518799999999999955e+02 -1.129800000000000040e+02 -1.426089999999999918e+03
1.500600000000000023e+02 -1.074800000000000040e+02 -1.426240000000000009e+03
1.500600000000000023e+02 -1.074800000000000040e+02 -1.426240000000000009e+03
1.485300000000000011e+02 -1.018400000000000034e+02 -1.426350000000000136e+03
1.485300000000000011e+02 -1.018400000000000034e+02 -1.426350000000000136e+03
1.473400000000000034e+02 -9.634000000000000341e+01 -1.426400000000000091e+03
1.463799999999999955e+02 -9.051999999999999602e+01 -1.426420000000000073e+03
1.463799999999999955e+02 -9.051999999999999602e+01 -1.426420000000000073e+03
1.457800000000000011e+02 -8.479999999999999716e+01 -1.426400000000000091e+03
1.457800000000000011e+02 -8.479999999999999716e+01 -1.426400000000000091e+03
1.454900000000000091e+02 -7.893999999999999773e+01 -1.426420000000000073e+03
1.454900000000000091e+02 -7.893999999999999773e+01 -1.426420000000000073e+03
1.455200000000000102e+02 -7.312999999999999545e+01 -1.426370000000000118e+03
1.455200000000000102e+02 -7.312999999999999545e+01 -1.426370000000000118e+03
1.458600000000000136e+02 -6.728000000000000114e+01 -1.426309999999999945e+03
1.458600000000000136e+02 -6.728000000000000114e+01 -1.426309999999999945e+03
1.462299999999999898e+02 -6.367000000000000171e+01 -1.426230000000000018e+03
1.462299999999999898e+02 -6.367000000000000171e+01 -1.426230000000000018e+03
1.459799999999999898e+02 -6.659000000000000341e+01 -1.426289999999999964e+03
1.459799999999999898e+02 -6.659000000000000341e+01 -1.426289999999999964e+03
1.456100000000000136e+02 -7.235999999999999943e+01 -1.426380000000000109e+03
1.456100000000000136e+02 -7.235999999999999943e+01 -1.426380000000000109e+03
1.455399999999999920e+02 -7.826999999999999602e+01 -1.426450000000000045e+03
1.455399999999999920e+02 -7.826999999999999602e+01 -1.426450000000000045e+03
1.455399999999999920e+02 -7.826999999999999602e+01 -1.426450000000000045e+03
1.457800000000000011e+02 -8.400000000000000000e+01 -1.426509999999999991e+03
1.457800000000000011e+02 -8.400000000000000000e+01 -1.426509999999999991e+03
1.457800000000000011e+02 -8.400000000000000000e+01 -1.426509999999999991e+03
1.463700000000000045e+02 -8.996000000000000796e+01 -1.426420000000000073e+03
1.463700000000000045e+02 -8.996000000000000796e+01 -1.426420000000000073e+03
1.463700000000000045e+02 -8.996000000000000796e+01 -1.426420000000000073e+03
1.472700000000000102e+02 -9.568000000000000682e+01 -1.426470000000000027e+03
1.472700000000000102e+02 -9.568000000000000682e+01 -1.426470000000000027e+03
1.472700000000000102e+02 -9.568000000000000682e+01 -1.426470000000000027e+03
1.484600000000000080e+02 -1.014000000000000057e+02 -1.426339999999999918e+03
1.484600000000000080e+02 -1.014000000000000057e+02 -1.426339999999999918e+03
1.484600000000000080e+02 -1.014000000000000057e+02 -1.426339999999999918e+03
1.499300000000000068e+02 -1.069399999999999977e+02 -1.426279999999999973e+03
1.499300000000000068e+02 -1.069399999999999977e+02 -1.426279999999999973e+03
1.517800000000000011e+02 -1.126200000000000045e+02 -1.426210000000000036e+03
1.517800000000000011e+02 -1.126200000000000045e+02 -1.426210000000000036e+03
1.517800000000000011e+02 -1.126200000000000045e+02 -1.426210000000000036e+03
1.538300000000000125e+02 -1.179300000000000068e+02 -1.426110000000000127e+03
1.538300000000000125e+02 -1.179300000000000068e+02 -1.426110000000000127e+03
1.538300000000000125e+02 -1.179300000000000068e+02 -1.426110000000000127e+03
1.561899999999999977e+02 -1.231800000000000068e+02 -1.425860000000000127e+03
1.561899999999999977e+02 -1.231800000000000068e+02 -1.425860000000000127e+03
1.588000000000000114e+02 -1.282500000000000000e+02 -1.425710000000000036e+03
1.588000000000000114e+02 -1.282500000000000000e+02 -1.425710000000000036e+03
1.588000000000000114e+02 -1.282500000000000000e+02 -1.425710000000000036e+03
1.618499999999999943e+02 -1.334399999999999977e+02 -1.425490000000000009e+03
1.618499999999999943e+02 -1.334399999999999977e+02 -1.425490000000000009e+03
1.651100000000000136e+02 -1.383799999999999955e+02 -1.425250000000000000e+03
1.686800000000000068e+02 -1.431700000000000159e+02 -1.425049999999999955e+03
1.686800000000000068e+02 -1.431700000000000159e+02 -1.425049999999999955e+03
1.686800000000000068e+02 -1.431700000000000159e+02 -1.425049999999999955e+03
1.709600000000000080e+02 -1.459500000000000171e+02 -1.424730000000000018e+03
1.709600000000000080e+02 -1.459500000000000171e+02 -1.424730000000000018e+03
1.709600000000000080e+02 -1.459500000000000171e+02 -1.424730000000000018e+03
1.689000000000000057e+02 -1.434300000000000068e+02 -1.424950000000000045e+03
1.689000000000000057e+02 -1.434300000000000068e+02 -1.424950000000000045e+03
1.689000000000000057e+02 -1.434300000000000068e+02 -1.424950000000000045e+03
1.653700000000000045e+02 -1.387100000000000080e+02 -1.425180000000000064e+03
1.653700000000000045e+02 -1.387100000000000080e+02 -1.425180000000000064e+03
1.653700000000000045e+02 -1.387100000000000080e+02 -1.425180000000000064e+03
1.620600000000000023e+02 -1.337400000000000091e+02 -1.425390000000000100e+03
1.620600000000000023e+02 -1.337400000000000091e+02 -1.425390000000000100e+03
1.620600000000000023e+02 -1.337400000000000091e+02 -1.425390000000000100e+03
1.590999999999999943e+02 -1.287700000000000102e+02 -1.425690000000000055e+03
1.590999999999999943e+02 -1.287700000000000102e+02 -1.425690000000000055e+03
1.564099999999999966e+02 -1.236500000000000057e+02 -1.425750000000000000e+03
1.564099999999999966e+02 -1.236500000000000057e+02 -1.425750000000000000e+03
1.540600000000000023e+02 -1.184900000000000091e+02 -1.425990000000000009e+03
1.540600000000000023e+02 -1.184900000000000091e+02 -1.425990000000000009e+03
1.540600000000000023e+02 -1.184900000000000091e+02 -1.425990000000000009e+03
1.518900000000000148e+02 -1.130000000000000000e+02 -1.426110000000000127e+03
1.518900000000000148e+02 -1.130000000000000000e+02 -1.426110000000000127e+03
1.500699999999999932e+02 -1.075100000000000051e+02 -1.426269999999999982e+03
1.500699999999999932e+02 -1.075100000000000051e+02 -1.426269999999999982e+03
1.485300000000000011e+02 -1.018599999999999994e+02 -1.426339999999999918e+03
1.485300000000000011e+02 -1.018599999999999994e+02 -1.426339999999999918e+03
1.473400000000000034e+02 -9.635000000000000853e+01 -1.426380000000000109e+03
1.463900000000000148e+02 -9.054999999999999716e+01 -1.426440000000000055e+03
1.463900000000000148e+02 -9.054999999999999716e+01 -1.426440000000000055e+03
1.457899999999999920e+02 -8.482999999999999829e+01 -1.426450000000000045e+03
1.457899999999999920e+02 -8.482999999999999829e+01 -1.426450000000000045e+03
1.457899999999999920e+02 -8.482999999999999829e+01 -1.426450000000000045e+03
1.454900000000000091e+02 -7.896000000000000796e+01 -1.426400000000000091e+03
1.454900000000000091e+02 -7.896000000000000796e+01 -1.426400000000000091e+03
1.455200000000000102e+02 -7.315000000000000568e+01 -1.426350000000000136e+03
1.455200000000000102e+02 -7.315000000000000568e+01 -1.426350000000000136e+03
1.458499999999999943e+02 -6.729000000000000625e+01 -1.426299999999999955e+03
1.462199999999999989e+02 -6.366000000000000369e+01 -1.426150000000000091e+03
1.462199999999999989e+02 -6.366000000000000369e+01 -1.426150000000000091e+03
1.459799999999999898e+02 -6.659000000000000341e+01 -1.426289999999999964e+03
1.456100000000000136e+02 -7.235000000000000853e+01 -1.426430000000000064e+03
1.456100000000000136e+02 -7.235000000000000853e+01 -1.426430000000000064e+03
1.456100000000000136e+02 -7.235000000000000853e+01 -1.426430000000000064e+03
1.455399999999999920e+02 -7.826000000000000512e+01 -1.426480000000000018e+03
1.455399999999999920e+02 -7.826000000000000512e+01 -1.426480000000000018e+03
1.455399999999999920e+02 -7.826000000000000512e+01 -1.426480000000000018e+03
1.457800000000000011e+02 -8.398999999999999488e+01 -1.426440000000000055e+03
1.457800000000000011e+02 -8.398999999999999488e+01 -1.426440000000000055e+03
1.457800000000000011e+02 -8.398999999999999488e+01 -1.426440000000000055e+03
1.463700000000000045e+02 -8.996000000000000796e+01 -1.426480000000000018e+03
1.463700000000000045e+02 -8.996000000000000796e+01 -1.426480000000000018e+03
1.472599999999999909e+02 -9.565999999999999659e+01 -1.426480000000000018e+03
1.484699999999999989e+02 -1.013900000000000006e+02 -1.426390000000000100e+03
1.484699999999999989e+02 -1.013900000000000006e+02 -1.426390000000000100e+03
1.499300000000000068e+02 -1.069399999999999977e+02 -1.426309999999999945e+03
1.517800000000000011e+02 -1.126099999999999994e+02 -1.426170000000000073e+03
1.517800000000000011e+02 -1.126099999999999994e+02 -1.426170000000000073e+03
1.538199999999999932e+02 -1.179099999999999966e+02 -1.426120000000000118e+03
1.561800000000000068e+02 -1.231700000000000017e+02 -1.425890000000000100e+03
1.561800000000000068e+02 -1.231700000000000017e+02 -1.425890000000000100e+03
1.561800000000000068e+02 -1.231700000000000017e+02 -1.425890000000000100e+03
1.587899999999999920e+02 -1.282500000000000000e+02 -1.425700000000000045e+03
1.587899999999999920e+02 -1.282500000000000000e+02 -1.425700000000000045e+03
1.618400000000000034e+02 -1.334300000000000068e+02 -1.425480000000000018e+03
1.651200000000000045e+02 -1.383799999999999955e+02 -1.425259999999999991e+03
1.651200000000000045e+02 -1.383799999999999955e+02 -1.425259999999999991e+03
1.686899999999999977e+02 -1.431599999999999966e+02 -1.425089999999999918e+03
1.709600000000000080e+02 -1.459500000000000171e+02 -1.424789999999999964e+03
1.709600000000000080e+02 -1.459500000000000171e+02 -1.424789999999999964e+03
1.689099999999999966e+02 -1.434399999999999977e+02 -1.424910000000000082e+03
1.653700000000000045e+02 -1.387100000000000080e+02 -1.425130000000000109e+03
1.653700000000000045e+02 -1.387100000000000080e+02 -1.425130000000000109e+03
1.620500000000000114e+02 -1.337599999999999909e+02 -1.425350000000000136e+03
1.590900000000000034e+02 -1.287700000000000102e+02 -1.425589999999999918e+03
1.590900000000000034e+02 -1.287700000000000102e+02 -1.425589999999999918e+03
1.564200000000000159e+02 -1.236700000000000017e+02 -1.425779999999999973e+03
1.564200000000000159e+02 -1.236700000000000017e+02 -1.425779999999999973e+03
1.564200000000000159e+02 -1.236700000000000017e+02 -1.425779999999999973e+03
1.540600000000000023e+02 -1.185000000000000000e+02 -1.425950000000000045e+03
1.540600000000000023e+02 -1.185000000000000000e+02 -1.425950000000000045e+03
1.540600000000000023e+02 -1.185000000000000000e+02 -1.425950000000000045e+03
1.518900000000000148e+02 -1.130100000000000051e+02 -1.426100000000000136e+03
1.518900000000000148e+02 -1.130100000000000051e+02 -1.426100000000000136e+03
1.500699999999999932e+02 -1.075199999999999960e+02 -1.426259999999999991e+03
1.500699999999999932e+02 -1.075199999999999960e+02 -1.426259999999999991e+03
1.500699999999999932e+02 -1.075199999999999960e+02 -1.426259999999999991e+03
1.485300000000000011e+02 -1.018700000000000045e+02 -1.426289999999999964e+03
1.473400000000000034e+02 -9.637000000000000455e+01 -1.426390000000000100e+03
1.473400000000000034e+02 -9.637000000000000455e+01 -1.426390000000000100e+03
1.464000000000000057e+02 -9.056000000000000227e+01 -1.426480000000000018e+03
1.464000000000000057e+02 -9.056000000000000227e+01 -1.426480000000000018e+03
1.464000000000000057e+02 -9.056000000000000227e+01 -1.426480000000000018e+03
1.457899999999999920e+02 -8.482999999999999829e+01 -1.426420000000000073e+03
1.457899999999999920e+02 -8.482999999999999829e+01 -1.426420000000000073e+03
1.454900000000000091e+02 -7.896999999999999886e+01 -1.426400000000000091e+03
1.454900000000000091e+02 -7.896999999999999886e+01 -1.426400000000000091e+03
1.455200000000000102e+02 -7.318000000000000682e+01 -1.426370000000000118e+03
1.455200000000000102e+02 -7.318000000000000682e+01 -1.426370000000000118e+03
1.455200000000000102e+02 -7.318000000000000682e+01 -1.426370000000000118e+03
1.458600000000000136e+02 -6.729999999999999716e+01 -1.426299999999999955e+03
1.458600000000000136e+02 -6.729999999999999716e+01 -1.426299999999999955e+03
1.462299999999999898e+02 -6.367999999999999972e+01 -1.426259999999999991e+03
1.459799999999999898e+02 -6.656000000000000227e+01 -1.426319999999999936e+03
1.459799999999999898e+02 -6.656000000000000227e+01 -1.426319999999999936e+03
1.456100000000000136e+02 -7.235000000000000853e+01 -1.426440000000000055e+03
1.455399999999999920e+02 -7.823999999999999488e+01 -1.426440000000000055e+03
1.455399999999999920e+02 -7.823999999999999488e+01 -1.426440000000000055e+03
1.457800000000000011e+02 -8.398000000000000398e+01 -1.426440000000000055e+03
1.463700000000000045e+02 -8.993999999999999773e+01 -1.426480000000000018e+03
1.463700000000000045e+02 -8.993999999999999773e+01 -1.426480000000000018e+03
1.472599999999999909e+02 -9.565000000000000568e+01 -1.426420000000000073e+03
1.484600000000000080e+02 -1.013799999999999955e+02 -1.426380000000000109e+03
1.484600000000000080e+02 -1.013799999999999955e+02 -1.426380000000000109e+03
1.499200000000000159e+02 -1.069099999999999966e+02 -1.426240000000000009e+03
1.517800000000000011e+02 -1.126000000000000085e+02 -1.426230000000000018e+03
1.517800000000000011e+02 -1.126000000000000085e+02 -1.426230000000000018e+03
1.538199999999999932e+02 -1.179000000000000057e+02 -1.426120000000000118e+03
1.538199999999999932e+02 -1.179000000000000057e+02 -1.426120000000000118e+03
1.538199999999999932e+02 -1.179000000000000057e+02 -1.426120000000000118e+03
1.561800000000000068e+02 -1.231700000000000017e+02 -1.425890000000000100e+03
1.561800000000000068e+02 -1.231700000000000017e+02 -1.425890000000000100e+03
1.561800000000000068e+02 -1.231700000000000017e+02 -1.425890000000000100e+03
1.588000000000000114e+02 -1.282500000000000000e+02 -1.425700000000000045e+03
1.588000000000000114e+02 -1.282500000000000000e+02 -1.425700000000000045e+03
1.588000000000000114e+02 -1.282500000000000000e+02 -1.425700000000000045e+03
1.618300000000000125e+02 -1.334200000000000159e+02 -1.425470000000000027e+03
1.651100000000000136e+02 -1.383700000000000045e+02 -1.425309999999999945e+03
1.651100000000000136e+02 -1.383700000000000045e+02 -1.425309999999999945e+03
1.651100000000000136e+02 -1.383700000000000045e+02 -1.425309999999999945e+03
1.686800000000000068e+02 -1.431500000000000057e+02 -1.425009999999999991e+03
1.686800000000000068e+02 -1.431500000000000057e+02 -1.425009999999999991e+03
1.716100000000000136e+02 -1.467299999999999898e+02 -1.424759999999999991e+03
1.716100000000000136e+02 -1.467299999999999898e+02 -1.424759999999999991e+03
