9.833388314319284562e-312 9.833388314161183555e-312 9.833388263885063434e-312
1.438600000000000136e+02 -1.180799999999999983e+02 -1.360339999999999918e+03
1.399200000000000159e+02 -8.960000000000000853e+01 -1.360390000000000100e+03
1.399200000000000159e+02 -8.960000000000000853e+01 -1.360390000000000100e+03
1.437000000000000171e+02 -6.121999999999999886e+01 -1.359799999999999955e+03
1.437000000000000171e+02 -6.121999999999999886e+01 -1.359799999999999955e+03
1.515099999999999909e+02 -4.099000000000000199e+01 -1.358910000000000082e+03
1.515099999999999909e+02 -4.099000000000000199e+01 -1.358910000000000082e+03
1.457800000000000011e+02 -5.467000000000000171e+01 -1.359690000000000055e+03
1.457800000000000011e+02 -5.467000000000000171e+01 -1.359690000000000055e+03
1.401700000000000159e+02 -8.301999999999999602e+01 -1.360480000000000018e+03
1.401700000000000159e+02 -8.301999999999999602e+01 -1.360480000000000018e+03
1.422899999999999920e+02 -1.115600000000000023e+02 -1.360610000000000127e+03
1.422899999999999920e+02 -1.115600000000000023e+02 -1.360610000000000127e+03
1.504300000000000068e+02 -1.355999999999999943e+02 -1.360110000000000127e+03
1.504300000000000068e+02 -1.355999999999999943e+02 -1.360110000000000127e+03
1.504300000000000068e+02 -1.355999999999999943e+02 -1.360110000000000127e+03
1.475000000000000000e+02 -1.288499999999999943e+02 -1.360100000000000136e+03
1.475000000000000000e+02 -1.288499999999999943e+02 -1.360100000000000136e+03
1.475000000000000000e+02 -1.288499999999999943e+02 -1.360100000000000136e+03
1.405800000000000125e+02 -1.010000000000000000e+02 -1.360360000000000127e+03
1.405800000000000125e+02 -1.010000000000000000e+02 -1.360360000000000127e+03
1.405800000000000125e+02 -1.010000000000000000e+02 -1.360360000000000127e+03
1.413000000000000114e+02 -7.221999999999999886e+01 -1.360009999999999991e+03
1.413000000000000114e+02 -7.221999999999999886e+01 -1.360009999999999991e+03
1.490200000000000102e+02 -4.627000000000000313e+01 -1.359039999999999964e+03
1.490200000000000102e+02 -4.627000000000000313e+01 -1.359039999999999964e+03
1.490200000000000102e+02 -4.627000000000000313e+01 -1.359039999999999964e+03
1.490300000000000011e+02 -4.636999999999999744e+01 -1.359220000000000027e+03
1.490300000000000011e+02 -4.636999999999999744e+01 -1.359220000000000027e+03
1.411299999999999955e+02 -7.371000000000000796e+01 -1.360259999999999991e+03
1.407800000000000011e+02 -1.026000000000000085e+02 -1.360650000000000091e+03
1.407800000000000011e+02 -1.026000000000000085e+02 -1.360650000000000091e+03
1.480099999999999909e+02 -1.301299999999999955e+02 -1.360329999999999927e+03
1.480099999999999909e+02 -1.301299999999999955e+02 -1.360329999999999927e+03
1.480099999999999909e+02 -1.301299999999999955e+02 -1.360329999999999927e+03
1.503600000000000136e+02 -1.353600000000000136e+02 -1.360039999999999964e+03
1.503600000000000136e+02 -1.353600000000000136e+02 -1.360039999999999964e+03
1.503600000000000136e+02 -1.353600000000000136e+02 -1.360039999999999964e+03
1.419600000000000080e+02 -1.099200000000000017e+02 -1.360370000000000118e+03
1.419600000000000080e+02 -1.099200000000000017e+02 -1.360370000000000118e+03
1.419600000000000080e+02 -1.099200000000000017e+02 -1.360370000000000118e+03
1.402400000000000091e+02 -8.128000000000000114e+01 -1.360160000000000082e+03
1.402400000000000091e+02 -8.128000000000000114e+01 -1.360160000000000082e+03
1.462400000000000091e+02 -5.317999999999999972e+01 -1.359420000000000073e+03
1.462400000000000091e+02 -5.317999999999999972e+01 -1.359420000000000073e+03
1.505200000000000102e+02 -4.303000000000000114e+01 -1.359029999999999973e+03
1.505200000000000102e+02 -4.303000000000000114e+01 -1.359029999999999973e+03
1.505200000000000102e+02 -4.303000000000000114e+01 -1.359029999999999973e+03
1.429099999999999966e+02 -6.457999999999999829e+01 -1.360120000000000118e+03
1.429099999999999966e+02 -6.457999999999999829e+01 -1.360120000000000118e+03
1.429099999999999966e+02 -6.457999999999999829e+01 -1.360120000000000118e+03
1.400500000000000114e+02 -9.334000000000000341e+01 -1.360610000000000127e+03
1.400500000000000114e+02 -9.334000000000000341e+01 -1.360610000000000127e+03
1.450099999999999909e+02 -1.218500000000000085e+02 -1.360579999999999927e+03
1.450099999999999909e+02 -1.218500000000000085e+02 -1.360579999999999927e+03
1.509900000000000091e+02 -1.367700000000000102e+02 -1.360039999999999964e+03
1.509900000000000091e+02 -1.367700000000000102e+02 -1.360039999999999964e+03
1.440500000000000114e+02 -1.187500000000000000e+02 -1.360230000000000018e+03
1.399200000000000159e+02 -9.035999999999999943e+01 -1.360230000000000018e+03
1.399200000000000159e+02 -9.035999999999999943e+01 -1.360230000000000018e+03
1.435000000000000000e+02 -6.195000000000000284e+01 -1.359690000000000055e+03
1.435000000000000000e+02 -6.195000000000000284e+01 -1.359690000000000055e+03
1.435000000000000000e+02 -6.195000000000000284e+01 -1.359690000000000055e+03
1.507199999999999989e+02 -4.256000000000000227e+01 -1.358990000000000009e+03
1.507199999999999989e+02 -4.256000000000000227e+01 -1.358990000000000009e+03
1.453900000000000148e+02 -5.582000000000000028e+01 -1.359779999999999973e+03
1.453900000000000148e+02 -5.582000000000000028e+01 -1.359779999999999973e+03
1.453900000000000148e+02 -5.582000000000000028e+01 -1.359779999999999973e+03
1.400999999999999943e+02 -8.403000000000000114e+01 -1.360509999999999991e+03
1.400999999999999943e+02 -8.403000000000000114e+01 -1.360509999999999991e+03
1.425099999999999909e+02 -1.125700000000000074e+02 -1.360680000000000064e+03
1.505800000000000125e+02 -1.359000000000000057e+02 -1.360150000000000091e+03
1.505800000000000125e+02 -1.359000000000000057e+02 -1.360150000000000091e+03
1.470399999999999920e+02 -1.276800000000000068e+02 -1.360100000000000136e+03
1.470399999999999920e+02 -1.276800000000000068e+02 -1.360100000000000136e+03
1.404500000000000171e+02 -9.981000000000000227e+01 -1.360329999999999927e+03
1.404500000000000171e+02 -9.981000000000000227e+01 -1.360329999999999927e+03
1.415099999999999909e+02 -7.101999999999999602e+01 -1.360009999999999991e+03
1.415099999999999909e+02 -7.101999999999999602e+01 -1.360009999999999991e+03
1.493400000000000034e+02 -4.557000000000000028e+01 -1.359049999999999955e+03
1.493400000000000034e+02 -4.557000000000000028e+01 -1.359049999999999955e+03
1.487000000000000171e+02 -4.716000000000000369e+01 -1.359299999999999955e+03
1.487000000000000171e+02 -4.716000000000000369e+01 -1.359299999999999955e+03
1.409600000000000080e+02 -7.485999999999999943e+01 -1.360299999999999955e+03
1.409200000000000159e+02 -1.036800000000000068e+02 -1.360640000000000100e+03
1.409200000000000159e+02 -1.036800000000000068e+02 -1.360640000000000100e+03
1.483799999999999955e+02 -1.309900000000000091e+02 -1.360329999999999927e+03
1.483799999999999955e+02 -1.309900000000000091e+02 -1.360329999999999927e+03
1.501400000000000148e+02 -1.349099999999999966e+02 -1.360000000000000000e+03
1.501400000000000148e+02 -1.349099999999999966e+02 -1.360000000000000000e+03
1.417599999999999909e+02 -1.088299999999999983e+02 -1.360400000000000091e+03
1.417599999999999909e+02 -1.088299999999999983e+02 -1.360400000000000091e+03
1.403199999999999932e+02 -8.015999999999999659e+01 -1.360089999999999918e+03
1.403199999999999932e+02 -8.015999999999999659e+01 -1.360089999999999918e+03
1.466200000000000045e+02 -5.216000000000000369e+01 -1.359370000000000118e+03
1.504300000000000068e+02 -4.324000000000000199e+01 -1.359049999999999955e+03
1.504300000000000068e+02 -4.324000000000000199e+01 -1.359049999999999955e+03
1.426500000000000057e+02 -6.568000000000000682e+01 -1.360089999999999918e+03
1.426500000000000057e+02 -6.568000000000000682e+01 -1.360089999999999918e+03
1.426500000000000057e+02 -6.568000000000000682e+01 -1.360089999999999918e+03
1.401100000000000136e+02 -9.453000000000000114e+01 -1.360630000000000109e+03
1.401100000000000136e+02 -9.453000000000000114e+01 -1.360630000000000109e+03
1.453499999999999943e+02 -1.229300000000000068e+02 -1.360539999999999964e+03
1.509699999999999989e+02 -1.367100000000000080e+02 -1.360049999999999955e+03
1.509699999999999989e+02 -1.367100000000000080e+02 -1.360049999999999955e+03
1.437199999999999989e+02 -1.175799999999999983e+02 -1.360259999999999991e+03
1.437199999999999989e+02 -1.175799999999999983e+02 -1.360259999999999991e+03
1.399200000000000159e+02 -8.923000000000000398e+01 -1.360240000000000009e+03
1.399200000000000159e+02 -8.923000000000000398e+01 -1.360240000000000009e+03
1.399200000000000159e+02 -8.923000000000000398e+01 -1.360240000000000009e+03
1.438000000000000114e+02 -6.082000000000000028e+01 -1.359640000000000100e+03
1.438000000000000114e+02 -6.082000000000000028e+01 -1.359640000000000100e+03
1.438000000000000114e+02 -6.082000000000000028e+01 -1.359640000000000100e+03
1.507599999999999909e+02 -4.250000000000000000e+01 -1.359019999999999982e+03
1.507599999999999909e+02 -4.250000000000000000e+01 -1.359019999999999982e+03
1.507599999999999909e+02 -4.250000000000000000e+01 -1.359019999999999982e+03
1.450300000000000011e+02 -5.689999999999999858e+01 -1.359779999999999973e+03
1.450300000000000011e+02 -5.689999999999999858e+01 -1.359779999999999973e+03
1.450300000000000011e+02 -5.689999999999999858e+01 -1.359779999999999973e+03
1.400500000000000114e+02 -8.512999999999999545e+01 -1.360509999999999991e+03
1.400500000000000114e+02 -8.512999999999999545e+01 -1.360509999999999991e+03
1.400500000000000114e+02 -8.512999999999999545e+01 -1.360509999999999991e+03
1.427800000000000011e+02 -1.137199999999999989e+02 -1.360710000000000036e+03
1.427800000000000011e+02 -1.137199999999999989e+02 -1.360710000000000036e+03
1.507500000000000000e+02 -1.362800000000000011e+02 -1.360120000000000118e+03
1.507500000000000000e+02 -1.362800000000000011e+02 -1.360120000000000118e+03
1.507500000000000000e+02 -1.362800000000000011e+02 -1.360120000000000118e+03
1.466299999999999955e+02 -1.265499999999999972e+02 -1.360180000000000064e+03
1.466299999999999955e+02 -1.265499999999999972e+02 -1.360180000000000064e+03
1.466299999999999955e+02 -1.265499999999999972e+02 -1.360180000000000064e+03
1.403499999999999943e+02 -9.868000000000000682e+01 -1.360380000000000109e+03
1.403499999999999943e+02 -9.868000000000000682e+01 -1.360380000000000109e+03
1.403499999999999943e+02 -9.868000000000000682e+01 -1.360380000000000109e+03
1.417000000000000171e+02 -6.990999999999999659e+01 -1.359910000000000082e+03
1.417000000000000171e+02 -6.990999999999999659e+01 -1.359910000000000082e+03
1.417000000000000171e+02 -6.990999999999999659e+01 -1.359910000000000082e+03
1.496299999999999955e+02 -4.492000000000000171e+01 -1.359069999999999936e+03
1.496299999999999955e+02 -4.492000000000000171e+01 -1.359069999999999936e+03
1.496299999999999955e+02 -4.492000000000000171e+01 -1.359069999999999936e+03
1.483400000000000034e+02 -4.802000000000000313e+01 -1.359380000000000109e+03
1.483400000000000034e+02 -4.802000000000000313e+01 -1.359380000000000109e+03
1.483400000000000034e+02 -4.802000000000000313e+01 -1.359380000000000109e+03
1.408100000000000023e+02 -7.596999999999999886e+01 -1.360299999999999955e+03
1.408100000000000023e+02 -7.596999999999999886e+01 -1.360299999999999955e+03
1.408100000000000023e+02 -7.596999999999999886e+01 -1.360299999999999955e+03
1.410699999999999932e+02 -1.047400000000000091e+02 -1.360650000000000091e+03
1.410699999999999932e+02 -1.047400000000000091e+02 -1.360650000000000091e+03
1.487500000000000000e+02 -1.318600000000000136e+02 -1.360329999999999927e+03
1.487500000000000000e+02 -1.318600000000000136e+02 -1.360329999999999927e+03
1.500000000000000000e+02 -1.346299999999999955e+02 -1.359990000000000009e+03
1.500000000000000000e+02 -1.346299999999999955e+02 -1.359990000000000009e+03
1.500000000000000000e+02 -1.346299999999999955e+02 -1.359990000000000009e+03
1.415600000000000023e+02 -1.078100000000000023e+02 -1.360319999999999936e+03
1.415600000000000023e+02 -1.078100000000000023e+02 -1.360319999999999936e+03
1.415600000000000023e+02 -1.078100000000000023e+02 -1.360319999999999936e+03
1.404200000000000159e+02 -7.912000000000000455e+01 -1.360110000000000127e+03
1.404200000000000159e+02 -7.912000000000000455e+01 -1.360110000000000127e+03
1.404200000000000159e+02 -7.912000000000000455e+01 -1.360110000000000127e+03
1.469699999999999989e+02 -5.121999999999999886e+01 -1.359289999999999964e+03
1.469699999999999989e+02 -5.121999999999999886e+01 -1.359289999999999964e+03
1.503900000000000148e+02 -4.334000000000000341e+01 -1.359039999999999964e+03
1.503900000000000148e+02 -4.334000000000000341e+01 -1.359039999999999964e+03
1.424200000000000159e+02 -6.671000000000000796e+01 -1.360130000000000109e+03
1.401599999999999966e+02 -9.562000000000000455e+01 -1.360610000000000127e+03
1.401599999999999966e+02 -9.562000000000000455e+01 -1.360610000000000127e+03
1.457000000000000171e+02 -1.240100000000000051e+02 -1.360490000000000009e+03
1.457000000000000171e+02 -1.240100000000000051e+02 -1.360490000000000009e+03
1.510600000000000023e+02 -1.368900000000000148e+02 -1.360019999999999982e+03
1.510600000000000023e+02 -1.368900000000000148e+02 -1.360019999999999982e+03
1.434600000000000080e+02 -1.166099999999999994e+02 -1.360279999999999973e+03
1.434600000000000080e+02 -1.166099999999999994e+02 -1.360279999999999973e+03
1.399300000000000068e+02 -8.821999999999999886e+01 -1.360279999999999973e+03
1.399300000000000068e+02 -8.821999999999999886e+01 -1.360279999999999973e+03
1.399300000000000068e+02 -8.821999999999999886e+01 -1.360279999999999973e+03
1.440999999999999943e+02 -5.980000000000000426e+01 -1.359620000000000118e+03
1.440999999999999943e+02 -5.980000000000000426e+01 -1.359620000000000118e+03
1.440999999999999943e+02 -5.980000000000000426e+01 -1.359620000000000118e+03
1.508499999999999943e+02 -4.232999999999999829e+01 -1.359009999999999991e+03
1.508499999999999943e+02 -4.232999999999999829e+01 -1.359009999999999991e+03
1.508499999999999943e+02 -4.232999999999999829e+01 -1.359009999999999991e+03
1.447599999999999909e+02 -5.778999999999999915e+01 -1.359860000000000127e+03
1.447599999999999909e+02 -5.778999999999999915e+01 -1.359860000000000127e+03
1.400200000000000102e+02 -8.623999999999999488e+01 -1.360600000000000136e+03
1.430399999999999920e+02 -1.148200000000000074e+02 -1.360680000000000064e+03
1.430399999999999920e+02 -1.148200000000000074e+02 -1.360680000000000064e+03
1.522199999999999989e+02 -1.392500000000000000e+02 -1.360059999999999945e+03
1.522199999999999989e+02 -1.392500000000000000e+02 -1.360059999999999945e+03
1.552199999999999989e+02 -1.450600000000000023e+02 -1.359730000000000018e+03
1.552199999999999989e+02 -1.450600000000000023e+02 -1.359730000000000018e+03
