4.150000000000000000e+02
4.150000000000000000e+02
4.180000000000000000e+02
4.210000000000000000e+02
4.210000000000000000e+02
4.210000000000000000e+02
4.240000000000000000e+02
4.240000000000000000e+02
4.270000000000000000e+02
4.270000000000000000e+02
4.300000000000000000e+02
4.330000000000000000e+02
4.330000000000000000e+02
4.360000000000000000e+02
4.360000000000000000e+02
4.390000000000000000e+02
4.390000000000000000e+02
4.420000000000000000e+02
4.420000000000000000e+02
4.420000000000000000e+02
4.450000000000000000e+02
4.450000000000000000e+02
4.480000000000000000e+02
4.480000000000000000e+02
4.510000000000000000e+02
4.510000000000000000e+02
4.540000000000000000e+02
4.540000000000000000e+02
4.570000000000000000e+02
4.570000000000000000e+02
4.570000000000000000e+02
4.600000000000000000e+02
4.600000000000000000e+02
4.600000000000000000e+02
4.630000000000000000e+02
4.660000000000000000e+02
4.660000000000000000e+02
4.660000000000000000e+02
4.690000000000000000e+02
4.690000000000000000e+02
4.720000000000000000e+02
4.720000000000000000e+02
4.720000000000000000e+02
4.750000000000000000e+02
4.750000000000000000e+02
4.780000000000000000e+02
4.780000000000000000e+02
4.780000000000000000e+02
4.810000000000000000e+02
4.810000000000000000e+02
4.810000000000000000e+02
4.840000000000000000e+02
4.840000000000000000e+02
4.840000000000000000e+02
4.870000000000000000e+02
4.870000000000000000e+02
4.870000000000000000e+02
4.900000000000000000e+02
4.900000000000000000e+02
4.900000000000000000e+02
4.930000000000000000e+02
4.930000000000000000e+02
4.960000000000000000e+02
4.960000000000000000e+02
4.960000000000000000e+02
4.990000000000000000e+02
4.990000000000000000e+02
4.990000000000000000e+02
5.020000000000000000e+02
5.020000000000000000e+02
5.020000000000000000e+02
5.050000000000000000e+02
5.050000000000000000e+02
5.080000000000000000e+02
5.080000000000000000e+02
5.080000000000000000e+02
5.110000000000000000e+02
5.110000000000000000e+02
5.110000000000000000e+02
5.140000000000000000e+02
5.140000000000000000e+02
5.140000000000000000e+02
5.170000000000000000e+02
5.170000000000000000e+02
5.170000000000000000e+02
5.200000000000000000e+02
5.200000000000000000e+02
5.200000000000000000e+02
5.230000000000000000e+02
5.230000000000000000e+02
5.260000000000000000e+02
5.260000000000000000e+02
5.290000000000000000e+02
5.290000000000000000e+02
5.320000000000000000e+02
5.320000000000000000e+02
5.350000000000000000e+02
5.380000000000000000e+02
5.380000000000000000e+02
5.410000000000000000e+02
5.410000000000000000e+02
5.410000000000000000e+02
5.440000000000000000e+02
5.440000000000000000e+02
5.440000000000000000e+02
5.470000000000000000e+02
5.470000000000000000e+02
5.500000000000000000e+02
5.500000000000000000e+02
5.530000000000000000e+02
5.530000000000000000e+02
5.560000000000000000e+02
5.560000000000000000e+02
5.590000000000000000e+02
5.590000000000000000e+02
5.620000000000000000e+02
5.620000000000000000e+02
5.620000000000000000e+02
5.650000000000000000e+02
5.650000000000000000e+02
5.650000000000000000e+02
5.680000000000000000e+02
5.710000000000000000e+02
5.710000000000000000e+02
5.710000000000000000e+02
5.740000000000000000e+02
5.740000000000000000e+02
5.770000000000000000e+02
5.770000000000000000e+02
5.800000000000000000e+02
5.800000000000000000e+02
5.830000000000000000e+02
5.830000000000000000e+02
5.860000000000000000e+02
5.860000000000000000e+02
5.890000000000000000e+02
5.890000000000000000e+02
5.890000000000000000e+02
5.920000000000000000e+02
5.920000000000000000e+02
5.950000000000000000e+02
5.950000000000000000e+02
5.980000000000000000e+02
5.980000000000000000e+02
6.010000000000000000e+02
6.010000000000000000e+02
6.040000000000000000e+02
6.040000000000000000e+02
6.070000000000000000e+02
6.070000000000000000e+02
6.100000000000000000e+02
6.130000000000000000e+02
6.130000000000000000e+02
6.160000000000000000e+02
6.160000000000000000e+02
6.190000000000000000e+02
6.190000000000000000e+02
6.220000000000000000e+02
6.220000000000000000e+02
6.250000000000000000e+02
6.250000000000000000e+02
6.280000000000000000e+02
6.280000000000000000e+02
6.280000000000000000e+02
6.310000000000000000e+02
6.340000000000000000e+02
6.340000000000000000e+02
6.370000000000000000e+02
6.370000000000000000e+02
6.400000000000000000e+02
6.400000000000000000e+02
6.430000000000000000e+02
6.430000000000000000e+02
6.460000000000000000e+02
6.460000000000000000e+02
6.490000000000000000e+02
6.490000000000000000e+02
6.520000000000000000e+02
6.520000000000000000e+02
6.550000000000000000e+02
6.550000000000000000e+02
6.580000000000000000e+02
6.580000000000000000e+02
6.610000000000000000e+02
6.610000000000000000e+02
6.640000000000000000e+02
6.640000000000000000e+02
6.670000000000000000e+02
6.670000000000000000e+02
6.700000000000000000e+02
6.730000000000000000e+02
6.730000000000000000e+02
6.760000000000000000e+02
6.760000000000000000e+02
6.790000000000000000e+02
6.790000000000000000e+02
6.820000000000000000e+02
6.820000000000000000e+02
6.850000000000000000e+02
6.850000000000000000e+02
6.850000000000000000e+02
6.880000000000000000e+02
6.880000000000000000e+02
6.910000000000000000e+02
6.910000000000000000e+02
6.940000000000000000e+02
6.940000000000000000e+02
6.970000000000000000e+02
6.970000000000000000e+02
6.970000000000000000e+02
7.000000000000000000e+02
7.000000000000000000e+02
7.000000000000000000e+02
7.030000000000000000e+02
7.030000000000000000e+02
7.060000000000000000e+02
7.090000000000000000e+02
7.090000000000000000e+02
7.120000000000000000e+02
7.150000000000000000e+02
7.150000000000000000e+02
7.150000000000000000e+02
7.180000000000000000e+02
7.180000000000000000e+02
7.210000000000000000e+02
7.210000000000000000e+02
7.240000000000000000e+02
7.270000000000000000e+02
7.270000000000000000e+02
7.300000000000000000e+02
7.300000000000000000e+02
7.330000000000000000e+02
7.360000000000000000e+02
7.360000000000000000e+02
7.390000000000000000e+02
7.390000000000000000e+02
7.420000000000000000e+02
7.450000000000000000e+02
7.450000000000000000e+02
7.480000000000000000e+02
7.480000000000000000e+02
7.510000000000000000e+02
7.510000000000000000e+02
7.540000000000000000e+02
7.540000000000000000e+02
7.570000000000000000e+02
7.600000000000000000e+02
7.600000000000000000e+02
7.630000000000000000e+02
7.630000000000000000e+02
7.660000000000000000e+02
7.690000000000000000e+02
7.690000000000000000e+02
7.690000000000000000e+02
7.720000000000000000e+02
7.720000000000000000e+02
7.750000000000000000e+02
7.750000000000000000e+02
7.780000000000000000e+02
7.780000000000000000e+02
7.810000000000000000e+02
7.810000000000000000e+02
7.840000000000000000e+02
7.840000000000000000e+02
7.870000000000000000e+02
7.870000000000000000e+02
7.870000000000000000e+02
7.900000000000000000e+02
7.900000000000000000e+02
7.930000000000000000e+02
7.930000000000000000e+02
7.960000000000000000e+02
7.960000000000000000e+02
7.960000000000000000e+02
7.990000000000000000e+02
7.990000000000000000e+02
7.990000000000000000e+02
8.020000000000000000e+02
8.020000000000000000e+02
8.020000000000000000e+02
8.050000000000000000e+02
8.050000000000000000e+02
8.050000000000000000e+02
8.080000000000000000e+02
8.080000000000000000e+02
8.080000000000000000e+02
8.110000000000000000e+02
8.110000000000000000e+02
8.110000000000000000e+02
8.140000000000000000e+02
8.140000000000000000e+02
8.140000000000000000e+02
8.170000000000000000e+02
8.170000000000000000e+02
8.170000000000000000e+02
8.200000000000000000e+02
8.200000000000000000e+02
8.230000000000000000e+02
8.230000000000000000e+02
8.230000000000000000e+02
8.260000000000000000e+02
8.260000000000000000e+02
8.290000000000000000e+02
8.290000000000000000e+02
8.290000000000000000e+02
8.320000000000000000e+02
8.350000000000000000e+02
8.350000000000000000e+02
8.380000000000000000e+02
8.380000000000000000e+02
8.410000000000000000e+02
8.410000000000000000e+02
8.440000000000000000e+02
8.440000000000000000e+02
8.470000000000000000e+02
8.470000000000000000e+02
8.470000000000000000e+02
8.500000000000000000e+02
8.500000000000000000e+02
8.530000000000000000e+02
8.530000000000000000e+02
8.560000000000000000e+02
8.560000000000000000e+02
8.590000000000000000e+02
8.590000000000000000e+02
8.620000000000000000e+02
8.620000000000000000e+02
8.620000000000000000e+02
8.650000000000000000e+02
8.650000000000000000e+02
8.650000000000000000e+02
8.680000000000000000e+02
8.680000000000000000e+02
8.710000000000000000e+02
8.710000000000000000e+02
8.740000000000000000e+02
8.770000000000000000e+02
8.770000000000000000e+02
8.800000000000000000e+02
8.800000000000000000e+02
8.830000000000000000e+02
8.830000000000000000e+02
8.830000000000000000e+02
8.860000000000000000e+02
8.860000000000000000e+02
8.860000000000000000e+02
8.890000000000000000e+02
8.890000000000000000e+02
8.920000000000000000e+02
8.920000000000000000e+02
8.920000000000000000e+02
8.950000000000000000e+02
8.950000000000000000e+02
8.980000000000000000e+02
8.980000000000000000e+02
9.010000000000000000e+02
9.010000000000000000e+02
9.040000000000000000e+02
9.040000000000000000e+02
9.070000000000000000e+02
9.070000000000000000e+02
9.100000000000000000e+02
9.100000000000000000e+02
9.130000000000000000e+02
9.130000000000000000e+02
9.160000000000000000e+02
9.190000000000000000e+02
9.190000000000000000e+02
9.220000000000000000e+02
9.220000000000000000e+02
9.250000000000000000e+02
9.250000000000000000e+02
9.280000000000000000e+02
9.310000000000000000e+02
9.310000000000000000e+02
9.310000000000000000e+02
9.340000000000000000e+02
9.340000000000000000e+02
9.370000000000000000e+02
9.370000000000000000e+02
9.400000000000000000e+02
9.400000000000000000e+02
9.430000000000000000e+02
9.430000000000000000e+02
9.460000000000000000e+02
9.460000000000000000e+02
9.460000000000000000e+02
9.490000000000000000e+02
9.490000000000000000e+02
9.490000000000000000e+02
9.520000000000000000e+02
9.520000000000000000e+02
9.550000000000000000e+02
9.550000000000000000e+02
9.580000000000000000e+02
9.580000000000000000e+02
9.610000000000000000e+02
9.610000000000000000e+02
9.610000000000000000e+02
9.640000000000000000e+02
9.640000000000000000e+02
9.640000000000000000e+02
9.670000000000000000e+02
9.670000000000000000e+02
9.670000000000000000e+02
9.700000000000000000e+02
9.700000000000000000e+02
9.730000000000000000e+02
9.730000000000000000e+02
9.730000000000000000e+02
9.760000000000000000e+02
9.760000000000000000e+02
9.790000000000000000e+02
9.790000000000000000e+02
9.820000000000000000e+02
9.820000000000000000e+02
9.850000000000000000e+02
9.850000000000000000e+02
9.850000000000000000e+02
9.880000000000000000e+02
9.880000000000000000e+02
9.910000000000000000e+02
9.910000000000000000e+02
9.940000000000000000e+02
9.970000000000000000e+02
9.970000000000000000e+02
9.970000000000000000e+02
1.000000000000000000e+03
1.000000000000000000e+03
1.003000000000000000e+03
1.003000000000000000e+03
1.006000000000000000e+03
1.006000000000000000e+03
1.009000000000000000e+03
1.009000000000000000e+03
1.012000000000000000e+03
1.012000000000000000e+03
1.015000000000000000e+03
1.015000000000000000e+03
1.018000000000000000e+03
1.018000000000000000e+03
1.018000000000000000e+03
1.021000000000000000e+03
1.021000000000000000e+03
1.021000000000000000e+03
1.024000000000000000e+03
1.024000000000000000e+03
1.024000000000000000e+03
1.027000000000000000e+03
1.027000000000000000e+03
1.027000000000000000e+03
1.030000000000000000e+03
1.030000000000000000e+03
1.030000000000000000e+03
1.033000000000000000e+03
1.033000000000000000e+03
1.033000000000000000e+03
1.036000000000000000e+03
1.036000000000000000e+03
1.036000000000000000e+03
1.039000000000000000e+03
1.039000000000000000e+03
1.042000000000000000e+03
1.042000000000000000e+03
1.045000000000000000e+03
1.045000000000000000e+03
1.048000000000000000e+03
1.048000000000000000e+03
1.051000000000000000e+03
1.051000000000000000e+03
1.051000000000000000e+03
1.054000000000000000e+03
1.054000000000000000e+03
1.054000000000000000e+03
1.057000000000000000e+03
1.057000000000000000e+03
1.060000000000000000e+03
1.060000000000000000e+03
1.060000000000000000e+03
1.063000000000000000e+03
1.063000000000000000e+03
1.063000000000000000e+03
1.066000000000000000e+03
1.066000000000000000e+03
1.069000000000000000e+03
1.069000000000000000e+03
1.072000000000000000e+03
1.072000000000000000e+03
1.075000000000000000e+03
1.075000000000000000e+03
1.078000000000000000e+03
1.078000000000000000e+03
1.078000000000000000e+03
1.081000000000000000e+03
1.081000000000000000e+03
1.084000000000000000e+03
1.084000000000000000e+03
1.087000000000000000e+03
1.087000000000000000e+03
1.090000000000000000e+03
1.090000000000000000e+03
1.093000000000000000e+03
1.093000000000000000e+03
1.096000000000000000e+03
1.096000000000000000e+03
1.096000000000000000e+03
1.099000000000000000e+03
1.099000000000000000e+03
1.099000000000000000e+03
1.102000000000000000e+03
1.102000000000000000e+03
1.102000000000000000e+03
1.105000000000000000e+03
1.105000000000000000e+03
1.108000000000000000e+03
1.108000000000000000e+03
1.111000000000000000e+03
1.114000000000000000e+03
1.114000000000000000e+03
1.114000000000000000e+03
1.117000000000000000e+03
1.117000000000000000e+03
1.117000000000000000e+03
1.120000000000000000e+03
1.120000000000000000e+03
1.120000000000000000e+03
1.123000000000000000e+03
1.123000000000000000e+03
1.123000000000000000e+03
1.126000000000000000e+03
1.126000000000000000e+03
1.126000000000000000e+03
1.129000000000000000e+03
1.129000000000000000e+03
1.129000000000000000e+03
1.132000000000000000e+03
1.132000000000000000e+03
1.132000000000000000e+03
1.135000000000000000e+03
1.135000000000000000e+03
1.135000000000000000e+03
1.138000000000000000e+03
1.138000000000000000e+03
1.141000000000000000e+03
1.141000000000000000e+03
1.144000000000000000e+03
1.144000000000000000e+03
1.144000000000000000e+03
1.147000000000000000e+03
1.147000000000000000e+03
1.150000000000000000e+03
1.150000000000000000e+03
1.153000000000000000e+03
1.153000000000000000e+03
1.153000000000000000e+03
1.156000000000000000e+03
1.156000000000000000e+03
1.159000000000000000e+03
1.159000000000000000e+03
1.162000000000000000e+03
1.162000000000000000e+03
1.165000000000000000e+03
1.165000000000000000e+03
1.165000000000000000e+03
1.168000000000000000e+03
1.168000000000000000e+03
1.171000000000000000e+03
1.171000000000000000e+03
1.171000000000000000e+03
1.174000000000000000e+03
1.174000000000000000e+03
1.177000000000000000e+03
1.180000000000000000e+03
1.180000000000000000e+03
1.183000000000000000e+03
1.183000000000000000e+03
1.186000000000000000e+03
1.186000000000000000e+03
1.189000000000000000e+03
1.189000000000000000e+03
1.189000000000000000e+03
1.192000000000000000e+03
1.192000000000000000e+03
1.192000000000000000e+03
1.195000000000000000e+03
1.195000000000000000e+03
1.198000000000000000e+03
1.198000000000000000e+03
1.198000000000000000e+03
1.201000000000000000e+03
1.201000000000000000e+03
1.201000000000000000e+03
1.204000000000000000e+03
1.204000000000000000e+03
1.204000000000000000e+03
1.207000000000000000e+03
1.207000000000000000e+03
1.210000000000000000e+03
1.210000000000000000e+03
1.213000000000000000e+03
1.213000000000000000e+03
1.216000000000000000e+03
1.216000000000000000e+03
1.216000000000000000e+03
1.219000000000000000e+03
1.219000000000000000e+03
1.222000000000000000e+03
1.222000000000000000e+03
1.222000000000000000e+03
1.225000000000000000e+03
1.225000000000000000e+03
1.225000000000000000e+03
1.228000000000000000e+03
1.228000000000000000e+03
1.228000000000000000e+03
1.231000000000000000e+03
1.231000000000000000e+03
1.234000000000000000e+03
1.234000000000000000e+03
1.237000000000000000e+03
1.237000000000000000e+03
1.240000000000000000e+03
1.240000000000000000e+03
1.240000000000000000e+03
1.243000000000000000e+03
1.243000000000000000e+03
1.243000000000000000e+03
1.246000000000000000e+03
1.246000000000000000e+03
1.249000000000000000e+03
1.249000000000000000e+03
1.252000000000000000e+03
1.252000000000000000e+03
1.255000000000000000e+03
1.255000000000000000e+03
1.258000000000000000e+03
1.258000000000000000e+03
1.261000000000000000e+03
1.261000000000000000e+03
1.264000000000000000e+03
1.264000000000000000e+03
1.267000000000000000e+03
1.270000000000000000e+03
1.270000000000000000e+03
1.273000000000000000e+03
1.273000000000000000e+03
1.276000000000000000e+03
1.276000000000000000e+03
1.279000000000000000e+03
1.279000000000000000e+03
1.282000000000000000e+03
1.282000000000000000e+03
1.285000000000000000e+03
1.285000000000000000e+03
1.288000000000000000e+03
1.288000000000000000e+03
1.291000000000000000e+03
1.294000000000000000e+03
1.294000000000000000e+03
1.297000000000000000e+03
1.297000000000000000e+03
1.297000000000000000e+03
1.300000000000000000e+03
1.300000000000000000e+03
1.303000000000000000e+03
1.303000000000000000e+03
1.306000000000000000e+03
1.306000000000000000e+03
1.306000000000000000e+03
1.309000000000000000e+03
1.309000000000000000e+03
1.312000000000000000e+03
1.312000000000000000e+03
1.312000000000000000e+03
1.315000000000000000e+03
1.315000000000000000e+03
1.318000000000000000e+03
1.318000000000000000e+03
1.321000000000000000e+03
1.324000000000000000e+03
1.324000000000000000e+03
1.324000000000000000e+03
1.327000000000000000e+03
1.327000000000000000e+03
1.330000000000000000e+03
1.330000000000000000e+03
1.333000000000000000e+03
1.333000000000000000e+03
1.336000000000000000e+03
1.336000000000000000e+03
1.339000000000000000e+03
1.339000000000000000e+03
1.342000000000000000e+03
1.342000000000000000e+03
1.345000000000000000e+03
1.345000000000000000e+03
1.348000000000000000e+03
1.348000000000000000e+03
1.351000000000000000e+03
1.351000000000000000e+03
1.354000000000000000e+03
1.354000000000000000e+03
1.357000000000000000e+03
1.357000000000000000e+03
1.360000000000000000e+03
1.360000000000000000e+03
1.360000000000000000e+03
1.363000000000000000e+03
1.363000000000000000e+03
1.366000000000000000e+03
1.366000000000000000e+03
1.369000000000000000e+03
1.369000000000000000e+03
1.372000000000000000e+03
1.372000000000000000e+03
1.375000000000000000e+03
1.378000000000000000e+03
1.378000000000000000e+03
1.381000000000000000e+03
1.381000000000000000e+03
1.384000000000000000e+03
1.384000000000000000e+03
1.387000000000000000e+03
1.390000000000000000e+03
1.390000000000000000e+03
1.390000000000000000e+03
1.393000000000000000e+03
1.396000000000000000e+03
1.396000000000000000e+03
1.399000000000000000e+03
1.399000000000000000e+03
1.402000000000000000e+03
1.402000000000000000e+03
1.402000000000000000e+03
1.405000000000000000e+03
1.405000000000000000e+03
1.408000000000000000e+03
1.408000000000000000e+03
1.408000000000000000e+03
1.411000000000000000e+03
1.411000000000000000e+03
1.411000000000000000e+03
1.414000000000000000e+03
1.414000000000000000e+03
1.414000000000000000e+03
1.417000000000000000e+03
1.417000000000000000e+03
1.417000000000000000e+03
1.420000000000000000e+03
1.420000000000000000e+03
1.423000000000000000e+03
1.423000000000000000e+03
1.426000000000000000e+03
1.426000000000000000e+03
1.429000000000000000e+03
1.429000000000000000e+03
1.432000000000000000e+03
1.432000000000000000e+03
1.432000000000000000e+03
1.435000000000000000e+03
1.435000000000000000e+03
1.435000000000000000e+03
1.438000000000000000e+03
1.438000000000000000e+03
1.438000000000000000e+03
1.441000000000000000e+03
1.441000000000000000e+03
1.441000000000000000e+03
1.444000000000000000e+03
1.444000000000000000e+03
1.444000000000000000e+03
1.447000000000000000e+03
1.447000000000000000e+03
1.447000000000000000e+03
1.450000000000000000e+03
1.450000000000000000e+03
1.450000000000000000e+03
1.453000000000000000e+03
1.453000000000000000e+03
1.456000000000000000e+03
1.456000000000000000e+03
1.456000000000000000e+03
1.459000000000000000e+03
1.459000000000000000e+03
1.462000000000000000e+03
1.462000000000000000e+03
1.465000000000000000e+03
1.468000000000000000e+03
1.468000000000000000e+03
1.471000000000000000e+03
1.471000000000000000e+03
1.474000000000000000e+03
1.474000000000000000e+03
1.477000000000000000e+03
1.477000000000000000e+03
1.480000000000000000e+03
1.480000000000000000e+03
1.483000000000000000e+03
1.483000000000000000e+03
1.486000000000000000e+03
1.486000000000000000e+03
1.489000000000000000e+03
1.489000000000000000e+03
1.492000000000000000e+03
1.492000000000000000e+03
1.495000000000000000e+03
1.498000000000000000e+03
1.498000000000000000e+03
1.498000000000000000e+03
1.501000000000000000e+03
1.501000000000000000e+03
1.501000000000000000e+03
1.504000000000000000e+03
1.504000000000000000e+03
1.504000000000000000e+03
1.507000000000000000e+03
1.507000000000000000e+03
1.510000000000000000e+03
1.510000000000000000e+03
1.513000000000000000e+03
1.513000000000000000e+03
1.516000000000000000e+03
1.519000000000000000e+03
1.519000000000000000e+03
1.522000000000000000e+03
1.522000000000000000e+03
1.522000000000000000e+03
1.525000000000000000e+03
1.525000000000000000e+03
1.528000000000000000e+03
1.528000000000000000e+03
1.531000000000000000e+03
1.531000000000000000e+03
1.531000000000000000e+03
1.534000000000000000e+03
1.534000000000000000e+03
1.537000000000000000e+03
1.537000000000000000e+03
1.540000000000000000e+03
1.540000000000000000e+03
1.540000000000000000e+03
1.543000000000000000e+03
1.546000000000000000e+03
1.546000000000000000e+03
1.546000000000000000e+03
1.549000000000000000e+03
1.549000000000000000e+03
1.549000000000000000e+03
1.552000000000000000e+03
1.552000000000000000e+03
1.555000000000000000e+03
1.555000000000000000e+03
1.558000000000000000e+03
1.558000000000000000e+03
1.558000000000000000e+03
1.561000000000000000e+03
1.561000000000000000e+03
1.564000000000000000e+03
1.564000000000000000e+03
1.567000000000000000e+03
1.567000000000000000e+03
1.570000000000000000e+03
1.570000000000000000e+03
1.573000000000000000e+03
1.573000000000000000e+03
1.576000000000000000e+03
1.576000000000000000e+03
1.579000000000000000e+03
1.579000000000000000e+03
1.582000000000000000e+03
1.582000000000000000e+03
1.585000000000000000e+03
1.585000000000000000e+03
1.588000000000000000e+03
1.588000000000000000e+03
1.591000000000000000e+03
1.591000000000000000e+03
1.594000000000000000e+03
1.594000000000000000e+03
1.597000000000000000e+03
1.597000000000000000e+03
1.600000000000000000e+03
1.600000000000000000e+03
1.603000000000000000e+03
1.603000000000000000e+03
1.606000000000000000e+03
1.609000000000000000e+03
1.609000000000000000e+03
1.612000000000000000e+03
1.612000000000000000e+03
1.615000000000000000e+03
1.615000000000000000e+03
1.618000000000000000e+03
1.618000000000000000e+03
1.621000000000000000e+03
1.621000000000000000e+03
1.621000000000000000e+03
1.624000000000000000e+03
1.624000000000000000e+03
1.627000000000000000e+03
1.627000000000000000e+03
1.630000000000000000e+03
1.630000000000000000e+03
1.633000000000000000e+03
1.633000000000000000e+03
1.636000000000000000e+03
1.636000000000000000e+03
1.639000000000000000e+03
1.639000000000000000e+03
1.642000000000000000e+03
1.642000000000000000e+03
1.645000000000000000e+03
1.645000000000000000e+03
1.648000000000000000e+03
1.648000000000000000e+03
1.651000000000000000e+03
1.651000000000000000e+03
1.654000000000000000e+03
1.654000000000000000e+03
1.654000000000000000e+03
1.657000000000000000e+03
1.657000000000000000e+03
1.660000000000000000e+03
1.660000000000000000e+03
1.660000000000000000e+03
1.663000000000000000e+03
1.663000000000000000e+03
1.663000000000000000e+03
1.666000000000000000e+03
1.666000000000000000e+03
1.669000000000000000e+03
1.672000000000000000e+03
1.672000000000000000e+03
1.675000000000000000e+03
1.675000000000000000e+03
1.675000000000000000e+03
1.678000000000000000e+03
1.678000000000000000e+03
1.681000000000000000e+03
1.681000000000000000e+03
1.684000000000000000e+03
1.684000000000000000e+03
1.687000000000000000e+03
1.687000000000000000e+03
1.690000000000000000e+03
1.690000000000000000e+03
1.690000000000000000e+03
1.693000000000000000e+03
1.693000000000000000e+03
1.693000000000000000e+03
1.696000000000000000e+03
1.696000000000000000e+03
1.699000000000000000e+03
1.699000000000000000e+03
1.702000000000000000e+03
1.702000000000000000e+03
1.705000000000000000e+03
1.705000000000000000e+03
1.708000000000000000e+03
1.708000000000000000e+03
1.711000000000000000e+03
1.711000000000000000e+03
1.714000000000000000e+03
1.717000000000000000e+03
1.717000000000000000e+03
1.720000000000000000e+03
1.720000000000000000e+03
1.723000000000000000e+03
