7.320000000000000000e+02
7.320000000000000000e+02
7.350000000000000000e+02
7.350000000000000000e+02
7.350000000000000000e+02
7.380000000000000000e+02
7.380000000000000000e+02
7.410000000000000000e+02
7.440000000000000000e+02
7.440000000000000000e+02
7.470000000000000000e+02
7.500000000000000000e+02
7.500000000000000000e+02
7.530000000000000000e+02
7.530000000000000000e+02
7.530000000000000000e+02
7.560000000000000000e+02
7.560000000000000000e+02
7.590000000000000000e+02
7.590000000000000000e+02
7.620000000000000000e+02
7.620000000000000000e+02
7.620000000000000000e+02
7.650000000000000000e+02
7.650000000000000000e+02
7.650000000000000000e+02
7.680000000000000000e+02
7.680000000000000000e+02
7.680000000000000000e+02
7.710000000000000000e+02
7.710000000000000000e+02
7.710000000000000000e+02
7.740000000000000000e+02
7.740000000000000000e+02
7.770000000000000000e+02
7.800000000000000000e+02
7.800000000000000000e+02
7.800000000000000000e+02
7.830000000000000000e+02
7.830000000000000000e+02
7.830000000000000000e+02
7.860000000000000000e+02
7.860000000000000000e+02
7.860000000000000000e+02
7.890000000000000000e+02
7.890000000000000000e+02
7.890000000000000000e+02
7.920000000000000000e+02
7.920000000000000000e+02
7.920000000000000000e+02
7.950000000000000000e+02
7.950000000000000000e+02
7.950000000000000000e+02
7.980000000000000000e+02
7.980000000000000000e+02
7.980000000000000000e+02
8.010000000000000000e+02
8.010000000000000000e+02
8.040000000000000000e+02
8.040000000000000000e+02
8.070000000000000000e+02
8.100000000000000000e+02
8.100000000000000000e+02
8.130000000000000000e+02
8.160000000000000000e+02
8.160000000000000000e+02
8.190000000000000000e+02
8.190000000000000000e+02
8.190000000000000000e+02
8.220000000000000000e+02
8.220000000000000000e+02
8.220000000000000000e+02
8.250000000000000000e+02
8.250000000000000000e+02
8.250000000000000000e+02
8.280000000000000000e+02
8.280000000000000000e+02
8.280000000000000000e+02
8.310000000000000000e+02
8.310000000000000000e+02
8.310000000000000000e+02
8.340000000000000000e+02
8.340000000000000000e+02
8.340000000000000000e+02
8.370000000000000000e+02
8.400000000000000000e+02
8.400000000000000000e+02
8.430000000000000000e+02
8.460000000000000000e+02
8.460000000000000000e+02
8.460000000000000000e+02
8.490000000000000000e+02
8.490000000000000000e+02
8.520000000000000000e+02
8.550000000000000000e+02
8.550000000000000000e+02
8.550000000000000000e+02
8.580000000000000000e+02
8.580000000000000000e+02
8.580000000000000000e+02
8.610000000000000000e+02
8.610000000000000000e+02
8.640000000000000000e+02
8.670000000000000000e+02
8.670000000000000000e+02
8.700000000000000000e+02
8.730000000000000000e+02
8.730000000000000000e+02
8.730000000000000000e+02
8.760000000000000000e+02
8.760000000000000000e+02
8.760000000000000000e+02
8.790000000000000000e+02
8.790000000000000000e+02
8.790000000000000000e+02
8.820000000000000000e+02
8.820000000000000000e+02
8.820000000000000000e+02
8.850000000000000000e+02
8.850000000000000000e+02
8.850000000000000000e+02
8.880000000000000000e+02
8.880000000000000000e+02
8.880000000000000000e+02
8.910000000000000000e+02
8.910000000000000000e+02
8.910000000000000000e+02
8.940000000000000000e+02
8.940000000000000000e+02
8.940000000000000000e+02
8.970000000000000000e+02
8.970000000000000000e+02
8.970000000000000000e+02
9.000000000000000000e+02
9.000000000000000000e+02
9.000000000000000000e+02
9.030000000000000000e+02
9.030000000000000000e+02
9.030000000000000000e+02
9.060000000000000000e+02
9.060000000000000000e+02
9.060000000000000000e+02
9.090000000000000000e+02
9.090000000000000000e+02
9.090000000000000000e+02
9.120000000000000000e+02
9.120000000000000000e+02
9.120000000000000000e+02
9.150000000000000000e+02
9.150000000000000000e+02
9.150000000000000000e+02
9.180000000000000000e+02
9.180000000000000000e+02
9.180000000000000000e+02
9.210000000000000000e+02
9.210000000000000000e+02
9.210000000000000000e+02
9.240000000000000000e+02
9.240000000000000000e+02
9.270000000000000000e+02
9.300000000000000000e+02
9.300000000000000000e+02
9.300000000000000000e+02
9.330000000000000000e+02
9.330000000000000000e+02
9.330000000000000000e+02
9.360000000000000000e+02
9.390000000000000000e+02
9.390000000000000000e+02
9.390000000000000000e+02
9.420000000000000000e+02
9.420000000000000000e+02
9.420000000000000000e+02
9.450000000000000000e+02
9.450000000000000000e+02
9.480000000000000000e+02
9.480000000000000000e+02
9.480000000000000000e+02
9.510000000000000000e+02
9.510000000000000000e+02
9.510000000000000000e+02
9.540000000000000000e+02
9.540000000000000000e+02
9.540000000000000000e+02
9.570000000000000000e+02
9.570000000000000000e+02
9.570000000000000000e+02
9.600000000000000000e+02
9.600000000000000000e+02
9.600000000000000000e+02
9.630000000000000000e+02
9.630000000000000000e+02
9.630000000000000000e+02
9.660000000000000000e+02
9.660000000000000000e+02
9.660000000000000000e+02
9.690000000000000000e+02
9.690000000000000000e+02
9.690000000000000000e+02
9.720000000000000000e+02
9.720000000000000000e+02
9.720000000000000000e+02
9.750000000000000000e+02
9.750000000000000000e+02
9.750000000000000000e+02
9.780000000000000000e+02
9.780000000000000000e+02
9.780000000000000000e+02
9.810000000000000000e+02
9.810000000000000000e+02
9.810000000000000000e+02
9.840000000000000000e+02
9.840000000000000000e+02
9.840000000000000000e+02
9.870000000000000000e+02
9.870000000000000000e+02
9.870000000000000000e+02
9.900000000000000000e+02
9.900000000000000000e+02
9.900000000000000000e+02
9.930000000000000000e+02
9.930000000000000000e+02
9.930000000000000000e+02
9.960000000000000000e+02
9.960000000000000000e+02
9.960000000000000000e+02
9.990000000000000000e+02
9.990000000000000000e+02
9.990000000000000000e+02
1.002000000000000000e+03
1.002000000000000000e+03
1.005000000000000000e+03
1.005000000000000000e+03
1.005000000000000000e+03
1.008000000000000000e+03
1.011000000000000000e+03
1.011000000000000000e+03
1.014000000000000000e+03
1.014000000000000000e+03
1.017000000000000000e+03
1.017000000000000000e+03
1.017000000000000000e+03
1.020000000000000000e+03
1.020000000000000000e+03
1.020000000000000000e+03
1.023000000000000000e+03
1.023000000000000000e+03
1.023000000000000000e+03
1.026000000000000000e+03
1.026000000000000000e+03
1.026000000000000000e+03
1.029000000000000000e+03
1.029000000000000000e+03
1.032000000000000000e+03
1.032000000000000000e+03
1.035000000000000000e+03
1.035000000000000000e+03
1.035000000000000000e+03
1.038000000000000000e+03
1.038000000000000000e+03
1.041000000000000000e+03
1.041000000000000000e+03
1.044000000000000000e+03
1.044000000000000000e+03
1.044000000000000000e+03
1.047000000000000000e+03
1.047000000000000000e+03
1.047000000000000000e+03
1.050000000000000000e+03
1.050000000000000000e+03
1.053000000000000000e+03
1.053000000000000000e+03
1.053000000000000000e+03
1.056000000000000000e+03
1.056000000000000000e+03
1.056000000000000000e+03
1.059000000000000000e+03
1.059000000000000000e+03
1.059000000000000000e+03
1.062000000000000000e+03
1.062000000000000000e+03
1.062000000000000000e+03
1.065000000000000000e+03
1.065000000000000000e+03
1.068000000000000000e+03
1.071000000000000000e+03
1.071000000000000000e+03
1.074000000000000000e+03
1.074000000000000000e+03
1.077000000000000000e+03
1.080000000000000000e+03
1.080000000000000000e+03
1.083000000000000000e+03
1.086000000000000000e+03
1.086000000000000000e+03
1.089000000000000000e+03
1.089000000000000000e+03
1.092000000000000000e+03
1.092000000000000000e+03
1.092000000000000000e+03
1.095000000000000000e+03
1.095000000000000000e+03
1.095000000000000000e+03
1.098000000000000000e+03
1.098000000000000000e+03
1.098000000000000000e+03
1.101000000000000000e+03
1.101000000000000000e+03
1.101000000000000000e+03
1.104000000000000000e+03
1.104000000000000000e+03
1.104000000000000000e+03
1.107000000000000000e+03
1.107000000000000000e+03
1.110000000000000000e+03
1.110000000000000000e+03
1.110000000000000000e+03
1.113000000000000000e+03
1.113000000000000000e+03
1.116000000000000000e+03
1.116000000000000000e+03
1.119000000000000000e+03
1.119000000000000000e+03
1.119000000000000000e+03
1.122000000000000000e+03
1.122000000000000000e+03
1.125000000000000000e+03
1.128000000000000000e+03
1.128000000000000000e+03
1.128000000000000000e+03
1.131000000000000000e+03
1.134000000000000000e+03
1.134000000000000000e+03
1.137000000000000000e+03
1.137000000000000000e+03
1.137000000000000000e+03
1.140000000000000000e+03
1.140000000000000000e+03
1.143000000000000000e+03
1.146000000000000000e+03
1.146000000000000000e+03
1.146000000000000000e+03
1.149000000000000000e+03
1.149000000000000000e+03
1.152000000000000000e+03
1.152000000000000000e+03
1.155000000000000000e+03
1.155000000000000000e+03
1.155000000000000000e+03
1.158000000000000000e+03
1.158000000000000000e+03
1.161000000000000000e+03
1.161000000000000000e+03
1.164000000000000000e+03
1.164000000000000000e+03
1.167000000000000000e+03
1.167000000000000000e+03
1.167000000000000000e+03
1.170000000000000000e+03
1.170000000000000000e+03
1.170000000000000000e+03
1.173000000000000000e+03
1.173000000000000000e+03
1.173000000000000000e+03
1.176000000000000000e+03
1.176000000000000000e+03
1.176000000000000000e+03
1.179000000000000000e+03
1.182000000000000000e+03
1.182000000000000000e+03
1.185000000000000000e+03
1.185000000000000000e+03
1.185000000000000000e+03
1.188000000000000000e+03
1.188000000000000000e+03
1.188000000000000000e+03
1.191000000000000000e+03
1.191000000000000000e+03
1.194000000000000000e+03
1.197000000000000000e+03
1.197000000000000000e+03
1.200000000000000000e+03
1.203000000000000000e+03
1.203000000000000000e+03
1.203000000000000000e+03
1.206000000000000000e+03
1.206000000000000000e+03
1.209000000000000000e+03
1.212000000000000000e+03
1.212000000000000000e+03
1.212000000000000000e+03
1.215000000000000000e+03
1.215000000000000000e+03
1.218000000000000000e+03
1.218000000000000000e+03
1.218000000000000000e+03
1.221000000000000000e+03
1.221000000000000000e+03
1.221000000000000000e+03
1.224000000000000000e+03
1.224000000000000000e+03
1.224000000000000000e+03
1.227000000000000000e+03
1.227000000000000000e+03
1.230000000000000000e+03
1.230000000000000000e+03
1.230000000000000000e+03
1.233000000000000000e+03
1.233000000000000000e+03
1.233000000000000000e+03
1.236000000000000000e+03
1.239000000000000000e+03
1.239000000000000000e+03
1.239000000000000000e+03
1.242000000000000000e+03
1.242000000000000000e+03
1.242000000000000000e+03
1.245000000000000000e+03
1.245000000000000000e+03
1.245000000000000000e+03
1.248000000000000000e+03
1.248000000000000000e+03
1.248000000000000000e+03
1.251000000000000000e+03
1.251000000000000000e+03
1.251000000000000000e+03
1.254000000000000000e+03
1.257000000000000000e+03
1.257000000000000000e+03
1.260000000000000000e+03
1.260000000000000000e+03
1.263000000000000000e+03
1.263000000000000000e+03
1.263000000000000000e+03
1.266000000000000000e+03
1.266000000000000000e+03
1.266000000000000000e+03
1.269000000000000000e+03
1.269000000000000000e+03
1.269000000000000000e+03
1.272000000000000000e+03
1.272000000000000000e+03
1.275000000000000000e+03
1.278000000000000000e+03
1.278000000000000000e+03
1.278000000000000000e+03
1.281000000000000000e+03
1.281000000000000000e+03
1.281000000000000000e+03
1.284000000000000000e+03
1.284000000000000000e+03
1.284000000000000000e+03
1.287000000000000000e+03
1.287000000000000000e+03
1.287000000000000000e+03
1.290000000000000000e+03
1.290000000000000000e+03
1.290000000000000000e+03
1.293000000000000000e+03
1.293000000000000000e+03
1.293000000000000000e+03
1.296000000000000000e+03
1.296000000000000000e+03
1.296000000000000000e+03
1.299000000000000000e+03
1.299000000000000000e+03
1.299000000000000000e+03
1.302000000000000000e+03
1.302000000000000000e+03
1.305000000000000000e+03
1.305000000000000000e+03
1.308000000000000000e+03
1.308000000000000000e+03
1.308000000000000000e+03
1.311000000000000000e+03
1.311000000000000000e+03
1.314000000000000000e+03
1.314000000000000000e+03
1.317000000000000000e+03
1.317000000000000000e+03
1.317000000000000000e+03
1.320000000000000000e+03
1.320000000000000000e+03
1.323000000000000000e+03
1.323000000000000000e+03
1.323000000000000000e+03
1.326000000000000000e+03
1.326000000000000000e+03
1.326000000000000000e+03
1.329000000000000000e+03
1.329000000000000000e+03
1.332000000000000000e+03
1.332000000000000000e+03
1.335000000000000000e+03
1.335000000000000000e+03
1.335000000000000000e+03
1.338000000000000000e+03
1.338000000000000000e+03
1.338000000000000000e+03
1.341000000000000000e+03
1.341000000000000000e+03
1.341000000000000000e+03
1.344000000000000000e+03
1.347000000000000000e+03
1.347000000000000000e+03
1.350000000000000000e+03
1.353000000000000000e+03
1.353000000000000000e+03
1.353000000000000000e+03
1.356000000000000000e+03
1.356000000000000000e+03
1.356000000000000000e+03
1.359000000000000000e+03
1.359000000000000000e+03
1.359000000000000000e+03
1.362000000000000000e+03
1.362000000000000000e+03
1.362000000000000000e+03
1.365000000000000000e+03
1.365000000000000000e+03
1.368000000000000000e+03
1.371000000000000000e+03
1.371000000000000000e+03
1.374000000000000000e+03
1.374000000000000000e+03
1.374000000000000000e+03
1.377000000000000000e+03
1.377000000000000000e+03
1.377000000000000000e+03
1.380000000000000000e+03
1.380000000000000000e+03
1.380000000000000000e+03
1.383000000000000000e+03
1.383000000000000000e+03
1.383000000000000000e+03
1.386000000000000000e+03
1.386000000000000000e+03
1.386000000000000000e+03
1.389000000000000000e+03
1.389000000000000000e+03
1.389000000000000000e+03
1.392000000000000000e+03
1.392000000000000000e+03
1.392000000000000000e+03
1.395000000000000000e+03
1.395000000000000000e+03
1.395000000000000000e+03
1.398000000000000000e+03
1.398000000000000000e+03
1.401000000000000000e+03
