1.473000000000000000e+03
1.482000000000000000e+03
1.488000000000000000e+03
1.497000000000000000e+03
1.503000000000000000e+03
1.512000000000000000e+03
1.518000000000000000e+03
1.527000000000000000e+03
1.533000000000000000e+03
1.542000000000000000e+03
1.548000000000000000e+03
1.557000000000000000e+03
1.566000000000000000e+03
1.572000000000000000e+03
1.581000000000000000e+03
1.587000000000000000e+03
1.596000000000000000e+03
1.602000000000000000e+03
1.611000000000000000e+03
1.620000000000000000e+03
1.626000000000000000e+03
1.635000000000000000e+03
1.644000000000000000e+03
1.650000000000000000e+03
1.659000000000000000e+03
1.665000000000000000e+03
1.674000000000000000e+03
1.680000000000000000e+03
1.689000000000000000e+03
1.695000000000000000e+03
1.704000000000000000e+03
1.710000000000000000e+03
1.719000000000000000e+03
1.725000000000000000e+03
1.734000000000000000e+03
1.740000000000000000e+03
1.749000000000000000e+03
1.758000000000000000e+03
1.764000000000000000e+03
1.773000000000000000e+03
1.782000000000000000e+03
1.788000000000000000e+03
1.797000000000000000e+03
1.803000000000000000e+03
1.812000000000000000e+03
1.818000000000000000e+03
1.827000000000000000e+03
1.833000000000000000e+03
1.842000000000000000e+03
1.848000000000000000e+03
1.857000000000000000e+03
1.863000000000000000e+03
1.872000000000000000e+03
1.878000000000000000e+03
1.887000000000000000e+03
1.896000000000000000e+03
1.902000000000000000e+03
1.911000000000000000e+03
1.917000000000000000e+03
1.926000000000000000e+03
1.932000000000000000e+03
1.941000000000000000e+03
1.947000000000000000e+03
1.956000000000000000e+03
1.962000000000000000e+03
1.971000000000000000e+03
1.977000000000000000e+03
1.986000000000000000e+03
1.995000000000000000e+03
2.001000000000000000e+03
2.010000000000000000e+03
2.016000000000000000e+03
2.025000000000000000e+03
2.034000000000000000e+03
2.040000000000000000e+03
2.049000000000000000e+03
2.058000000000000000e+03
2.064000000000000000e+03
2.073000000000000000e+03
2.079000000000000000e+03
2.088000000000000000e+03
2.094000000000000000e+03
2.103000000000000000e+03
2.109000000000000000e+03
2.118000000000000000e+03
2.124000000000000000e+03
2.133000000000000000e+03
2.142000000000000000e+03
2.148000000000000000e+03
2.157000000000000000e+03
2.163000000000000000e+03
2.172000000000000000e+03
2.178000000000000000e+03
2.187000000000000000e+03
2.193000000000000000e+03
2.202000000000000000e+03
2.211000000000000000e+03
2.217000000000000000e+03
2.226000000000000000e+03
2.232000000000000000e+03
2.241000000000000000e+03
2.247000000000000000e+03
2.256000000000000000e+03
2.262000000000000000e+03
2.271000000000000000e+03
2.280000000000000000e+03
2.286000000000000000e+03
2.295000000000000000e+03
2.304000000000000000e+03
2.310000000000000000e+03
2.319000000000000000e+03
2.325000000000000000e+03
2.334000000000000000e+03
2.340000000000000000e+03
2.349000000000000000e+03
2.355000000000000000e+03
2.364000000000000000e+03
2.373000000000000000e+03
2.379000000000000000e+03
2.388000000000000000e+03
2.394000000000000000e+03
2.403000000000000000e+03
2.409000000000000000e+03
2.418000000000000000e+03
2.424000000000000000e+03
2.433000000000000000e+03
2.442000000000000000e+03
2.448000000000000000e+03
2.457000000000000000e+03
2.463000000000000000e+03
2.472000000000000000e+03
2.481000000000000000e+03
2.487000000000000000e+03
2.496000000000000000e+03
2.505000000000000000e+03
2.511000000000000000e+03
2.520000000000000000e+03
2.529000000000000000e+03
2.535000000000000000e+03
2.544000000000000000e+03
2.550000000000000000e+03
2.559000000000000000e+03
2.568000000000000000e+03
2.574000000000000000e+03
2.583000000000000000e+03
2.589000000000000000e+03
2.598000000000000000e+03
2.604000000000000000e+03
2.613000000000000000e+03
2.619000000000000000e+03
2.628000000000000000e+03
2.634000000000000000e+03
2.643000000000000000e+03
2.649000000000000000e+03
2.658000000000000000e+03
2.664000000000000000e+03
2.673000000000000000e+03
2.679000000000000000e+03
2.688000000000000000e+03
2.694000000000000000e+03
2.703000000000000000e+03
2.712000000000000000e+03
2.718000000000000000e+03
2.727000000000000000e+03
2.733000000000000000e+03
2.742000000000000000e+03
2.751000000000000000e+03
2.757000000000000000e+03
2.766000000000000000e+03
2.772000000000000000e+03
2.781000000000000000e+03
2.790000000000000000e+03
2.796000000000000000e+03
2.805000000000000000e+03
2.814000000000000000e+03
2.820000000000000000e+03
2.829000000000000000e+03
2.838000000000000000e+03
2.844000000000000000e+03
2.853000000000000000e+03
2.862000000000000000e+03
2.868000000000000000e+03
2.877000000000000000e+03
2.883000000000000000e+03
2.892000000000000000e+03
2.901000000000000000e+03
2.907000000000000000e+03
2.916000000000000000e+03
2.922000000000000000e+03
2.931000000000000000e+03
2.940000000000000000e+03
2.946000000000000000e+03
2.955000000000000000e+03
2.964000000000000000e+03
2.970000000000000000e+03
2.979000000000000000e+03
2.985000000000000000e+03
2.994000000000000000e+03
3.003000000000000000e+03
3.009000000000000000e+03
3.018000000000000000e+03
3.024000000000000000e+03
3.033000000000000000e+03
3.042000000000000000e+03
3.048000000000000000e+03
3.057000000000000000e+03
3.063000000000000000e+03
3.072000000000000000e+03
3.078000000000000000e+03
3.087000000000000000e+03
3.093000000000000000e+03
3.102000000000000000e+03
3.108000000000000000e+03
3.117000000000000000e+03
3.123000000000000000e+03
3.132000000000000000e+03
3.141000000000000000e+03
3.147000000000000000e+03
3.156000000000000000e+03
3.165000000000000000e+03
3.171000000000000000e+03
3.180000000000000000e+03
3.189000000000000000e+03
3.195000000000000000e+03
3.204000000000000000e+03
3.213000000000000000e+03
3.219000000000000000e+03
3.228000000000000000e+03
3.237000000000000000e+03
3.243000000000000000e+03
3.252000000000000000e+03
3.258000000000000000e+03
3.267000000000000000e+03
3.273000000000000000e+03
3.282000000000000000e+03
3.291000000000000000e+03
3.297000000000000000e+03
3.306000000000000000e+03
3.315000000000000000e+03
3.321000000000000000e+03
3.330000000000000000e+03
3.336000000000000000e+03
3.345000000000000000e+03
3.354000000000000000e+03
3.360000000000000000e+03
3.369000000000000000e+03
3.375000000000000000e+03
3.384000000000000000e+03
3.393000000000000000e+03
3.399000000000000000e+03
3.408000000000000000e+03
3.417000000000000000e+03
3.423000000000000000e+03
3.432000000000000000e+03
3.438000000000000000e+03
3.447000000000000000e+03
3.453000000000000000e+03
3.462000000000000000e+03
3.471000000000000000e+03
3.477000000000000000e+03
3.486000000000000000e+03
3.492000000000000000e+03
3.501000000000000000e+03
3.510000000000000000e+03
3.516000000000000000e+03
3.525000000000000000e+03
3.534000000000000000e+03
3.540000000000000000e+03
3.549000000000000000e+03
3.555000000000000000e+03
3.564000000000000000e+03
3.570000000000000000e+03
3.579000000000000000e+03
3.585000000000000000e+03
3.594000000000000000e+03
3.600000000000000000e+03
3.609000000000000000e+03
3.615000000000000000e+03
3.624000000000000000e+03
3.633000000000000000e+03
3.639000000000000000e+03
3.648000000000000000e+03
3.654000000000000000e+03
3.663000000000000000e+03
3.672000000000000000e+03
3.678000000000000000e+03
3.687000000000000000e+03
3.693000000000000000e+03
3.702000000000000000e+03
3.708000000000000000e+03
3.717000000000000000e+03
3.726000000000000000e+03
3.732000000000000000e+03
3.741000000000000000e+03
3.747000000000000000e+03
3.756000000000000000e+03
3.762000000000000000e+03
3.771000000000000000e+03
3.777000000000000000e+03
3.786000000000000000e+03
3.792000000000000000e+03
3.801000000000000000e+03
3.810000000000000000e+03
3.816000000000000000e+03
3.825000000000000000e+03
3.831000000000000000e+03
3.840000000000000000e+03
3.846000000000000000e+03
3.855000000000000000e+03
3.861000000000000000e+03
3.870000000000000000e+03
3.876000000000000000e+03
3.885000000000000000e+03
3.891000000000000000e+03
3.900000000000000000e+03
3.906000000000000000e+03
3.915000000000000000e+03
3.924000000000000000e+03
3.930000000000000000e+03
3.939000000000000000e+03
3.948000000000000000e+03
3.954000000000000000e+03
3.963000000000000000e+03
3.969000000000000000e+03
3.978000000000000000e+03
3.984000000000000000e+03
3.993000000000000000e+03
3.999000000000000000e+03
4.008000000000000000e+03
4.014000000000000000e+03
4.023000000000000000e+03
4.029000000000000000e+03
4.038000000000000000e+03
4.044000000000000000e+03
4.053000000000000000e+03
4.059000000000000000e+03
4.068000000000000000e+03
4.074000000000000000e+03
4.083000000000000000e+03
4.089000000000000000e+03
4.098000000000000000e+03
4.107000000000000000e+03
4.113000000000000000e+03
4.122000000000000000e+03
4.128000000000000000e+03
4.137000000000000000e+03
4.143000000000000000e+03
4.152000000000000000e+03
4.158000000000000000e+03
4.167000000000000000e+03
4.173000000000000000e+03
4.182000000000000000e+03
4.188000000000000000e+03
4.197000000000000000e+03
4.203000000000000000e+03
4.212000000000000000e+03
4.218000000000000000e+03
4.227000000000000000e+03
4.233000000000000000e+03
4.242000000000000000e+03
4.248000000000000000e+03
4.257000000000000000e+03
4.263000000000000000e+03
4.272000000000000000e+03
4.278000000000000000e+03
4.287000000000000000e+03
4.296000000000000000e+03
4.302000000000000000e+03
4.311000000000000000e+03
4.320000000000000000e+03
4.326000000000000000e+03
4.335000000000000000e+03
4.341000000000000000e+03
4.350000000000000000e+03
4.359000000000000000e+03
4.365000000000000000e+03
4.374000000000000000e+03
4.383000000000000000e+03
4.389000000000000000e+03
4.398000000000000000e+03
4.407000000000000000e+03
4.413000000000000000e+03
4.422000000000000000e+03
4.431000000000000000e+03
4.437000000000000000e+03
4.446000000000000000e+03
4.452000000000000000e+03
4.461000000000000000e+03
4.467000000000000000e+03
4.476000000000000000e+03
4.482000000000000000e+03
4.491000000000000000e+03
4.500000000000000000e+03
4.506000000000000000e+03
4.515000000000000000e+03
4.524000000000000000e+03
4.530000000000000000e+03
4.539000000000000000e+03
4.545000000000000000e+03
4.554000000000000000e+03
4.560000000000000000e+03
4.569000000000000000e+03
4.575000000000000000e+03
4.584000000000000000e+03
4.590000000000000000e+03
4.599000000000000000e+03
4.605000000000000000e+03
4.614000000000000000e+03
4.620000000000000000e+03
4.629000000000000000e+03
4.638000000000000000e+03
4.644000000000000000e+03
4.653000000000000000e+03
4.659000000000000000e+03
4.668000000000000000e+03
4.674000000000000000e+03
4.683000000000000000e+03
4.689000000000000000e+03
4.698000000000000000e+03
4.707000000000000000e+03
4.713000000000000000e+03
4.722000000000000000e+03
4.731000000000000000e+03
4.737000000000000000e+03
4.746000000000000000e+03
4.755000000000000000e+03
4.761000000000000000e+03
4.770000000000000000e+03
4.776000000000000000e+03
4.785000000000000000e+03
4.794000000000000000e+03
4.800000000000000000e+03
4.809000000000000000e+03
4.815000000000000000e+03
4.824000000000000000e+03
4.830000000000000000e+03
4.839000000000000000e+03
4.848000000000000000e+03
4.854000000000000000e+03
4.863000000000000000e+03
4.872000000000000000e+03
4.878000000000000000e+03
4.887000000000000000e+03
4.896000000000000000e+03
4.902000000000000000e+03
4.911000000000000000e+03
4.920000000000000000e+03
4.926000000000000000e+03
4.935000000000000000e+03
4.944000000000000000e+03
4.950000000000000000e+03
4.959000000000000000e+03
4.965000000000000000e+03
4.974000000000000000e+03
4.980000000000000000e+03
4.989000000000000000e+03
4.995000000000000000e+03
5.004000000000000000e+03
5.010000000000000000e+03
5.019000000000000000e+03
5.025000000000000000e+03
5.034000000000000000e+03
5.043000000000000000e+03
5.049000000000000000e+03
5.058000000000000000e+03
5.067000000000000000e+03
5.073000000000000000e+03
5.082000000000000000e+03
5.088000000000000000e+03
5.097000000000000000e+03
5.103000000000000000e+03
5.112000000000000000e+03
5.118000000000000000e+03
5.127000000000000000e+03
5.136000000000000000e+03
5.142000000000000000e+03
5.151000000000000000e+03
5.157000000000000000e+03
5.166000000000000000e+03
5.175000000000000000e+03
5.181000000000000000e+03
5.190000000000000000e+03
5.196000000000000000e+03
5.205000000000000000e+03
5.211000000000000000e+03
5.220000000000000000e+03
5.226000000000000000e+03
5.235000000000000000e+03
5.241000000000000000e+03
5.250000000000000000e+03
5.256000000000000000e+03
5.265000000000000000e+03
5.271000000000000000e+03
5.280000000000000000e+03
5.286000000000000000e+03
5.295000000000000000e+03
5.304000000000000000e+03
5.310000000000000000e+03
5.319000000000000000e+03
5.325000000000000000e+03
5.334000000000000000e+03
5.340000000000000000e+03
5.349000000000000000e+03
5.358000000000000000e+03
5.364000000000000000e+03
5.373000000000000000e+03
5.379000000000000000e+03
5.388000000000000000e+03
5.394000000000000000e+03
5.403000000000000000e+03
5.412000000000000000e+03
5.418000000000000000e+03
5.427000000000000000e+03
5.433000000000000000e+03
5.442000000000000000e+03
5.448000000000000000e+03
5.457000000000000000e+03
5.466000000000000000e+03
5.472000000000000000e+03
5.481000000000000000e+03
5.490000000000000000e+03
5.496000000000000000e+03
5.505000000000000000e+03
5.511000000000000000e+03
5.520000000000000000e+03
5.529000000000000000e+03
5.535000000000000000e+03
5.544000000000000000e+03
5.553000000000000000e+03
5.559000000000000000e+03
5.568000000000000000e+03
5.574000000000000000e+03
5.583000000000000000e+03
5.592000000000000000e+03
5.598000000000000000e+03
5.607000000000000000e+03
5.616000000000000000e+03
5.622000000000000000e+03
5.631000000000000000e+03
5.637000000000000000e+03
5.646000000000000000e+03
5.652000000000000000e+03
5.661000000000000000e+03
5.670000000000000000e+03
5.676000000000000000e+03
5.685000000000000000e+03
5.694000000000000000e+03
5.700000000000000000e+03
5.709000000000000000e+03
5.718000000000000000e+03
5.724000000000000000e+03
5.733000000000000000e+03
5.742000000000000000e+03
5.748000000000000000e+03
5.757000000000000000e+03
5.766000000000000000e+03
5.772000000000000000e+03
5.781000000000000000e+03
5.787000000000000000e+03
5.796000000000000000e+03
5.802000000000000000e+03
5.811000000000000000e+03
5.820000000000000000e+03
5.826000000000000000e+03
5.835000000000000000e+03
5.841000000000000000e+03
5.850000000000000000e+03
5.859000000000000000e+03
5.865000000000000000e+03
5.874000000000000000e+03
5.880000000000000000e+03
5.889000000000000000e+03
5.898000000000000000e+03
5.904000000000000000e+03
5.913000000000000000e+03
5.919000000000000000e+03
5.928000000000000000e+03
5.934000000000000000e+03
5.943000000000000000e+03
5.952000000000000000e+03
5.958000000000000000e+03
5.967000000000000000e+03
5.976000000000000000e+03
5.982000000000000000e+03
5.991000000000000000e+03
6.000000000000000000e+03
6.006000000000000000e+03
6.015000000000000000e+03
6.021000000000000000e+03
6.030000000000000000e+03
6.036000000000000000e+03
6.045000000000000000e+03
6.051000000000000000e+03
6.060000000000000000e+03
6.066000000000000000e+03
6.075000000000000000e+03
6.081000000000000000e+03
6.090000000000000000e+03
6.096000000000000000e+03
6.105000000000000000e+03
6.114000000000000000e+03
6.120000000000000000e+03
6.129000000000000000e+03
6.138000000000000000e+03
6.144000000000000000e+03
6.153000000000000000e+03
6.162000000000000000e+03
6.168000000000000000e+03
6.177000000000000000e+03
6.186000000000000000e+03
6.192000000000000000e+03
6.201000000000000000e+03
6.210000000000000000e+03
6.216000000000000000e+03
6.225000000000000000e+03
6.231000000000000000e+03
6.240000000000000000e+03
6.246000000000000000e+03
6.255000000000000000e+03
6.261000000000000000e+03
6.270000000000000000e+03
6.279000000000000000e+03
6.285000000000000000e+03
6.294000000000000000e+03
6.300000000000000000e+03
6.309000000000000000e+03
6.315000000000000000e+03
6.324000000000000000e+03
6.333000000000000000e+03
6.339000000000000000e+03
6.348000000000000000e+03
6.357000000000000000e+03
6.363000000000000000e+03
6.372000000000000000e+03
6.381000000000000000e+03
6.387000000000000000e+03
6.396000000000000000e+03
6.402000000000000000e+03
6.411000000000000000e+03
6.417000000000000000e+03
6.426000000000000000e+03
6.432000000000000000e+03
6.441000000000000000e+03
6.447000000000000000e+03
6.456000000000000000e+03
6.462000000000000000e+03
6.471000000000000000e+03
6.480000000000000000e+03
6.486000000000000000e+03
6.495000000000000000e+03
6.501000000000000000e+03
6.510000000000000000e+03
6.519000000000000000e+03
6.525000000000000000e+03
6.534000000000000000e+03
6.540000000000000000e+03
6.549000000000000000e+03
6.558000000000000000e+03
6.564000000000000000e+03
6.573000000000000000e+03
6.582000000000000000e+03
6.588000000000000000e+03
6.597000000000000000e+03
6.603000000000000000e+03
6.612000000000000000e+03
6.618000000000000000e+03
6.627000000000000000e+03
6.633000000000000000e+03
6.642000000000000000e+03
6.651000000000000000e+03
6.657000000000000000e+03
6.666000000000000000e+03
6.672000000000000000e+03
6.681000000000000000e+03
6.687000000000000000e+03
6.696000000000000000e+03
6.702000000000000000e+03
6.711000000000000000e+03
6.720000000000000000e+03
6.726000000000000000e+03
6.735000000000000000e+03
6.741000000000000000e+03
6.750000000000000000e+03
6.759000000000000000e+03
6.765000000000000000e+03
6.774000000000000000e+03
6.783000000000000000e+03
6.789000000000000000e+03
6.798000000000000000e+03
6.804000000000000000e+03
6.813000000000000000e+03
6.822000000000000000e+03
6.828000000000000000e+03
6.837000000000000000e+03
6.843000000000000000e+03
6.852000000000000000e+03
6.858000000000000000e+03
6.867000000000000000e+03
6.873000000000000000e+03
6.882000000000000000e+03
6.891000000000000000e+03
6.897000000000000000e+03
6.906000000000000000e+03
6.912000000000000000e+03
6.921000000000000000e+03
6.930000000000000000e+03
6.936000000000000000e+03
6.945000000000000000e+03
6.951000000000000000e+03
6.960000000000000000e+03
6.969000000000000000e+03
6.975000000000000000e+03
6.984000000000000000e+03
6.993000000000000000e+03
6.999000000000000000e+03
7.008000000000000000e+03
7.014000000000000000e+03
7.023000000000000000e+03
7.029000000000000000e+03
7.038000000000000000e+03
7.047000000000000000e+03
7.053000000000000000e+03
7.062000000000000000e+03
7.071000000000000000e+03
7.077000000000000000e+03
7.086000000000000000e+03
7.095000000000000000e+03
7.101000000000000000e+03
7.110000000000000000e+03
7.116000000000000000e+03
7.125000000000000000e+03
7.131000000000000000e+03
7.140000000000000000e+03
7.149000000000000000e+03
7.155000000000000000e+03
7.164000000000000000e+03
7.173000000000000000e+03
7.179000000000000000e+03
7.188000000000000000e+03
7.194000000000000000e+03
7.203000000000000000e+03
7.212000000000000000e+03
7.218000000000000000e+03
7.227000000000000000e+03
7.233000000000000000e+03
7.242000000000000000e+03
7.248000000000000000e+03
7.257000000000000000e+03
7.266000000000000000e+03
7.272000000000000000e+03
7.281000000000000000e+03
7.287000000000000000e+03
7.296000000000000000e+03
7.305000000000000000e+03
7.311000000000000000e+03
7.320000000000000000e+03
7.329000000000000000e+03
7.335000000000000000e+03
7.344000000000000000e+03
7.350000000000000000e+03
7.359000000000000000e+03
7.365000000000000000e+03
7.374000000000000000e+03
7.380000000000000000e+03
7.389000000000000000e+03
7.398000000000000000e+03
7.404000000000000000e+03
7.413000000000000000e+03
7.419000000000000000e+03
7.428000000000000000e+03
7.434000000000000000e+03
7.443000000000000000e+03
7.452000000000000000e+03
7.458000000000000000e+03
7.467000000000000000e+03
7.476000000000000000e+03
