6.953032078470289619e-310 1.439747023650228102e-311 1.439745972878823512e-311
nan nan nan
nan nan nan
-2.985999999999999943e+01 -7.332999999999999829e+01 -1.171410000000000082e+03
-2.985000000000000142e+01 -7.335000000000000853e+01 -1.170430000000000064e+03
-2.969000000000000128e+01 -7.339000000000000057e+01 -1.168910000000000082e+03
-2.964000000000000057e+01 -7.340999999999999659e+01 -1.167920000000000073e+03
-2.966000000000000014e+01 -7.345000000000000284e+01 -1.166430000000000064e+03
-2.957000000000000028e+01 -7.346999999999999886e+01 -1.165410000000000082e+03
-2.942000000000000171e+01 -7.351000000000000512e+01 -1.163930000000000064e+03
-2.941000000000000014e+01 -7.353000000000000114e+01 -1.162930000000000064e+03
-2.937000000000000099e+01 -7.356000000000000227e+01 -1.161440000000000055e+03
-2.928999999999999915e+01 -7.357999999999999829e+01 -1.160440000000000055e+03
-2.921999999999999886e+01 -7.360999999999999943e+01 -1.158930000000000064e+03
-2.914000000000000057e+01 -7.365000000000000568e+01 -1.157420000000000073e+03
-2.906000000000000227e+01 -7.368000000000000682e+01 -1.156430000000000064e+03
-2.896999999999999886e+01 -7.370000000000000284e+01 -1.154890000000000100e+03
-2.896000000000000085e+01 -7.371999999999999886e+01 -1.153890000000000100e+03
-2.885000000000000142e+01 -7.375000000000000000e+01 -1.152450000000000045e+03
-2.885000000000000142e+01 -7.376999999999999602e+01 -1.151420000000000073e+03
-2.881000000000000227e+01 -7.379999999999999716e+01 -1.149930000000000064e+03
-2.866000000000000014e+01 -7.382999999999999829e+01 -1.148440000000000055e+03
-2.864000000000000057e+01 -7.385000000000000853e+01 -1.147480000000000018e+03
-2.860999999999999943e+01 -7.387999999999999545e+01 -1.145930000000000064e+03
-2.846999999999999886e+01 -7.390999999999999659e+01 -1.144450000000000045e+03
-2.846999999999999886e+01 -7.393000000000000682e+01 -1.143450000000000045e+03
-2.840000000000000213e+01 -7.396000000000000796e+01 -1.141950000000000045e+03
-2.833999999999999986e+01 -7.398999999999999488e+01 -1.140980000000000018e+03
-2.830000000000000071e+01 -7.401999999999999602e+01 -1.139450000000000045e+03
-2.819999999999999929e+01 -7.404000000000000625e+01 -1.138430000000000064e+03
-2.810000000000000142e+01 -7.407999999999999829e+01 -1.136960000000000036e+03
-2.808999999999999986e+01 -7.410000000000000853e+01 -1.135960000000000036e+03
-2.800000000000000000e+01 -7.412999999999999545e+01 -1.134440000000000055e+03
-2.790000000000000213e+01 -7.415999999999999659e+01 -1.133470000000000027e+03
-2.783000000000000185e+01 -7.418999999999999773e+01 -1.131950000000000045e+03
-2.780000000000000071e+01 -7.421000000000000796e+01 -1.130950000000000045e+03
-2.769999999999999929e+01 -7.425000000000000000e+01 -1.129480000000000018e+03
-2.766000000000000014e+01 -7.426000000000000512e+01 -1.128470000000000027e+03
-2.751999999999999957e+01 -7.429999999999999716e+01 -1.126970000000000027e+03
-2.748000000000000043e+01 -7.432999999999999829e+01 -1.125470000000000027e+03
-2.746999999999999886e+01 -7.434000000000000341e+01 -1.124430000000000064e+03
-2.733999999999999986e+01 -7.437000000000000455e+01 -1.123069999999999936e+03
-2.737000000000000099e+01 -7.435999999999999943e+01 -1.123759999999999991e+03
-2.740000000000000213e+01 -7.434000000000000341e+01 -1.124759999999999991e+03
-2.742000000000000171e+01 -7.431000000000000227e+01 -1.126279999999999973e+03
-2.755000000000000071e+01 -7.429000000000000625e+01 -1.127309999999999945e+03
-2.765000000000000213e+01 -7.426000000000000512e+01 -1.128819999999999936e+03
-2.764000000000000057e+01 -7.425000000000000000e+01 -1.129779999999999973e+03
-2.778000000000000114e+01 -7.421999999999999886e+01 -1.131279999999999973e+03
-2.778999999999999915e+01 -7.420000000000000284e+01 -1.132299999999999955e+03
-2.791000000000000014e+01 -7.415999999999999659e+01 -1.133789999999999964e+03
-2.801999999999999957e+01 -7.412999999999999545e+01 -1.134779999999999973e+03
-2.803999999999999915e+01 -7.410999999999999943e+01 -1.136319999999999936e+03
-2.806000000000000227e+01 -7.407000000000000739e+01 -1.137299999999999955e+03
-2.819999999999999929e+01 -7.404999999999999716e+01 -1.138789999999999964e+03
-2.824000000000000199e+01 -7.401999999999999602e+01 -1.139819999999999936e+03
-2.833999999999999986e+01 -7.398999999999999488e+01 -1.141279999999999973e+03
-2.840000000000000213e+01 -7.395000000000000284e+01 -1.142750000000000000e+03
-2.839000000000000057e+01 -7.393000000000000682e+01 -1.143750000000000000e+03
-2.853000000000000114e+01 -7.389000000000000057e+01 -1.145259999999999991e+03
-2.858000000000000185e+01 -7.387000000000000455e+01 -1.146269999999999982e+03
-2.858999999999999986e+01 -7.384000000000000341e+01 -1.147779999999999973e+03
-2.862000000000000099e+01 -7.382000000000000739e+01 -1.148779999999999973e+03
-2.878999999999999915e+01 -7.379000000000000625e+01 -1.150230000000000018e+03
-2.878000000000000114e+01 -7.376999999999999602e+01 -1.151250000000000000e+03
-2.883000000000000185e+01 -7.373999999999999488e+01 -1.152740000000000009e+03
-2.891000000000000014e+01 -7.373999999999999488e+01 -1.153750000000000000e+03
-2.899000000000000199e+01 -7.370000000000000284e+01 -1.155279999999999973e+03
-2.898000000000000043e+01 -7.368999999999999773e+01 -1.156250000000000000e+03
-2.912999999999999901e+01 -7.365999999999999659e+01 -1.157740000000000009e+03
-2.917000000000000171e+01 -7.362000000000000455e+01 -1.159259999999999991e+03
-2.924000000000000199e+01 -7.359000000000000341e+01 -1.160259999999999991e+03
-2.933999999999999986e+01 -7.356000000000000227e+01 -1.161759999999999991e+03
-2.937999999999999901e+01 -7.354000000000000625e+01 -1.162750000000000000e+03
-2.940000000000000213e+01 -7.351000000000000512e+01 -1.164250000000000000e+03
-2.958000000000000185e+01 -7.346999999999999886e+01 -1.165730000000000018e+03
-2.960999999999999943e+01 -7.345000000000000284e+01 -1.166740000000000009e+03
-2.960000000000000142e+01 -7.342000000000000171e+01 -1.168259999999999991e+03
-2.978000000000000114e+01 -7.337000000000000455e+01 -1.169759999999999991e+03
-2.983000000000000185e+01 -7.335000000000000853e+01 -1.170740000000000009e+03
-2.983999999999999986e+01 -7.332000000000000739e+01 -1.172160000000000082e+03
-2.987999999999999901e+01 -7.332000000000000739e+01 -1.171960000000000036e+03
-2.983999999999999986e+01 -7.335999999999999943e+01 -1.170420000000000073e+03
-2.973000000000000043e+01 -7.337999999999999545e+01 -1.169430000000000064e+03
-2.962000000000000099e+01 -7.342000000000000171e+01 -1.167910000000000082e+03
-2.962000000000000099e+01 -7.343999999999999773e+01 -1.166890000000000100e+03
-2.955000000000000071e+01 -7.346999999999999886e+01 -1.165420000000000073e+03
-2.946999999999999886e+01 -7.350000000000000000e+01 -1.164430000000000064e+03
-2.940000000000000213e+01 -7.353000000000000114e+01 -1.162940000000000055e+03
-2.935000000000000142e+01 -7.356000000000000227e+01 -1.161450000000000045e+03
-2.928000000000000114e+01 -7.359000000000000341e+01 -1.160450000000000045e+03
-2.919999999999999929e+01 -7.362000000000000455e+01 -1.158950000000000045e+03
-2.915000000000000213e+01 -7.364000000000000057e+01 -1.157940000000000055e+03
-2.905000000000000071e+01 -7.367000000000000171e+01 -1.156430000000000064e+03
-2.900000000000000000e+01 -7.370000000000000284e+01 -1.155410000000000082e+03
-2.896000000000000085e+01 -7.373000000000000398e+01 -1.153920000000000073e+03
-2.885999999999999943e+01 -7.373999999999999488e+01 -1.152920000000000073e+03
-2.883000000000000185e+01 -7.376999999999999602e+01 -1.151450000000000045e+03
-2.880000000000000071e+01 -7.379999999999999716e+01 -1.149940000000000055e+03
-2.867999999999999972e+01 -7.382000000000000739e+01 -1.148920000000000073e+03
-2.862000000000000099e+01 -7.385000000000000853e+01 -1.147440000000000055e+03
-2.858999999999999986e+01 -7.387000000000000455e+01 -1.146460000000000036e+03
-2.853000000000000114e+01 -7.390000000000000568e+01 -1.144950000000000045e+03
-2.846999999999999886e+01 -7.392000000000000171e+01 -1.143970000000000027e+03
-2.844000000000000128e+01 -7.395000000000000284e+01 -1.142460000000000036e+03
-2.837000000000000099e+01 -7.396999999999999886e+01 -1.141460000000000036e+03
-2.830000000000000071e+01 -7.400000000000000000e+01 -1.139950000000000045e+03
-2.819999999999999929e+01 -7.404000000000000625e+01 -1.138440000000000055e+03
-2.810999999999999943e+01 -7.406000000000000227e+01 -1.137460000000000036e+03
-2.808000000000000185e+01 -7.410000000000000853e+01 -1.135960000000000036e+03
-2.799000000000000199e+01 -7.412999999999999545e+01 -1.134460000000000036e+03
-2.790000000000000213e+01 -7.415999999999999659e+01 -1.133450000000000045e+03
-2.782000000000000028e+01 -7.420000000000000284e+01 -1.131930000000000064e+03
-2.781000000000000227e+01 -7.421000000000000796e+01 -1.130960000000000036e+03
-2.767999999999999972e+01 -7.423999999999999488e+01 -1.129440000000000055e+03
-2.766000000000000014e+01 -7.426999999999999602e+01 -1.128450000000000045e+03
-2.751000000000000156e+01 -7.429999999999999716e+01 -1.126970000000000027e+03
-2.746999999999999886e+01 -7.432000000000000739e+01 -1.125970000000000027e+03
-2.744999999999999929e+01 -7.435000000000000853e+01 -1.124450000000000045e+03
-2.733999999999999986e+01 -7.437000000000000455e+01 -1.123049999999999955e+03
-2.723000000000000043e+01 -7.435999999999999943e+01 -1.123210000000000036e+03
-2.740000000000000213e+01 -7.434000000000000341e+01 -1.124769999999999982e+03
-2.742999999999999972e+01 -7.432000000000000739e+01 -1.125779999999999973e+03
-2.756000000000000227e+01 -7.429000000000000625e+01 -1.127269999999999982e+03
-2.760000000000000142e+01 -7.428000000000000114e+01 -1.128259999999999991e+03
-2.766000000000000014e+01 -7.425000000000000000e+01 -1.129789999999999964e+03
-2.771999999999999886e+01 -7.421999999999999886e+01 -1.130759999999999991e+03
-2.781000000000000227e+01 -7.418999999999999773e+01 -1.132269999999999982e+03
-2.787999999999999901e+01 -7.415999999999999659e+01 -1.133779999999999973e+03
-2.803999999999999915e+01 -7.412999999999999545e+01 -1.134779999999999973e+03
-2.801999999999999957e+01 -7.410000000000000853e+01 -1.136279999999999973e+03
-2.808000000000000185e+01 -7.407999999999999829e+01 -1.137289999999999964e+03
-2.821000000000000085e+01 -7.404000000000000625e+01 -1.138789999999999964e+03
-2.826999999999999957e+01 -7.401000000000000512e+01 -1.140299999999999955e+03
-2.831000000000000227e+01 -7.398999999999999488e+01 -1.141279999999999973e+03
-2.839000000000000057e+01 -7.395000000000000284e+01 -1.142779999999999973e+03
-2.844999999999999929e+01 -7.390999999999999659e+01 -1.144289999999999964e+03
-2.851000000000000156e+01 -7.389000000000000057e+01 -1.145269999999999982e+03
-2.858000000000000185e+01 -7.385999999999999943e+01 -1.146779999999999973e+03
-2.860999999999999943e+01 -7.382999999999999829e+01 -1.148240000000000009e+03
-2.869999999999999929e+01 -7.381000000000000227e+01 -1.149230000000000018e+03
-2.880000000000000071e+01 -7.378000000000000114e+01 -1.150759999999999991e+03
-2.878999999999999915e+01 -7.376000000000000512e+01 -1.151740000000000009e+03
-2.883000000000000185e+01 -7.373000000000000398e+01 -1.153220000000000027e+03
-2.894999999999999929e+01 -7.371000000000000796e+01 -1.154720000000000027e+03
-2.899000000000000199e+01 -7.370000000000000284e+01 -1.155750000000000000e+03
-2.907000000000000028e+01 -7.367000000000000171e+01 -1.157230000000000018e+03
-2.915000000000000213e+01 -7.365000000000000568e+01 -1.158220000000000027e+03
-2.917999999999999972e+01 -7.360999999999999943e+01 -1.159759999999999991e+03
-2.930000000000000071e+01 -7.357999999999999829e+01 -1.160769999999999982e+03
-2.933000000000000185e+01 -7.354999999999999716e+01 -1.162220000000000027e+03
-2.935999999999999943e+01 -7.353000000000000114e+01 -1.163250000000000000e+03
-2.950000000000000000e+01 -7.348999999999999488e+01 -1.164750000000000000e+03
-2.957000000000000028e+01 -7.346999999999999886e+01 -1.165740000000000009e+03
-2.958000000000000185e+01 -7.343000000000000682e+01 -1.167230000000000018e+03
-2.960999999999999943e+01 -7.340999999999999659e+01 -1.168220000000000027e+03
-2.978000000000000114e+01 -7.337000000000000455e+01 -1.169710000000000036e+03
-2.983000000000000185e+01 -7.335000000000000853e+01 -1.170740000000000009e+03
-2.983999999999999986e+01 -7.332000000000000739e+01 -1.172130000000000109e+03
-2.987999999999999901e+01 -7.332000000000000739e+01 -1.171950000000000045e+03
-2.983999999999999986e+01 -7.335000000000000853e+01 -1.170420000000000073e+03
-2.973000000000000043e+01 -7.337000000000000455e+01 -1.169420000000000073e+03
-2.960999999999999943e+01 -7.340999999999999659e+01 -1.167930000000000064e+03
-2.962999999999999901e+01 -7.343999999999999773e+01 -1.166420000000000073e+03
-2.955000000000000071e+01 -7.346999999999999886e+01 -1.165440000000000055e+03
-2.941000000000000014e+01 -7.350000000000000000e+01 -1.163900000000000091e+03
-2.940000000000000213e+01 -7.353000000000000114e+01 -1.162920000000000073e+03
-2.935999999999999943e+01 -7.356000000000000227e+01 -1.161430000000000064e+03
-2.923000000000000043e+01 -7.359000000000000341e+01 -1.159960000000000036e+03
-2.919999999999999929e+01 -7.362000000000000455e+01 -1.158960000000000036e+03
-2.912999999999999901e+01 -7.365000000000000568e+01 -1.157420000000000073e+03
-2.906000000000000227e+01 -7.368000000000000682e+01 -1.156460000000000036e+03
-2.896999999999999886e+01 -7.371000000000000796e+01 -1.154930000000000064e+03
-2.890000000000000213e+01 -7.373000000000000398e+01 -1.153420000000000073e+03
-2.883999999999999986e+01 -7.375000000000000000e+01 -1.152420000000000073e+03
-2.883000000000000185e+01 -7.378000000000000114e+01 -1.150940000000000055e+03
-2.871999999999999886e+01 -7.379999999999999716e+01 -1.149410000000000082e+03
-2.864000000000000057e+01 -7.382999999999999829e+01 -1.148440000000000055e+03
-2.862999999999999901e+01 -7.385999999999999943e+01 -1.146940000000000055e+03
-2.853000000000000114e+01 -7.387999999999999545e+01 -1.145450000000000045e+03
-2.846000000000000085e+01 -7.390999999999999659e+01 -1.144470000000000027e+03
-2.846999999999999886e+01 -7.393000000000000682e+01 -1.142940000000000055e+03
-2.835999999999999943e+01 -7.396999999999999886e+01 -1.141440000000000055e+03
-2.832000000000000028e+01 -7.398999999999999488e+01 -1.140480000000000018e+03
-2.825000000000000000e+01 -7.401999999999999602e+01 -1.138980000000000018e+03
-2.814000000000000057e+01 -7.404999999999999716e+01 -1.137970000000000027e+03
-2.810000000000000142e+01 -7.409000000000000341e+01 -1.136470000000000027e+03
-2.803999999999999915e+01 -7.412000000000000455e+01 -1.134960000000000036e+03
-2.792000000000000171e+01 -7.414000000000000057e+01 -1.133960000000000036e+03
-2.783999999999999986e+01 -7.418000000000000682e+01 -1.132460000000000036e+03
-2.782000000000000028e+01 -7.420000000000000284e+01 -1.131470000000000027e+03
-2.771999999999999886e+01 -7.423000000000000398e+01 -1.129960000000000036e+03
-2.765000000000000213e+01 -7.426000000000000512e+01 -1.128490000000000009e+03
-2.757000000000000028e+01 -7.428000000000000114e+01 -1.127450000000000045e+03
-2.746999999999999886e+01 -7.431000000000000227e+01 -1.125960000000000036e+03
-2.746000000000000085e+01 -7.434000000000000341e+01 -1.124450000000000045e+03
-2.735000000000000142e+01 -7.435999999999999943e+01 -1.123460000000000036e+03
-2.723000000000000043e+01 -7.435999999999999943e+01 -1.123220000000000027e+03
-2.737000000000000099e+01 -7.435000000000000853e+01 -1.124250000000000000e+03
-2.744999999999999929e+01 -7.432000000000000739e+01 -1.125769999999999982e+03
-2.755000000000000071e+01 -7.429000000000000625e+01 -1.127250000000000000e+03
-2.760000000000000142e+01 -7.426999999999999602e+01 -1.128250000000000000e+03
-2.764000000000000057e+01 -7.425000000000000000e+01 -1.129779999999999973e+03
-2.771999999999999886e+01 -7.421999999999999886e+01 -1.130769999999999982e+03
-2.778999999999999915e+01 -7.418999999999999773e+01 -1.132259999999999991e+03
-2.790000000000000213e+01 -7.415000000000000568e+01 -1.133789999999999964e+03
-2.803000000000000114e+01 -7.412999999999999545e+01 -1.134769999999999982e+03
-2.803999999999999915e+01 -7.410000000000000853e+01 -1.136279999999999973e+03
-2.807000000000000028e+01 -7.407999999999999829e+01 -1.137279999999999973e+03
-2.821000000000000085e+01 -7.404000000000000625e+01 -1.138759999999999991e+03
-2.824000000000000199e+01 -7.401999999999999602e+01 -1.139750000000000000e+03
-2.833000000000000185e+01 -7.398000000000000398e+01 -1.141259999999999991e+03
-2.840000000000000213e+01 -7.396000000000000796e+01 -1.142259999999999991e+03
-2.840000000000000213e+01 -7.392000000000000171e+01 -1.143769999999999982e+03
-2.846000000000000085e+01 -7.390000000000000568e+01 -1.144769999999999982e+03
-2.858999999999999986e+01 -7.387000000000000455e+01 -1.146240000000000009e+03
-2.860000000000000142e+01 -7.385000000000000853e+01 -1.147240000000000009e+03
-2.862999999999999901e+01 -7.382000000000000739e+01 -1.148730000000000018e+03
-2.880000000000000071e+01 -7.379000000000000625e+01 -1.150250000000000000e+03
-2.878000000000000114e+01 -7.376999999999999602e+01 -1.151230000000000018e+03
-2.883000000000000185e+01 -7.375000000000000000e+01 -1.152730000000000018e+03
-2.892000000000000171e+01 -7.373000000000000398e+01 -1.154230000000000018e+03
-2.894999999999999929e+01 -7.370000000000000284e+01 -1.155230000000000018e+03
-2.905000000000000071e+01 -7.368000000000000682e+01 -1.156740000000000009e+03
-2.912999999999999901e+01 -7.364000000000000057e+01 -1.158240000000000009e+03
-2.915000000000000213e+01 -7.362000000000000455e+01 -1.159240000000000009e+03
-2.930000000000000071e+01 -7.357999999999999829e+01 -1.160769999999999982e+03
-2.933000000000000185e+01 -7.354999999999999716e+01 -1.162240000000000009e+03
-2.937000000000000099e+01 -7.353000000000000114e+01 -1.163240000000000009e+03
-2.948000000000000043e+01 -7.348999999999999488e+01 -1.164720000000000027e+03
-2.955000000000000071e+01 -7.346000000000000796e+01 -1.166220000000000027e+03
-2.960000000000000142e+01 -7.343000000000000682e+01 -1.167240000000000009e+03
-2.969000000000000128e+01 -7.340000000000000568e+01 -1.168740000000000009e+03
-2.976000000000000156e+01 -7.337000000000000455e+01 -1.169710000000000036e+03
-2.980000000000000071e+01 -7.332999999999999829e+01 -1.171210000000000036e+03
-2.983999999999999986e+01 -7.332000000000000739e+01 -1.172100000000000136e+03
-2.987000000000000099e+01 -7.332999999999999829e+01 -1.171460000000000036e+03
-2.981000000000000227e+01 -7.335999999999999943e+01 -1.169950000000000045e+03
-2.967000000000000171e+01 -7.337999999999999545e+01 -1.168920000000000073e+03
-2.964000000000000057e+01 -7.343000000000000682e+01 -1.167450000000000045e+03
-2.960000000000000142e+01 -7.345000000000000284e+01 -1.165910000000000082e+03
-2.949000000000000199e+01 -7.348000000000000398e+01 -1.164920000000000073e+03
-2.942000000000000171e+01 -7.351000000000000512e+01 -1.163460000000000036e+03
-2.942999999999999972e+01 -7.353000000000000114e+01 -1.162440000000000055e+03
-2.928999999999999915e+01 -7.356000000000000227e+01 -1.160950000000000045e+03
-2.923000000000000043e+01 -7.360999999999999943e+01 -1.159440000000000055e+03
-2.921000000000000085e+01 -7.362999999999999545e+01 -1.158430000000000064e+03
-2.907000000000000028e+01 -7.365999999999999659e+01 -1.156910000000000082e+03
-2.900000000000000000e+01 -7.368000000000000682e+01 -1.155940000000000055e+03
-2.896999999999999886e+01 -7.371000000000000796e+01 -1.154420000000000073e+03
-2.885999999999999943e+01 -7.373000000000000398e+01 -1.152910000000000082e+03
-2.882000000000000028e+01 -7.376000000000000512e+01 -1.151920000000000073e+03
-2.883000000000000185e+01 -7.379000000000000625e+01 -1.150440000000000055e+03
-2.867999999999999972e+01 -7.382000000000000739e+01 -1.148930000000000064e+03
-2.864000000000000057e+01 -7.384000000000000341e+01 -1.147940000000000055e+03
-2.858999999999999986e+01 -7.387000000000000455e+01 -1.146460000000000036e+03
-2.853000000000000114e+01 -7.387999999999999545e+01 -1.145450000000000045e+03
-2.846999999999999886e+01 -7.390999999999999659e+01 -1.143950000000000045e+03
-2.848000000000000043e+01 -7.393000000000000682e+01 -1.142950000000000045e+03
-2.835999999999999943e+01 -7.396000000000000796e+01 -1.141460000000000036e+03
-2.828999999999999915e+01 -7.401000000000000512e+01 -1.139980000000000018e+03
-2.823000000000000043e+01 -7.401999999999999602e+01 -1.138940000000000055e+03
-2.810999999999999943e+01 -7.406000000000000227e+01 -1.137480000000000018e+03
-2.810000000000000142e+01 -7.407999999999999829e+01 -1.136470000000000027e+03
-2.805000000000000071e+01 -7.410999999999999943e+01 -1.134950000000000045e+03
-2.789000000000000057e+01 -7.415999999999999659e+01 -1.133480000000000018e+03
-2.783000000000000185e+01 -7.418000000000000682e+01 -1.132470000000000027e+03
-2.781000000000000227e+01 -7.421000000000000796e+01 -1.130970000000000027e+03
-2.767999999999999972e+01 -7.423999999999999488e+01 -1.129490000000000009e+03
-2.765000000000000213e+01 -7.426000000000000512e+01 -1.128460000000000036e+03
-2.750000000000000000e+01 -7.429000000000000625e+01 -1.126940000000000055e+03
-2.746000000000000085e+01 -7.431000000000000227e+01 -1.126000000000000000e+03
-2.744999999999999929e+01 -7.434000000000000341e+01 -1.124480000000000018e+03
-2.735000000000000142e+01 -7.435999999999999943e+01 -1.123460000000000036e+03
-2.723000000000000043e+01 -7.435999999999999943e+01 -1.123200000000000045e+03
-2.737999999999999901e+01 -7.434000000000000341e+01 -1.124250000000000000e+03
-2.742999999999999972e+01 -7.431000000000000227e+01 -1.125750000000000000e+03
-2.749000000000000199e+01 -7.429999999999999716e+01 -1.126720000000000027e+03
-2.760999999999999943e+01 -7.426999999999999602e+01 -1.128259999999999991e+03
-2.767000000000000171e+01 -7.425000000000000000e+01 -1.129259999999999991e+03
-2.771000000000000085e+01 -7.423000000000000398e+01 -1.130750000000000000e+03
-2.780000000000000071e+01 -7.418999999999999773e+01 -1.132259999999999991e+03
-2.783999999999999986e+01 -7.417000000000000171e+01 -1.133250000000000000e+03
-2.803999999999999915e+01 -7.412999999999999545e+01 -1.134750000000000000e+03
-2.803999999999999915e+01 -7.410999999999999943e+01 -1.135750000000000000e+03
-2.807000000000000028e+01 -7.407999999999999829e+01 -1.137269999999999982e+03
-2.819999999999999929e+01 -7.404000000000000625e+01 -1.138769999999999982e+03
-2.825000000000000000e+01 -7.401000000000000512e+01 -1.139759999999999991e+03
-2.832000000000000028e+01 -7.398000000000000398e+01 -1.141240000000000009e+03
-2.840000000000000213e+01 -7.396000000000000796e+01 -1.142240000000000009e+03
-2.841000000000000014e+01 -7.393000000000000682e+01 -1.143750000000000000e+03
-2.846000000000000085e+01 -7.390000000000000568e+01 -1.144750000000000000e+03
-2.858000000000000185e+01 -7.387000000000000455e+01 -1.146240000000000009e+03
-2.858999999999999986e+01 -7.384000000000000341e+01 -1.147740000000000009e+03
-2.865000000000000213e+01 -7.382000000000000739e+01 -1.148740000000000009e+03
-2.880000000000000071e+01 -7.379000000000000625e+01 -1.150250000000000000e+03
-2.876999999999999957e+01 -7.376999999999999602e+01 -1.151220000000000027e+03
-2.885000000000000142e+01 -7.373999999999999488e+01 -1.152710000000000036e+03
-2.889000000000000057e+01 -7.371999999999999886e+01 -1.153690000000000055e+03
-2.894999999999999929e+01 -7.370000000000000284e+01 -1.155230000000000018e+03
-2.900000000000000000e+01 -7.368000000000000682e+01 -1.156230000000000018e+03
-2.912999999999999901e+01 -7.365999999999999659e+01 -1.157720000000000027e+03
-2.917999999999999972e+01 -7.362000000000000455e+01 -1.158740000000000009e+03
-2.923000000000000043e+01 -7.360000000000000853e+01 -1.160230000000000018e+03
-2.935000000000000142e+01 -7.356000000000000227e+01 -1.161720000000000027e+03
-2.937999999999999901e+01 -7.354000000000000625e+01 -1.162720000000000027e+03
-2.941000000000000014e+01 -7.350000000000000000e+01 -1.164230000000000018e+03
-2.953000000000000114e+01 -7.348000000000000398e+01 -1.165240000000000009e+03
-2.960999999999999943e+01 -7.343999999999999773e+01 -1.166720000000000027e+03
-2.960000000000000142e+01 -7.342000000000000171e+01 -1.167710000000000036e+03
-2.969000000000000128e+01 -7.337999999999999545e+01 -1.169220000000000027e+03
-2.978999999999999915e+01 -7.335999999999999943e+01 -1.170250000000000000e+03
-2.981000000000000227e+01 -7.332999999999999829e+01 -1.171730000000000018e+03
-2.983000000000000185e+01 -7.332000000000000739e+01 -1.172220000000000027e+03
-2.983999999999999986e+01 -7.334000000000000341e+01 -1.170930000000000064e+03
-2.978999999999999915e+01 -7.335999999999999943e+01 -1.169930000000000064e+03
-2.967000000000000171e+01 -7.340000000000000568e+01 -1.168460000000000036e+03
-2.962999999999999901e+01 -7.342000000000000171e+01 -1.167430000000000064e+03
-2.958999999999999986e+01 -7.345000000000000284e+01 -1.165940000000000055e+03
-2.946999999999999886e+01 -7.348999999999999488e+01 -1.164430000000000064e+03
-2.942999999999999972e+01 -7.351000000000000512e+01 -1.163440000000000055e+03
-2.937999999999999901e+01 -7.354000000000000625e+01 -1.161930000000000064e+03
-2.928000000000000114e+01 -7.357999999999999829e+01 -1.160450000000000045e+03
-2.921999999999999886e+01 -7.360000000000000853e+01 -1.159460000000000036e+03
-2.915000000000000213e+01 -7.364000000000000057e+01 -1.157930000000000064e+03
-2.906000000000000227e+01 -7.365999999999999659e+01 -1.156920000000000073e+03
-2.901000000000000156e+01 -7.368999999999999773e+01 -1.155440000000000055e+03
-2.900000000000000000e+01 -7.371999999999999886e+01 -1.154470000000000027e+03
-2.885000000000000142e+01 -7.373000000000000398e+01 -1.152960000000000036e+03
-2.883999999999999986e+01 -7.375000000000000000e+01 -1.151950000000000045e+03
-2.883000000000000185e+01 -7.379000000000000625e+01 -1.150430000000000064e+03
-2.873000000000000043e+01 -7.379999999999999716e+01 -1.149460000000000036e+03
-2.864000000000000057e+01 -7.384000000000000341e+01 -1.147960000000000036e+03
-2.864000000000000057e+01 -7.385000000000000853e+01 -1.146970000000000027e+03
-2.853000000000000114e+01 -7.387999999999999545e+01 -1.145470000000000027e+03
-2.846000000000000085e+01 -7.390000000000000568e+01 -1.144460000000000036e+03
-2.846999999999999886e+01 -7.393999999999999773e+01 -1.142960000000000036e+03
-2.839000000000000057e+01 -7.396000000000000796e+01 -1.141970000000000027e+03
-2.831000000000000227e+01 -7.398999999999999488e+01 -1.140490000000000009e+03
-2.830000000000000071e+01 -7.401000000000000512e+01 -1.139500000000000000e+03
-2.814000000000000057e+01 -7.404999999999999716e+01 -1.137980000000000018e+03
-2.810000000000000142e+01 -7.407000000000000739e+01 -1.136980000000000018e+03
-2.808000000000000185e+01 -7.410999999999999943e+01 -1.135480000000000018e+03
-2.792999999999999972e+01 -7.414000000000000057e+01 -1.133990000000000009e+03
-2.785000000000000142e+01 -7.415999999999999659e+01 -1.132980000000000018e+03
-2.782000000000000028e+01 -7.420000000000000284e+01 -1.131460000000000036e+03
-2.773000000000000043e+01 -7.421999999999999886e+01 -1.130490000000000009e+03
-2.767000000000000171e+01 -7.425000000000000000e+01 -1.128970000000000027e+03
-2.762000000000000099e+01 -7.426999999999999602e+01 -1.127970000000000027e+03
-2.746999999999999886e+01 -7.429999999999999716e+01 -1.126480000000000018e+03
-2.746999999999999886e+01 -7.432000000000000739e+01 -1.125460000000000036e+03
-2.741000000000000014e+01 -7.435000000000000853e+01 -1.123960000000000036e+03
-2.733000000000000185e+01 -7.437000000000000455e+01 -1.123059999999999945e+03
-2.735999999999999943e+01 -7.435000000000000853e+01 -1.123740000000000009e+03
-2.740000000000000213e+01 -7.432999999999999829e+01 -1.124730000000000018e+03
-2.742000000000000171e+01 -7.431000000000000227e+01 -1.126220000000000027e+03
-2.755000000000000071e+01 -7.429000000000000625e+01 -1.127250000000000000e+03
-2.764000000000000057e+01 -7.426000000000000512e+01 -1.128779999999999973e+03
-2.762999999999999901e+01 -7.423999999999999488e+01 -1.129740000000000009e+03
-2.778000000000000114e+01 -7.421000000000000796e+01 -1.131240000000000009e+03
-2.778999999999999915e+01 -7.418999999999999773e+01 -1.132240000000000009e+03
-2.790000000000000213e+01 -7.415000000000000568e+01 -1.133769999999999982e+03
-2.803000000000000114e+01 -7.412999999999999545e+01 -1.134750000000000000e+03
-2.803000000000000114e+01 -7.410000000000000853e+01 -1.136269999999999982e+03
-2.805000000000000071e+01 -7.407999999999999829e+01 -1.137269999999999982e+03
-2.821000000000000085e+01 -7.404000000000000625e+01 -1.138759999999999991e+03
-2.825000000000000000e+01 -7.401999999999999602e+01 -1.139799999999999955e+03
-2.833000000000000185e+01 -7.398000000000000398e+01 -1.141259999999999991e+03
-2.840000000000000213e+01 -7.393999999999999773e+01 -1.142740000000000009e+03
-2.840000000000000213e+01 -7.392000000000000171e+01 -1.143740000000000009e+03
-2.853999999999999915e+01 -7.389000000000000057e+01 -1.145259999999999991e+03
-2.857000000000000028e+01 -7.385999999999999943e+01 -1.146750000000000000e+03
-2.858999999999999986e+01 -7.384000000000000341e+01 -1.147730000000000018e+03
-2.867999999999999972e+01 -7.381000000000000227e+01 -1.149230000000000018e+03
-2.880000000000000071e+01 -7.379000000000000625e+01 -1.150250000000000000e+03
-2.880000000000000071e+01 -7.376000000000000512e+01 -1.151730000000000018e+03
-2.883000000000000185e+01 -7.373000000000000398e+01 -1.153200000000000045e+03
-2.891000000000000014e+01 -7.371999999999999886e+01 -1.154210000000000036e+03
-2.900000000000000000e+01 -7.368999999999999773e+01 -1.155710000000000036e+03
-2.905000000000000071e+01 -7.365999999999999659e+01 -1.157200000000000045e+03
-2.914000000000000057e+01 -7.365000000000000568e+01 -1.158210000000000036e+03
-2.919000000000000128e+01 -7.360000000000000853e+01 -1.159720000000000027e+03
-2.928999999999999915e+01 -7.357000000000000739e+01 -1.161240000000000009e+03
-2.935000000000000142e+01 -7.354999999999999716e+01 -1.162240000000000009e+03
-2.941000000000000014e+01 -7.351999999999999602e+01 -1.163740000000000009e+03
-2.951999999999999957e+01 -7.346999999999999886e+01 -1.165190000000000055e+03
-2.955000000000000071e+01 -7.346000000000000796e+01 -1.166210000000000036e+03
-2.960000000000000142e+01 -7.342000000000000171e+01 -1.167700000000000045e+03
-2.967999999999999972e+01 -7.340000000000000568e+01 -1.168710000000000036e+03
-2.978999999999999915e+01 -7.335999999999999943e+01 -1.170230000000000018e+03
-2.981000000000000227e+01 -7.334000000000000341e+01 -1.171220000000000027e+03
-2.983000000000000185e+01 -7.331000000000000227e+01 -1.172240000000000009e+03
-2.987000000000000099e+01 -7.332999999999999829e+01 -1.171490000000000009e+03
-2.981000000000000227e+01 -7.335999999999999943e+01 -1.169930000000000064e+03
-2.967000000000000171e+01 -7.340000000000000568e+01 -1.168440000000000055e+03
-2.962999999999999901e+01 -7.340999999999999659e+01 -1.167420000000000073e+03
-2.958999999999999986e+01 -7.345000000000000284e+01 -1.165930000000000064e+03
-2.946999999999999886e+01 -7.348999999999999488e+01 -1.164450000000000045e+03
-2.942999999999999972e+01 -7.351999999999999602e+01 -1.163460000000000036e+03
-2.937000000000000099e+01 -7.354000000000000625e+01 -1.161950000000000045e+03
-2.930000000000000071e+01 -7.357000000000000739e+01 -1.160960000000000036e+03
-2.923000000000000043e+01 -7.360000000000000853e+01 -1.159470000000000027e+03
-2.919999999999999929e+01 -7.362000000000000455e+01 -1.158430000000000064e+03
-2.906000000000000227e+01 -7.365999999999999659e+01 -1.156920000000000073e+03
-2.901999999999999957e+01 -7.368000000000000682e+01 -1.155980000000000018e+03
-2.899000000000000199e+01 -7.371000000000000796e+01 -1.154440000000000055e+03
-2.892000000000000171e+01 -7.373000000000000398e+01 -1.153460000000000036e+03
-2.883000000000000185e+01 -7.375000000000000000e+01 -1.151960000000000036e+03
-2.883999999999999986e+01 -7.376999999999999602e+01 -1.150960000000000036e+03
-2.873000000000000043e+01 -7.379999999999999716e+01 -1.149440000000000055e+03
-2.864000000000000057e+01 -7.382999999999999829e+01 -1.148440000000000055e+03
-2.862999999999999901e+01 -7.385000000000000853e+01 -1.146980000000000018e+03
-2.853000000000000114e+01 -7.387999999999999545e+01 -1.145480000000000018e+03
-2.844999999999999929e+01 -7.390999999999999659e+01 -1.144460000000000036e+03
-2.849000000000000199e+01 -7.393000000000000682e+01 -1.142980000000000018e+03
-2.839000000000000057e+01 -7.396000000000000796e+01 -1.141990000000000009e+03
-2.832000000000000028e+01 -7.398999999999999488e+01 -1.140460000000000036e+03
-2.828999999999999915e+01 -7.401000000000000512e+01 -1.139490000000000009e+03
-2.814000000000000057e+01 -7.404000000000000625e+01 -1.137980000000000018e+03
-2.808000000000000185e+01 -7.407000000000000739e+01 -1.136980000000000018e+03
-2.807000000000000028e+01 -7.410999999999999943e+01 -1.135470000000000027e+03
-2.794000000000000128e+01 -7.414000000000000057e+01 -1.134000000000000000e+03
-2.783999999999999986e+01 -7.415999999999999659e+01 -1.132990000000000009e+03
-2.782000000000000028e+01 -7.420000000000000284e+01 -1.131490000000000009e+03
-2.771000000000000085e+01 -7.423000000000000398e+01 -1.129970000000000027e+03
-2.767000000000000171e+01 -7.425000000000000000e+01 -1.129000000000000000e+03
-2.758000000000000185e+01 -7.428000000000000114e+01 -1.127480000000000018e+03
-2.746000000000000085e+01 -7.431000000000000227e+01 -1.125990000000000009e+03
-2.744000000000000128e+01 -7.432999999999999829e+01 -1.124970000000000027e+03
-2.735999999999999943e+01 -7.435999999999999943e+01 -1.123480000000000018e+03
-2.733000000000000185e+01 -7.437000000000000455e+01 -1.122960000000000036e+03
-2.739000000000000057e+01 -7.434000000000000341e+01 -1.124210000000000036e+03
-2.742000000000000171e+01 -7.432000000000000739e+01 -1.125730000000000018e+03
-2.748000000000000043e+01 -7.429999999999999716e+01 -1.126720000000000027e+03
-2.760999999999999943e+01 -7.426999999999999602e+01 -1.128240000000000009e+03
-2.766000000000000014e+01 -7.425000000000000000e+01 -1.129259999999999991e+03
-2.771999999999999886e+01 -7.421999999999999886e+01 -1.130759999999999991e+03
-2.776999999999999957e+01 -7.420000000000000284e+01 -1.131720000000000027e+03
-2.783999999999999986e+01 -7.417000000000000171e+01 -1.133269999999999982e+03
-2.803000000000000114e+01 -7.412999999999999545e+01 -1.134759999999999991e+03
-2.803999999999999915e+01 -7.410999999999999943e+01 -1.135730000000000018e+03
-2.807000000000000028e+01 -7.407999999999999829e+01 -1.137250000000000000e+03
-2.819999999999999929e+01 -7.404000000000000625e+01 -1.138769999999999982e+03
-2.826000000000000156e+01 -7.401999999999999602e+01 -1.139769999999999982e+03
-2.831000000000000227e+01 -7.398000000000000398e+01 -1.141230000000000018e+03
-2.840000000000000213e+01 -7.395000000000000284e+01 -1.142750000000000000e+03
-2.840000000000000213e+01 -7.393000000000000682e+01 -1.143740000000000009e+03
-2.853000000000000114e+01 -7.389000000000000057e+01 -1.145240000000000009e+03
-2.858000000000000185e+01 -7.385999999999999943e+01 -1.146740000000000009e+03
-2.858000000000000185e+01 -7.384000000000000341e+01 -1.147730000000000018e+03
-2.869000000000000128e+01 -7.381000000000000227e+01 -1.149240000000000009e+03
-2.878999999999999915e+01 -7.378000000000000114e+01 -1.150700000000000045e+03
-2.878000000000000114e+01 -7.376000000000000512e+01 -1.151730000000000018e+03
-2.882000000000000028e+01 -7.373000000000000398e+01 -1.153180000000000064e+03
-2.892000000000000171e+01 -7.371999999999999886e+01 -1.154190000000000055e+03
-2.898000000000000043e+01 -7.368000000000000682e+01 -1.155700000000000045e+03
-2.905000000000000071e+01 -7.368000000000000682e+01 -1.156720000000000027e+03
-2.914000000000000057e+01 -7.364000000000000057e+01 -1.158180000000000064e+03
-2.917000000000000171e+01 -7.362000000000000455e+01 -1.159250000000000000e+03
-2.928999999999999915e+01 -7.357999999999999829e+01 -1.160710000000000036e+03
-2.935000000000000142e+01 -7.356000000000000227e+01 -1.161710000000000036e+03
-2.935999999999999943e+01 -7.353000000000000114e+01 -1.163210000000000036e+03
-2.940000000000000213e+01 -7.350000000000000000e+01 -1.164210000000000036e+03
-2.958000000000000185e+01 -7.346999999999999886e+01 -1.165700000000000045e+03
-2.960000000000000142e+01 -7.343000000000000682e+01 -1.167190000000000055e+03
-2.960000000000000142e+01 -7.340999999999999659e+01 -1.168170000000000073e+03
-2.976999999999999957e+01 -7.337000000000000455e+01 -1.169730000000000018e+03
-2.980000000000000071e+01 -7.332999999999999829e+01 -1.171210000000000036e+03
-2.983999999999999986e+01 -7.332000000000000739e+01 -1.172089999999999918e+03
-2.987000000000000099e+01 -7.332999999999999829e+01 -1.171509999999999991e+03
-2.983999999999999986e+01 -7.335000000000000853e+01 -1.170430000000000064e+03
-2.969000000000000128e+01 -7.337999999999999545e+01 -1.168940000000000055e+03
-2.962000000000000099e+01 -7.340999999999999659e+01 -1.167930000000000064e+03
-2.962999999999999901e+01 -7.343999999999999773e+01 -1.166450000000000045e+03
-2.956000000000000227e+01 -7.346000000000000796e+01 -1.165470000000000027e+03
-2.941000000000000014e+01 -7.350000000000000000e+01 -1.163970000000000027e+03
-2.942000000000000171e+01 -7.354000000000000625e+01 -1.162450000000000045e+03
-2.935000000000000142e+01 -7.354999999999999716e+01 -1.161460000000000036e+03
-2.921999999999999886e+01 -7.360000000000000853e+01 -1.159990000000000009e+03
-2.919999999999999929e+01 -7.362000000000000455e+01 -1.158950000000000045e+03
-2.910999999999999943e+01 -7.364000000000000057e+01 -1.157470000000000027e+03
-2.901000000000000156e+01 -7.368999999999999773e+01 -1.155950000000000045e+03
-2.896999999999999886e+01 -7.371000000000000796e+01 -1.154970000000000027e+03
-2.890000000000000213e+01 -7.373000000000000398e+01 -1.153470000000000027e+03
-2.885000000000000142e+01 -7.375000000000000000e+01 -1.152460000000000036e+03
-2.883000000000000185e+01 -7.378000000000000114e+01 -1.150970000000000027e+03
-2.880000000000000071e+01 -7.379000000000000625e+01 -1.149970000000000027e+03
-2.865000000000000213e+01 -7.382000000000000739e+01 -1.148480000000000018e+03
-2.862000000000000099e+01 -7.384000000000000341e+01 -1.147470000000000027e+03
-2.860000000000000142e+01 -7.387000000000000455e+01 -1.145990000000000009e+03
-2.851999999999999957e+01 -7.389000000000000057e+01 -1.144980000000000018e+03
-2.844999999999999929e+01 -7.393000000000000682e+01 -1.143480000000000018e+03
-2.841000000000000014e+01 -7.395000000000000284e+01 -1.142470000000000027e+03
-2.833000000000000185e+01 -7.398000000000000398e+01 -1.140980000000000018e+03
-2.828000000000000114e+01 -7.401000000000000512e+01 -1.140009999999999991e+03
-2.819000000000000128e+01 -7.404000000000000625e+01 -1.138500000000000000e+03
-2.812000000000000099e+01 -7.406000000000000227e+01 -1.137509999999999991e+03
-2.805000000000000071e+01 -7.409000000000000341e+01 -1.136000000000000000e+03
-2.799000000000000199e+01 -7.412000000000000455e+01 -1.134490000000000009e+03
-2.787999999999999901e+01 -7.415000000000000568e+01 -1.133490000000000009e+03
-2.781000000000000227e+01 -7.418999999999999773e+01 -1.131990000000000009e+03
-2.780000000000000071e+01 -7.421000000000000796e+01 -1.130980000000000018e+03
-2.769000000000000128e+01 -7.423999999999999488e+01 -1.129500000000000000e+03
-2.764000000000000057e+01 -7.426000000000000512e+01 -1.128490000000000009e+03
-2.751000000000000156e+01 -7.429000000000000625e+01 -1.126970000000000027e+03
-2.746999999999999886e+01 -7.432000000000000739e+01 -1.125490000000000009e+03
-2.746000000000000085e+01 -7.434000000000000341e+01 -1.124490000000000009e+03
-2.733000000000000185e+01 -7.435999999999999943e+01 -1.123089999999999918e+03
-2.723000000000000043e+01 -7.435999999999999943e+01 -1.123180000000000064e+03
-2.740000000000000213e+01 -7.432999999999999829e+01 -1.124730000000000018e+03
-2.742999999999999972e+01 -7.432000000000000739e+01 -1.125740000000000009e+03
-2.755000000000000071e+01 -7.429000000000000625e+01 -1.127210000000000036e+03
-2.764000000000000057e+01 -7.426000000000000512e+01 -1.128759999999999991e+03
-2.764000000000000057e+01 -7.423999999999999488e+01 -1.129730000000000018e+03
-2.778000000000000114e+01 -7.421000000000000796e+01 -1.131220000000000027e+03
-2.778999999999999915e+01 -7.418999999999999773e+01 -1.132240000000000009e+03
-2.790000000000000213e+01 -7.415000000000000568e+01 -1.133750000000000000e+03
-2.801999999999999957e+01 -7.412999999999999545e+01 -1.134730000000000018e+03
-2.803000000000000114e+01 -7.410000000000000853e+01 -1.136230000000000018e+03
-2.810000000000000142e+01 -7.406000000000000227e+01 -1.137750000000000000e+03
-2.821000000000000085e+01 -7.404000000000000625e+01 -1.138759999999999991e+03
-2.828000000000000114e+01 -7.401000000000000512e+01 -1.140279999999999973e+03
-2.832000000000000028e+01 -7.396999999999999886e+01 -1.141720000000000027e+03
-2.841000000000000014e+01 -7.395000000000000284e+01 -1.142740000000000009e+03
-2.842999999999999972e+01 -7.390999999999999659e+01 -1.144220000000000027e+03
-2.853000000000000114e+01 -7.389000000000000057e+01 -1.145240000000000009e+03
-2.858000000000000185e+01 -7.385999999999999943e+01 -1.146730000000000018e+03
-2.858999999999999986e+01 -7.382999999999999829e+01 -1.148210000000000036e+03
-2.867999999999999972e+01 -7.381000000000000227e+01 -1.149220000000000027e+03
-2.878999999999999915e+01 -7.378000000000000114e+01 -1.150700000000000045e+03
-2.881000000000000227e+01 -7.375000000000000000e+01 -1.152220000000000027e+03
-2.882000000000000028e+01 -7.373000000000000398e+01 -1.153190000000000055e+03
-2.896000000000000085e+01 -7.371999999999999886e+01 -1.154710000000000036e+03
-2.899000000000000199e+01 -7.368999999999999773e+01 -1.155710000000000036e+03
-2.905000000000000071e+01 -7.367000000000000171e+01 -1.157200000000000045e+03
-2.917999999999999972e+01 -7.362999999999999545e+01 -1.158700000000000045e+03
-2.919000000000000128e+01 -7.360000000000000853e+01 -1.159710000000000036e+03
-2.931000000000000227e+01 -7.357000000000000739e+01 -1.161200000000000045e+03
-2.937999999999999901e+01 -7.354000000000000625e+01 -1.162720000000000027e+03
-2.940000000000000213e+01 -7.351000000000000512e+01 -1.163710000000000036e+03
-2.953000000000000114e+01 -7.348000000000000398e+01 -1.165200000000000045e+03
-2.957000000000000028e+01 -7.345000000000000284e+01 -1.166220000000000027e+03
-2.958999999999999986e+01 -7.342000000000000171e+01 -1.167690000000000055e+03
-2.967000000000000171e+01 -7.340000000000000568e+01 -1.168700000000000045e+03
-2.980000000000000071e+01 -7.335999999999999943e+01 -1.170200000000000045e+03
-2.980000000000000071e+01 -7.332000000000000739e+01 -1.171690000000000055e+03
-2.983000000000000185e+01 -7.331000000000000227e+01 -1.172200000000000045e+03
-2.983999999999999986e+01 -7.334000000000000341e+01 -1.170960000000000036e+03
-2.974000000000000199e+01 -7.337000000000000455e+01 -1.169470000000000027e+03
-2.966000000000000014e+01 -7.340000000000000568e+01 -1.168440000000000055e+03
-2.962000000000000099e+01 -7.343000000000000682e+01 -1.166960000000000036e+03
-2.956000000000000227e+01 -7.346000000000000796e+01 -1.165470000000000027e+03
-2.946999999999999886e+01 -7.348999999999999488e+01 -1.164450000000000045e+03
-2.940000000000000213e+01 -7.351999999999999602e+01 -1.162970000000000027e+03
-2.935000000000000142e+01 -7.354999999999999716e+01 -1.161460000000000036e+03
-2.928999999999999915e+01 -7.357999999999999829e+01 -1.160490000000000009e+03
-2.919999999999999929e+01 -7.360999999999999943e+01 -1.158940000000000055e+03
-2.910999999999999943e+01 -7.365000000000000568e+01 -1.157440000000000055e+03
-2.906000000000000227e+01 -7.367000000000000171e+01 -1.156470000000000027e+03
-2.898000000000000043e+01 -7.371000000000000796e+01 -1.154960000000000036e+03
-2.892999999999999972e+01 -7.371999999999999886e+01 -1.153920000000000073e+03
-2.883999999999999986e+01 -7.375000000000000000e+01 -1.152460000000000036e+03
-2.882000000000000028e+01 -7.376999999999999602e+01 -1.151470000000000027e+03
-2.878999999999999915e+01 -7.379000000000000625e+01 -1.149970000000000027e+03
-2.865000000000000213e+01 -7.382000000000000739e+01 -1.148490000000000009e+03
-2.862999999999999901e+01 -7.384000000000000341e+01 -1.147460000000000036e+03
-2.858999999999999986e+01 -7.387999999999999545e+01 -1.145980000000000018e+03
-2.853999999999999915e+01 -7.389000000000000057e+01 -1.145009999999999991e+03
-2.844999999999999929e+01 -7.392000000000000171e+01 -1.143500000000000000e+03
-2.839000000000000057e+01 -7.395000000000000284e+01 -1.141970000000000027e+03
-2.833999999999999986e+01 -7.396999999999999886e+01 -1.140990000000000009e+03
-2.828000000000000114e+01 -7.401000000000000512e+01 -1.139549999999999955e+03
-2.821000000000000085e+01 -7.403000000000000114e+01 -1.138490000000000009e+03
-2.808000000000000185e+01 -7.407000000000000739e+01 -1.137019999999999982e+03
-2.810000000000000142e+01 -7.410000000000000853e+01 -1.135500000000000000e+03
-2.799000000000000199e+01 -7.412000000000000455e+01 -1.134500000000000000e+03
-2.785000000000000142e+01 -7.415999999999999659e+01 -1.133000000000000000e+03
-2.780000000000000071e+01 -7.418999999999999773e+01 -1.131990000000000009e+03
-2.774000000000000199e+01 -7.421000000000000796e+01 -1.130490000000000009e+03
-2.767000000000000171e+01 -7.423999999999999488e+01 -1.129509999999999991e+03
-2.764000000000000057e+01 -7.426999999999999602e+01 -1.127980000000000018e+03
-2.746999999999999886e+01 -7.429999999999999716e+01 -1.126490000000000009e+03
-2.746999999999999886e+01 -7.432000000000000739e+01 -1.125480000000000018e+03
-2.740000000000000213e+01 -7.435000000000000853e+01 -1.124000000000000000e+03
-2.733999999999999986e+01 -7.437000000000000455e+01 -1.122960000000000036e+03
-2.737000000000000099e+01 -7.435000000000000853e+01 -1.123710000000000036e+03
-2.737999999999999901e+01 -7.432999999999999829e+01 -1.125210000000000036e+03
-2.748000000000000043e+01 -7.429999999999999716e+01 -1.126720000000000027e+03
-2.756000000000000227e+01 -7.428000000000000114e+01 -1.127700000000000045e+03
-2.766000000000000014e+01 -7.425000000000000000e+01 -1.129269999999999982e+03
-2.767999999999999972e+01 -7.423000000000000398e+01 -1.130210000000000036e+03
-2.778000000000000114e+01 -7.420000000000000284e+01 -1.131720000000000027e+03
-2.782000000000000028e+01 -7.418000000000000682e+01 -1.132740000000000009e+03
-2.796000000000000085e+01 -7.414000000000000057e+01 -1.134250000000000000e+03
-2.801000000000000156e+01 -7.412000000000000455e+01 -1.135259999999999991e+03
-2.807000000000000028e+01 -7.407999999999999829e+01 -1.136750000000000000e+03
-2.810000000000000142e+01 -7.406000000000000227e+01 -1.137740000000000009e+03
-2.821999999999999886e+01 -7.403000000000000114e+01 -1.139250000000000000e+03
-2.826999999999999957e+01 -7.400000000000000000e+01 -1.140259999999999991e+03
-2.833999999999999986e+01 -7.396999999999999886e+01 -1.141750000000000000e+03
-2.841000000000000014e+01 -7.395000000000000284e+01 -1.142740000000000009e+03
-2.842999999999999972e+01 -7.390999999999999659e+01 -1.144230000000000018e+03
-2.853000000000000114e+01 -7.387999999999999545e+01 -1.145720000000000027e+03
-2.857000000000000028e+01 -7.385999999999999943e+01 -1.146730000000000018e+03
-2.860999999999999943e+01 -7.382999999999999829e+01 -1.148230000000000018e+03
-2.873000000000000043e+01 -7.379000000000000625e+01 -1.149700000000000045e+03
-2.880000000000000071e+01 -7.378000000000000114e+01 -1.150720000000000027e+03
-2.882000000000000028e+01 -7.375000000000000000e+01 -1.152220000000000027e+03
-2.889000000000000057e+01 -7.371999999999999886e+01 -1.153700000000000045e+03
-2.894000000000000128e+01 -7.370000000000000284e+01 -1.154700000000000045e+03
-2.900000000000000000e+01 -7.368000000000000682e+01 -1.156200000000000045e+03
-2.915000000000000213e+01 -7.365000000000000568e+01 -1.157700000000000045e+03
-2.919000000000000128e+01 -7.362999999999999545e+01 -1.158710000000000036e+03
-2.923000000000000043e+01 -7.359000000000000341e+01 -1.160220000000000027e+03
-2.935999999999999943e+01 -7.356000000000000227e+01 -1.161700000000000045e+03
-2.937999999999999901e+01 -7.354000000000000625e+01 -1.162710000000000036e+03
-2.942000000000000171e+01 -7.350000000000000000e+01 -1.164200000000000045e+03
-2.951999999999999957e+01 -7.346999999999999886e+01 -1.165170000000000073e+03
-2.960000000000000142e+01 -7.343999999999999773e+01 -1.166690000000000055e+03
-2.960000000000000142e+01 -7.342000000000000171e+01 -1.167680000000000064e+03
-2.967999999999999972e+01 -7.337999999999999545e+01 -1.169160000000000082e+03
-2.978000000000000114e+01 -7.335000000000000853e+01 -1.170200000000000045e+03
-2.981000000000000227e+01 -7.332000000000000739e+01 -1.171680000000000064e+03
-2.987999999999999901e+01 -7.331000000000000227e+01 -1.171970000000000027e+03
-2.985999999999999943e+01 -7.332999999999999829e+01 -1.170970000000000027e+03
-2.974000000000000199e+01 -7.337000000000000455e+01 -1.169470000000000027e+03
-2.966000000000000014e+01 -7.340000000000000568e+01 -1.168460000000000036e+03
-2.962000000000000099e+01 -7.343000000000000682e+01 -1.166980000000000018e+03
-2.958999999999999986e+01 -7.345000000000000284e+01 -1.165990000000000009e+03
-2.946999999999999886e+01 -7.348999999999999488e+01 -1.164460000000000036e+03
-2.939000000000000057e+01 -7.351999999999999602e+01 -1.162970000000000027e+03
-2.937000000000000099e+01 -7.354000000000000625e+01 -1.161970000000000027e+03
-2.928999999999999915e+01 -7.357999999999999829e+01 -1.160490000000000009e+03
-2.919000000000000128e+01 -7.360999999999999943e+01 -1.158970000000000027e+03
-2.914000000000000057e+01 -7.362999999999999545e+01 -1.157940000000000055e+03
-2.907000000000000028e+01 -7.367000000000000171e+01 -1.156480000000000018e+03
-2.896000000000000085e+01 -7.370000000000000284e+01 -1.154950000000000045e+03
-2.894999999999999929e+01 -7.371999999999999886e+01 -1.153960000000000036e+03
-2.885000000000000142e+01 -7.375000000000000000e+01 -1.152470000000000027e+03
-2.883000000000000185e+01 -7.376000000000000512e+01 -1.151500000000000000e+03
-2.881000000000000227e+01 -7.379000000000000625e+01 -1.149990000000000009e+03
-2.866000000000000014e+01 -7.381000000000000227e+01 -1.148960000000000036e+03
-2.862999999999999901e+01 -7.384000000000000341e+01 -1.147480000000000018e+03
-2.860000000000000142e+01 -7.385999999999999943e+01 -1.146480000000000018e+03
-2.851999999999999957e+01 -7.389000000000000057e+01 -1.145000000000000000e+03
-2.848000000000000043e+01 -7.390999999999999659e+01 -1.143980000000000018e+03
-2.842000000000000171e+01 -7.393999999999999773e+01 -1.142480000000000018e+03
-2.833999999999999986e+01 -7.396000000000000796e+01 -1.141470000000000027e+03
-2.830000000000000071e+01 -7.400000000000000000e+01 -1.140019999999999982e+03
-2.819000000000000128e+01 -7.403000000000000114e+01 -1.138529999999999973e+03
-2.810999999999999943e+01 -7.406000000000000227e+01 -1.137519999999999982e+03
-2.806000000000000227e+01 -7.409000000000000341e+01 -1.136009999999999991e+03
-2.803000000000000114e+01 -7.410999999999999943e+01 -1.135000000000000000e+03
-2.789000000000000057e+01 -7.415000000000000568e+01 -1.133509999999999991e+03
-2.782000000000000028e+01 -7.418000000000000682e+01 -1.131990000000000009e+03
-2.778999999999999915e+01 -7.420000000000000284e+01 -1.131000000000000000e+03
-2.767999999999999972e+01 -7.423999999999999488e+01 -1.129500000000000000e+03
-2.764000000000000057e+01 -7.426000000000000512e+01 -1.128490000000000009e+03
-2.750000000000000000e+01 -7.429000000000000625e+01 -1.126990000000000009e+03
-2.746999999999999886e+01 -7.431000000000000227e+01 -1.125509999999999991e+03
-2.746000000000000085e+01 -7.432999999999999829e+01 -1.124500000000000000e+03
-2.733000000000000185e+01 -7.435999999999999943e+01 -1.123059999999999945e+03
-2.735999999999999943e+01 -7.435000000000000853e+01 -1.123700000000000045e+03
-2.740000000000000213e+01 -7.432999999999999829e+01 -1.124710000000000036e+03
-2.741000000000000014e+01 -7.431000000000000227e+01 -1.126200000000000045e+03
-2.753999999999999915e+01 -7.429000000000000625e+01 -1.127230000000000018e+03
-2.764000000000000057e+01 -7.426000000000000512e+01 -1.128730000000000018e+03
-2.765000000000000213e+01 -7.423999999999999488e+01 -1.129720000000000027e+03
-2.776999999999999957e+01 -7.421000000000000796e+01 -1.131210000000000036e+03
-2.780000000000000071e+01 -7.418999999999999773e+01 -1.132200000000000045e+03
-2.787999999999999901e+01 -7.415000000000000568e+01 -1.133750000000000000e+03
-2.803000000000000114e+01 -7.412000000000000455e+01 -1.135220000000000027e+03
-2.803000000000000114e+01 -7.409000000000000341e+01 -1.136220000000000027e+03
-2.812000000000000099e+01 -7.406000000000000227e+01 -1.137730000000000018e+03
-2.819999999999999929e+01 -7.404000000000000625e+01 -1.138710000000000036e+03
-2.828999999999999915e+01 -7.400000000000000000e+01 -1.140220000000000027e+03
-2.831000000000000227e+01 -7.398000000000000398e+01 -1.141230000000000018e+03
-2.841000000000000014e+01 -7.393999999999999773e+01 -1.142710000000000036e+03
-2.840000000000000213e+01 -7.392000000000000171e+01 -1.143700000000000045e+03
-2.853000000000000114e+01 -7.389000000000000057e+01 -1.145220000000000027e+03
-2.858999999999999986e+01 -7.385999999999999943e+01 -1.146710000000000036e+03
-2.858000000000000185e+01 -7.384000000000000341e+01 -1.147700000000000045e+03
-2.869999999999999929e+01 -7.381000000000000227e+01 -1.149200000000000045e+03
-2.880000000000000071e+01 -7.379000000000000625e+01 -1.150180000000000064e+03
-2.878999999999999915e+01 -7.376000000000000512e+01 -1.151700000000000045e+03
-2.883000000000000185e+01 -7.373000000000000398e+01 -1.153160000000000082e+03
-2.891000000000000014e+01 -7.371999999999999886e+01 -1.154190000000000055e+03
-2.899000000000000199e+01 -7.370000000000000284e+01 -1.155720000000000027e+03
-2.906000000000000227e+01 -7.365999999999999659e+01 -1.157190000000000055e+03
-2.914000000000000057e+01 -7.364000000000000057e+01 -1.158150000000000091e+03
-2.917999999999999972e+01 -7.360000000000000853e+01 -1.159680000000000064e+03
-2.928999999999999915e+01 -7.357999999999999829e+01 -1.160670000000000073e+03
-2.933000000000000185e+01 -7.354000000000000625e+01 -1.162170000000000073e+03
-2.937999999999999901e+01 -7.351999999999999602e+01 -1.163700000000000045e+03
-2.948000000000000043e+01 -7.348999999999999488e+01 -1.164700000000000045e+03
-2.958000000000000185e+01 -7.345000000000000284e+01 -1.166170000000000073e+03
-2.958000000000000185e+01 -7.343000000000000682e+01 -1.167170000000000073e+03
-2.967999999999999972e+01 -7.340000000000000568e+01 -1.168680000000000064e+03
-2.976999999999999957e+01 -7.337000000000000455e+01 -1.169700000000000045e+03
-2.978999999999999915e+01 -7.332999999999999829e+01 -1.171170000000000073e+03
-2.983999999999999986e+01 -7.331000000000000227e+01 -1.172079999999999927e+03
-2.987999999999999901e+01 -7.332999999999999829e+01 -1.171490000000000009e+03
-2.978999999999999915e+01 -7.335000000000000853e+01 -1.169950000000000045e+03
-2.969000000000000128e+01 -7.337999999999999545e+01 -1.168980000000000018e+03
-2.965000000000000213e+01 -7.342000000000000171e+01 -1.167470000000000027e+03
-2.962999999999999901e+01 -7.343999999999999773e+01 -1.166480000000000018e+03
-2.950000000000000000e+01 -7.346999999999999886e+01 -1.164980000000000018e+03
-2.942000000000000171e+01 -7.351000000000000512e+01 -1.163460000000000036e+03
-2.942000000000000171e+01 -7.353000000000000114e+01 -1.162490000000000009e+03
-2.931000000000000227e+01 -7.357000000000000739e+01 -1.161000000000000000e+03
-2.921000000000000085e+01 -7.359000000000000341e+01 -1.160000000000000000e+03
-2.919999999999999929e+01 -7.362999999999999545e+01 -1.158470000000000027e+03
-2.907000000000000028e+01 -7.365999999999999659e+01 -1.156980000000000018e+03
-2.901999999999999957e+01 -7.368000000000000682e+01 -1.156000000000000000e+03
-2.901000000000000156e+01 -7.371000000000000796e+01 -1.154470000000000027e+03
-2.885000000000000142e+01 -7.373000000000000398e+01 -1.152950000000000045e+03
-2.883000000000000185e+01 -7.376000000000000512e+01 -1.151970000000000027e+03
-2.883999999999999986e+01 -7.378000000000000114e+01 -1.150500000000000000e+03
-2.871999999999999886e+01 -7.379999999999999716e+01 -1.149500000000000000e+03
-2.864000000000000057e+01 -7.382999999999999829e+01 -1.147990000000000009e+03
-2.862000000000000099e+01 -7.385000000000000853e+01 -1.147000000000000000e+03
-2.853000000000000114e+01 -7.389000000000000057e+01 -1.145509999999999991e+03
-2.848000000000000043e+01 -7.390999999999999659e+01 -1.144000000000000000e+03
-2.846999999999999886e+01 -7.393000000000000682e+01 -1.142990000000000009e+03
-2.835999999999999943e+01 -7.396999999999999886e+01 -1.141519999999999982e+03
-2.830000000000000071e+01 -7.400000000000000000e+01 -1.140000000000000000e+03
-2.824000000000000199e+01 -7.401999999999999602e+01 -1.139029999999999973e+03
-2.812000000000000099e+01 -7.406000000000000227e+01 -1.137539999999999964e+03
-2.807000000000000028e+01 -7.409000000000000341e+01 -1.136019999999999982e+03
-2.803999999999999915e+01 -7.410999999999999943e+01 -1.135009999999999991e+03
-2.789000000000000057e+01 -7.415000000000000568e+01 -1.133509999999999991e+03
-2.783999999999999986e+01 -7.417000000000000171e+01 -1.132509999999999991e+03
-2.778000000000000114e+01 -7.420000000000000284e+01 -1.131019999999999982e+03
-2.771999999999999886e+01 -7.423000000000000398e+01 -1.130019999999999982e+03
-2.764000000000000057e+01 -7.426000000000000512e+01 -1.128509999999999991e+03
-2.751000000000000156e+01 -7.429000000000000625e+01 -1.127009999999999991e+03
-2.746000000000000085e+01 -7.431000000000000227e+01 -1.126009999999999991e+03
-2.744999999999999929e+01 -7.432999999999999829e+01 -1.124509999999999991e+03
-2.733999999999999986e+01 -7.435999999999999943e+01 -1.123100000000000136e+03
-2.723000000000000043e+01 -7.435999999999999943e+01 -1.123140000000000100e+03
-2.739000000000000057e+01 -7.432999999999999829e+01 -1.124720000000000027e+03
-2.742999999999999972e+01 -7.431000000000000227e+01 -1.125710000000000036e+03
-2.753000000000000114e+01 -7.429000000000000625e+01 -1.127200000000000045e+03
-2.764000000000000057e+01 -7.426000000000000512e+01 -1.128710000000000036e+03
-2.764000000000000057e+01 -7.423999999999999488e+01 -1.129730000000000018e+03
-2.778000000000000114e+01 -7.421000000000000796e+01 -1.131210000000000036e+03
-2.778999999999999915e+01 -7.418999999999999773e+01 -1.132220000000000027e+03
-2.789000000000000057e+01 -7.415000000000000568e+01 -1.133730000000000018e+03
-2.801999999999999957e+01 -7.412999999999999545e+01 -1.134720000000000027e+03
-2.803999999999999915e+01 -7.409000000000000341e+01 -1.136220000000000027e+03
-2.810999999999999943e+01 -7.406000000000000227e+01 -1.137740000000000009e+03
-2.821000000000000085e+01 -7.404000000000000625e+01 -1.138730000000000018e+03
-2.828999999999999915e+01 -7.400000000000000000e+01 -1.140240000000000009e+03
-2.832000000000000028e+01 -7.398000000000000398e+01 -1.141210000000000036e+03
-2.842000000000000171e+01 -7.393999999999999773e+01 -1.142730000000000018e+03
-2.844000000000000128e+01 -7.392000000000000171e+01 -1.144220000000000027e+03
-2.853000000000000114e+01 -7.387999999999999545e+01 -1.145210000000000036e+03
-2.857000000000000028e+01 -7.385000000000000853e+01 -1.146700000000000045e+03
-2.860000000000000142e+01 -7.382999999999999829e+01 -1.148200000000000045e+03
-2.869000000000000128e+01 -7.379999999999999716e+01 -1.149180000000000064e+03
-2.880000000000000071e+01 -7.378000000000000114e+01 -1.150680000000000064e+03
-2.880000000000000071e+01 -7.376000000000000512e+01 -1.151700000000000045e+03
-2.883999999999999986e+01 -7.373000000000000398e+01 -1.153170000000000073e+03
-2.891000000000000014e+01 -7.371000000000000796e+01 -1.154150000000000091e+03
-2.898000000000000043e+01 -7.368999999999999773e+01 -1.155680000000000064e+03
-2.903999999999999915e+01 -7.367000000000000171e+01 -1.156680000000000064e+03
-2.912999999999999901e+01 -7.364000000000000057e+01 -1.158180000000000064e+03
-2.919999999999999929e+01 -7.360999999999999943e+01 -1.159700000000000045e+03
-2.928999999999999915e+01 -7.357999999999999829e+01 -1.160680000000000064e+03
-2.933000000000000185e+01 -7.354999999999999716e+01 -1.162190000000000055e+03
-2.937000000000000099e+01 -7.353000000000000114e+01 -1.163190000000000055e+03
-2.948000000000000043e+01 -7.348999999999999488e+01 -1.164690000000000055e+03
-2.957000000000000028e+01 -7.346000000000000796e+01 -1.165680000000000064e+03
-2.958000000000000185e+01 -7.343000000000000682e+01 -1.167180000000000064e+03
-2.967000000000000171e+01 -7.339000000000000057e+01 -1.168660000000000082e+03
-2.976000000000000156e+01 -7.335999999999999943e+01 -1.169680000000000064e+03
-2.978999999999999915e+01 -7.334000000000000341e+01 -1.171170000000000073e+03
-2.985000000000000142e+01 -7.331000000000000227e+01 -1.172450000000000045e+03
